640 7
187 360
31 988
414 19	
285 241
339 862
402 481
385 868
551 192
693 28
169 890
677 361
284 215
990 472
408 504
146 226
748 220
473 855
815 339
936 398
442 394
816 803
152 598
708 364
138 940
903 51
273 76
200 978
47 416
400 173
589 232
394 733
583 616
90 118
86 652
427 284
316 929
570 135
988 118
718 904
793 543
429 98
641 570
316 831
374 895
198 582
104 575
220 710
338 134
119 823
777 315
537 518
211 400
225 752
573 488
556 486
519 268
514 687
468 883
580 876
150 952
885 893
96 419
63 949
600 745
257 163
297 476
519 555
633 184
570 440
741 788
918 703
910 455
321 687
335 292
947 816
722 594
535 556
516 729
196 979
72 16
452 178
521 296
344 448
454 308
80 116
59 112
509 575
973 294
908 530
878 45
60 824
445 477
540 578
873 220
515 898
769 229
154 913
114 86
900 556
275 392
768 546
95 333
238 529
318 941
793 603
760 726
18 785
545 508
706 989
995 243
644 68
847 414
50 571
843 483
550 956
149 288
977 368
485 931
508 974
70 285
214 316
610 322
105 91
698 619
291 842
524 232
890 720
959 917
840 753
678 551
652 17
36 979
722 181
756 777
977 671
936 879
67 865
59 745
422 755
807 310
395 575
164 396
17 578
67 747
726 765
69 227
372 893
893 966
885 667
135 687
622 834
620 571
213 299
192 762
925 553
583 541
474 7
667 657
857 45
589 607
229 876
582 933
423 456
832 10
711 615
633 348
789 343
87 850
956 151
976 48
585 901
84 206
885 595
765 512
885 715
473 678
469 984
763 974
405 941
961 773
235 578
469 96
735 962
704 677
109 268
600 168
737 949
666 227
870 190
269 681
315 998
65 788
645 183
914 291
161 655
59 775
939 404
344 316
809 60
556 258
252 889
416 936
541 449
334 733
411 280
904 607
960 621
446 828
520 9
620 15
957 531
27 634
36 412
91 219
486 559
852 865
87 85
328 219
847 97
919 200
228 363
56 237
539 33
321 749
839 68
268 108
918 893
370 658
96 994
711 45
982 730
819 412
952 237
359 505
839 873
550 683
800 532
438 138
247 976
752 48
18 834
896 23
643 677
489 470
74 255
238 808
454 557
790 801
70 349
343 811
798 70
761 14
848 802
651 500
805 201
416 791
432 652
971 44
234 90
666 578
763 147
364 705
382 43
173 42
439 171
547 744
755 143
633 690
959 368
771 445
113 315
85 173
492 348
81 861
198 528
572 910
719 869
590 376
324 530
442 663
614 837
392 975
254 300
692 161
934 340
627 819
381 968
719 479
89 92
542 658
240 69
928 359
142 344
97 360
829 981
916 661
705 770
981 205
924 426
406 763
317 367
619 79
56 480
233 29
553 452
194 894
155 72
19 320
633 857
205 741
159 376
914 838
855 479
31 175
708 488
969 329
246 80
414 318
401 35
114 754
729 142
909 110
720 656
199 485
562 387
986 966
980 229
696 583
332 735
260 730
599 890
116 295
244 453
871 462
83 86
776 954
327 268
437 712
292 530
725 968
38 246
439 268
102 573
72 631
755 209
801 322
263 116
882 320
334 638
444 23
117 778
776 610
503 736
399 99
692 534
938 955
267 355
397 351
827 558
820 821
181 440
753 870
548 269
666 783
84 360
165 196
517 637
304 83
79 160
568 798
384 228
270 769
568 18
777 759
560 484
368 95
914 355
767 853
347 714
585 45
33 603
502 512
581 145
340 221
838 640
724 43
851 936
745 157
248 601
954 803
70 118
329 951
541 389
836 409
48 501
827 745
373 114
691 21
732 953
578 565
19 475
419 962
92 886
420 21
468 710
942 498
21 825
987 693
149 56
825 395
882 49
264 890
705 409
842 587
764 271
239 465
553 540
562 458
187 374
409 578
848 20
792 450
382 637
893 2
466 588
399 696
440 919
107 24
375 294
553 64
217 24
284 947
728 628
536 268
107 668
742 552
420 516
95 286
738 550
374 802
27 308
322 185
878 474
342 491
584 28
858 752
146 874
675 194
775 507
155 928
429 927
948 903
315 207
688 421
471 131
903 866
511 903
287 738
991 608
419 448
418 613
301 164
119 209
55 631
276 527
954 884
411 764
832 78
817 386
106 792
116 224
831 858
625 963
120 59
736 148
840 875
324 268
680 947
647 631
881 960
274 502
181 876
353 875
845 491
802 840
18 622
865 478
410 560
262 561
41 485
387 41
369 400
78 698
749 461
152 173
549 291
454 826
842 350
211 210
952 318
554 760
992 976
862 190
219 15
616 789
223 947
496 293
942 430
939 939
134 803
684 600
59 149
414 452
219 409
743 758
15 421
591 778
135 298
495 654
688 22
527 689
526 482
88 71
92 226
996 613
959 204
290 124
804 600
431 618
458 766
750 641
725 143
561 800
981 432
731 773
941 45
792 68
534 987
863 430
749 761
47 11
293 173
906 620
882 723
529 711
609 973
13 15
656 60
616 354
92 211
282 585
376 404
58 534
722 311
489 446
849 295
868 893
595 507
666 205
54 71
187 264
659 70
738 665
526 328
323 747
38 619
379 421
670 20
738 227
369 209
602 205
401 703
920 101
532 410
747 984
866 545
675 113
564 595
685 243
905 277
888 500
466 867
837 502
962 441
595 90
530 29
293 218
914 135
415 235
468 978
491 427
404 589
639 898
205 800
191 735
406 240
846 879
564 701
357 727
19 219
74 409
479 313
487 583
49 204
801 619
939 163
974 708
379 825
376 783
640 372
369 821
520 882
125 636
815 457
757 732
602 554
222 902
180 915
560 707
760 486
137 405
32 152
369 228
17 262
625 86
89 689
145 199
701 368
372 818
564 116
521 461
191 759
459 37
699 537
805 107
966 846
702 886
292 863
999 515
764 256
