50 50
0 30 -999 -999 85 -999 -5 19 -999 6 33 87 -11 93 -81 -99 64 97 -92 71 57 -999 -86 1 -26 34 92 -19 10 13 67 89 24 86 -44 4 -72 -999 -99 -63 -999 0 -29 -999 -40 2 -83 -999 60 -999
42 56 -46 -100 7 -94 16 46 -78 -62 35 -78 -40 68 84 12 -999 17 79 -17 -87 -34 -999 -999 -67 -39 -8 -999 2 10 -4 -999 -999 -999 -95 -999 58 59 96 -4 -999 -999 69 -999 -999 -999 38 -999 20 -50
-999 57 -999 -71 -999 6 -999 -999 -999 -17 70 -76 -999 -61 -999 -96 -999 -76 -44 -999 -999 -999 -96 -100 -17 3 -75 37 -999 -6 -90 -22 -7 -45 -999 -22 65 92 -100 -999 -70 95 -6 -999 -74 -999 -52 -999 94 84
-26 -999 -42 -87 -97 17 -999 -71 -15 52 -7 74 -999 -80 -40 -999 70 -61 1 15 5 -47 -999 72 -90 17 -56 -999 -99 56 -45 45 20 -2 -96 -90 16 -999 -46 41 -36 -999 -63 -9 -999 -24 -999 -40 -62 -28
-79 -56 25 -999 -999 83 -999 95 -999 -999 -82 65 73 -32 82 -40 40 -13 -999 83 -41 22 -70 84 -55 -27 -37 -45 -68 -999 77 78 10 -50 79 9 18 -90 -999 -89 77 -7 58 49 24 59 -20 -28 -55 -96
-51 -69 -999 7 -10 -999 -21 -61 -2 94 65 91 -7 99 -54 -999 -6 -84 -98 -999 -999 -52 72 -1 54 10 17 -999 -39 -45 -44 -999 64 -73 -999 -91 -85 -999 -26 31 -28 -999 -999 -999 26 -29 -999 -72 7 82
-999 92 -999 29 -45 -100 -1 22 87 38 -77 19 -999 -25 -32 -999 6 -23 -24 -3 69 -999 82 -999 54 83 -61 92 -999 -24 -49 -86 -32 15 -3 -7 -71 82 58 -61 89 80 -999 -53 50 -82 -84 -999 -999 -45
-999 -999 -999 -999 34 -6 -999 24 14 86 -999 -6 -60 -68 100 -93 10 49 -52 86 -55 10 -12 28 75 84 -19 -71 -10 65 34 82 59 -91 65 -80 -999 9 55 -4 32 -999 -18 -999 -999 72 28 -92 70 -999
33 31 -999 54 -999 -999 16 94 -91 47 48 95 0 31 21 100 -95 -46 35 -95 -77 -77 56 -999 -31 -48 -33 70 -47 4 -53 -17 -999 80 -63 -46 83 -77 -11 -52 -999 -50 -68 50 -7 -999 -10 90 12 -73
-91 -60 5 30 -999 -10 23 -23 13 -999 -14 79 74 7 -17 64 -999 -999 70 -81 -999 -84 -999 42 43 -60 72 -87 -49 -33 -20 -95 -46 64 -54 95 -56 91 -3 26 -999 -27 -2 -53 26 -999 -8 -17 -42 -999
-14 4 11 -69 4 -47 39 -999 32 0 9 35 -21 46 -999 -999 80 -999 -3 -68 -86 -999 16 -96 -61 -80 -91 50 4 50 -41 -11 17 -81 -63 -34 -20 14 -999 -999 -999 -42 -5 -999 83 -69 -33 -14 36 -999
50 14 11 -74 -71 63 -27 84 -999 -83 -999 14 45 -3 44 -51 -999 34 -999 -34 -93 5 -36 89 -39 -95 -999 48 10 -15 -46 -999 -11 -53 -19 83 -22 -999 -52 -999 -999 23 26 9 7 -999 -2 -38 75 -35
7 18 79 90 -999 -35 -999 -999 0 96 -61 -75 -999 77 -999 25 -999 -999 -60 -50 -999 95 -78 74 -1 15 1 72 -999 -70 35 -29 91 70 50 -68 -36 8 -999 -999 -64 -999 -38 -28 -20 -55 50 -63 -10 58
-999 48 9 -999 44 -71 -999 64 -77 -67 -999 -90 -999 -999 -75 -999 97 61 -83 76 47 80 -90 11 -999 -8 -62 -999 70 -999 7 12 -47 -28 0 15 -11 89 0 91 -72 -66 -75 44 61 -999 70 -75 40 -69
3 45 17 -2 -61 -61 -71 35 -999 -999 -999 -13 -90 84 -999 -79 -28 -56 -22 14 0 -98 72 -47 -999 -999 -6 -999 -999 -51 87 -41 83 50 4 36 83 53 82 17 70 -999 -999 60 -999 -61 -18 -56 -999 -91
-999 -96 -57 38 57 57 -999 -66 43 60 2 57 -51 -85 -55 -31 -86 -75 28 29 -999 20 -5 -42 -37 16 -999 1 98 36 -999 -60 82 -999 -999 -56 80 31 -22 -39 -40 -51 10 29 31 27 19 -999 -22 -999
-7 -71 9 -999 -999 -3 73 -46 88 -73 -999 32 4 -18 84 -999 -999 -999 -20 -56 -999 -91 -999 -93 4 -46 58 -47 14 15 -72 -999 48 -999 -64 -68 -999 -999 -85 -999 62 6 -12 -66 -48 65 -999 63 39 -37
79 -999 -999 94 -4 31 -999 -41 -91 -73 -21 -46 -999 85 21 77 56 17 -90 -100 28 -999 -60 81 -999 27 -999 -999 5 -40 -1 -63 3 -1 -999 9 -34 -46 -999 20 -999 -82 37 -50 48 88 -43 -90 -999 45
26 -23 -42 -92 56 -999 -1 83 -37 43 66 -40 37 98 -21 45 -999 -93 -7 78 -999 0 33 78 -999 -70 -999 65 -3 -999 -28 -999 -999 -10 -28 -999 9 79 -999 -999 -52 -999 65 50 -999 -53 -22 -3 -999 -999
32 -999 -62 32 -52 -82 54 37 -999 74 -2 -999 41 -5 -46 -999 88 -999 -97 -88 -54 -999 40 -999 -999 -3 89 87 -16 -5 -30 -53 11 -63 41 65 -38 23 9 29 79 -999 80 -44 23 38 42 9 11 95
-999 79 -999 15 -999 -94 -1 73 7 -79 83 -93 52 59 66 -15 -94 -33 84 -999 19 -57 25 -6 32 40 -75 -71 -65 51 -72 22 28 67 93 93 -999 -45 -999 -99 -10 -999 58 -999 -25 19 92 83 59 42
18 -75 -81 62 -999 -999 -999 100 12 43 -999 92 -23 9 -90 -29 -55 -62 79 90 -999 -999 12 -94 90 79 59 20 -94 86 50 -94 -999 89 -51 -58 -41 85 -999 50 50 22 51 -87 89 45 -37 79 44 6
-61 30 -999 -999 -83 -54 -100 -999 -47 3 -90 -58 -96 -91 -82 -20 55 64 -99 -95 -79 -999 -999 -72 -999 19 -74 -17 -999 62 -3 81 -66 63 -999 -1 10 19 42 16 -999 -37 90 88 -20 -999 99 -86 -999 -999
81 -90 6 46 -16 32 42 82 -58 -47 19 -56 -999 13 -999 -999 -999 72 -70 -58 90 -999 -999 -87 -57 -999 34 -6 69 -999 12 -999 -57 -3 57 25 -999 -87 94 73 -50 58 -999 -95 77 41 2 -28 -58 -45
-999 -35 -46 -35 -999 -20 -999 -82 85 37 -999 44 80 -999 39 68 -999 -999 -29 -60 -16 52 -66 -999 -999 -14 65 -999 -72 -66 -999 -47 53 -99 59 1 -46 47 -92 -999 -3 -999 19 95 69 36 -16 -17 -94 -12
-63 -94 51 -70 -999 66 -999 -62 66 -59 94 -999 30 90 21 1 21 57 95 -999 -999 -25 -9 12 79 -55 87 -999 -40 88 -57 -999 -44 32 18 -999 -40 -999 -999 -999 -91 -67 -8 -999 -75 -73 55 -90 -7 -14
-49 -49 -999 -999 -69 -82 -999 -999 -89 27 44 -38 6 -999 -93 51 -6 -75 -55 1 34 97 -999 -36 34 -999 -44 32 -14 -62 -999 -999 -999 -83 84 -82 -16 -44 91 -14 30 24 -999 -55 36 -74 4 -43 -95 -999
39 -999 87 -96 -13 -67 -88 -999 -999 52 42 89 -26 61 45 -999 -68 -999 -40 -14 67 -34 33 -999 -999 -999 -48 43 -22 -21 71 -18 94 59 -999 -79 -53 -999 5 -21 22 -49 -11 42 -63 34 89 -59 53 11
-40 -999 -25 -999 -84 -92 88 -33 -999 -46 67 -84 -64 40 -999 -83 -80 -98 -39 -40 -95 17 -999 71 -27 -96 72 -999 -999 86 -999 -59 -43 72 37 -999 -38 54 27 43 21 -18 95 77 -98 -999 -66 55 75 -999
-999 -999 -54 -50 -74 30 38 -999 -999 -37 73 -999 -42 -6 84 -999 -17 87 -17 -25 91 -999 42 49 69 -18 40 33 95 -999 -42 -4 89 -60 26 -999 -999 -67 33 -999 79 -74 -999 72 -30 -999 -999 72 75 -48
-33 -43 -24 -999 82 -89 4 -85 -82 -75 -17 95 -97 -80 -999 -12 -63 41 87 -18 54 -74 -84 -52 -999 -999 72 -24 -92 61 -90 -55 -12 -60 -999 14 -999 -44 11 -46 -56 66 -51 -46 -999 55 -42 -999 -88 25
-51 4 7 -999 86 -38 63 -999 -94 -41 -2 -11 -91 -12 -82 -999 -31 -999 -999 18 -999 -63 60 41 -42 45 -48 -23 -2 19 -3 -999 -999 -999 -999 87 -49 -88 1 -73 -999 -41 4 63 -77 50 -66 -27 53 -54
57 -38 -96 -62 18 -100 40 -60 61 28 75 -999 -45 -27 66 -52 -999 -35 -2 -999 16 -19 58 49 -48 14 -999 -999 18 -84 -80 49 -1 -95 -999 52 62 -999 -999 5 -999 -31 -57 -1 -97 -999 80 70 -26 -999
-81 65 99 -41 -999 32 -999 94 39 -999 -86 -76 -999 -97 -36 -88 -86 -71 82 -999 -100 -999 -37 11 -999 74 -999 -72 75 -10 -87 -999 70 69 88 -99 -999 -100 65 86 19 -999 8 -999 62 -999 -8 89 71 -999
-65 -76 -89 -26 0 -53 -999 9 37 -24 -42 -35 28 -5 -999 82 95 -999 -999 -999 69 91 7 -89 48 -999 -82 -51 -76 -57 -92 58 -999 8 41 82 -41 24 -74 86 30 -19 -60 -78 56 49 -74 30 9 -38
-999 0 43 61 -999 -49 58 -999 41 -71 81 -46 -22 -92 -2 -34 -10 29 43 -18 -39 -57 72 -69 -98 -58 40 50 -78 33 11 -65 -8 53 -36 -50 94 -45 -86 -999 28 93 16 -84 46 -98 44 32 46 -43
21 28 -85 -999 94 94 -999 -47 80 -20 77 -999 -97 28 62 -65 -53 -999 -17 -999 34 89 -52 -11 -999 -52 -999 -999 -11 -14 -2 3 -49 31 -72 -9 37 -999 56 -87 -999 -14 69 8 -999 58 -99 -19 60 -999
-15 -61 -999 23 -999 10 53 -51 90 50 7 -34 -65 72 -999 50 36 4 -999 38 95 -14 76 72 20 -999 -24 -999 20 77 45 -999 -999 76 99 -34 -63 -999 91 -15 -999 -999 88 -40 -91 71 -77 -55 13 -48
11 -999 -999 74 36 -72 -999 54 -85 -72 -97 -999 -44 -31 -999 50 94 -23 -8 -2 64 -84 92 -999 -53 12 67 -11 -999 -999 35 -15 69 -10 -46 -67 -999 -2 -38 24 -25 -86 74 -999 -28 -999 -28 75 -95 -74
81 -999 -89 -2 -59 35 -50 53 -92 -64 27 51 9 -71 48 27 -54 -31 27 -999 -5 -30 -98 36 99 53 73 -55 40 30 -68 -999 -15 3 99 -50 -50 -999 -999 -75 -81 -999 25 80 -999 13 -72 11 -23 71
-93 -80 16 77 -20 -84 47 -999 -999 -27 -68 32 -88 -999 -22 -84 22 50 -43 -60 -999 25 38 -999 41 -999 -16 -37 -999 9 -38 -999 -95 85 47 93 1 -48 9 -54 -89 -999 -999 73 -56 -90 -65 -46 -28 -40
89 37 -15 -100 53 18 -40 -91 -74 -98 57 -1 52 -29 -46 -31 12 77 -999 -64 45 -999 -2 64 -13 -999 58 36 -21 15 54 11 -10 12 -999 61 -69 -999 57 -69 43 40 0 -9 -999 53 92 -81 -54 11
33 82 -33 3 -59 78 28 55 49 6 -999 53 -999 55 41 39 -89 -999 15 13 -45 -19 -16 -24 -6 42 -28 100 7 -91 -999 41 -999 39 -20 -2 -999 -999 9 -999 -999 -54 -5 82 0 -49 89 38 -999 -36
-33 31 12 -82 -999 70 -26 -64 12 74 -999 97 -999 5 -88 -999 -59 -60 94 24 -95 34 78 31 -36 -6 -84 9 -999 100 62 -999 -100 -999 -95 -999 51 -45 8 23 36 64 62 -999 -34 62 91 -54 -999 -999
-999 -59 52 -71 80 -26 -70 42 -65 -999 -90 -54 -67 7 83 -999 58 -10 87 -71 -999 -91 98 47 -80 -64 -15 -6 -999 -999 -27 62 -65 43 84 51 -75 -49 -28 -56 -1 -37 20 -999 -999 -10 -24 98 -18 -999
1 -60 -999 -59 -100 89 -21 -999 -99 17 -77 -999 63 12 72 -11 -53 -13 -999 -999 -45 -46 -2 1 -999 -999 -999 57 32 -1 81 -72 -91 -86 51 -23 43 -86 -22 -999 19 -999 32 20 79 71 -70 82 -30 50
90 -28 -40 -15 87 -999 -999 61 -999 -34 76 -999 -95 -999 -55 52 -71 -20 100 -93 -999 -42 -93 19 -82 67 79 96 100 -49 35 -17 39 28 -999 -999 70 -44 -84 -999 73 85 -93 -999 26 -999 79 82 -58 -999
33 -71 -94 -22 -999 87 36 68 -66 -64 56 -999 5 20 -63 100 -14 -20 -37 -999 -999 -68 -999 -999 -44 -27 55 -89 32 29 -999 16 82 31 -999 50 42 -999 -999 -13 9 -39 -47 56 -19 -80 -999 -31 22 -999
-999 -97 22 -999 91 -70 55 -85 19 9 -999 -24 -14 -90 -15 -2 3 43 -67 -999 -14 -67 -10 32 -71 -19 39 -999 42 57 33 -999 80 -97 -11 -999 -999 80 100 -5 -91 -70 -999 62 -999 23 65 51 -68 -3
67 85 -35 -999 95 -33 -999 -75 -20 -46 93 -999 20 -36 47 0 -9 -999 49 -999 90 -99 65 -10 13 -24 -61 23 -66 43 70 1 -70 -67 -29 -999 -999 4 -9 69 -999 -999 7 8 100 27 78 -999 87 0
