50 50
0 33 52 -23 53 61 -78 94 -67 -999 46 -55 15 -60 45 48 -86 -5 -100 11 -999 47 91 -999 83 75 43 -75 36 9 -72 -94 91 -34 -22 -999 68 11 84 -49 30 -999 91 -62 66 65 17 -58 -27 -86
60 75 67 82 -999 -48 65 -57 83 4 74 92 49 -49 -59 -25 -45 42 -999 -99 -41 -93 -37 -24 -999 -999 49 50 67 23 29 25 -999 -999 -25 -36 6 21 -57 51 54 3 -999 -37 -68 -999 9 36 91 -3
98 -40 -60 39 34 65 -7 37 -999 6 -999 -999 -54 -10 4 51 87 -77 -999 28 13 -89 -13 11 32 92 34 -54 -15 -77 -30 -80 -37 -76 -999 -89 88 -84 -999 -999 58 -80 -49 -6 -2 -999 -2 2 69 -43
-999 -18 -2 34 -80 -999 51 73 79 -999 90 -60 -63 -20 1 -999 16 -999 -61 -999 -96 -999 -999 -28 -96 -999 -55 -999 -86 -999 -7 71 -7 98 -57 -23 -41 -18 -75 38 -71 -83 25 70 -1 -50 -999 98 7 -94
-999 50 45 17 -17 76 11 -999 -65 41 -60 51 -25 -40 13 75 18 41 90 74 -999 -13 84 -68 5 62 -999 -77 -61 38 36 -55 82 80 -999 -999 0 -999 -68 48 -77 88 -999 -23 1 90 -15 -999 -10 98
-999 -50 -91 -23 63 -999 -94 -999 39 -999 -999 25 -17 -1 -63 48 5 20 -50 -999 -72 -999 -40 68 -44 -87 28 33 -999 -49 -73 -3 41 24 -999 -999 -84 29 -999 -8 23 -999 66 -999 -91 43 -999 -999 -18 -999
-999 -50 -53 -999 27 52 -999 73 -68 -999 97 -999 69 -54 -40 -48 74 59 -36 43 -36 -36 49 -999 -69 -999 97 4 87 -91 29 61 -62 -12 85 77 -999 20 49 84 55 -97 -18 46 -28 -999 -52 -36 -999 -56
70 -74 -20 -52 44 -79 43 -80 -3 -69 61 43 32 -15 14 -17 -999 -999 29 36 -1 46 -88 5 51 -93 79 -999 -5 79 -65 80 -999 80 27 -71 -73 -74 -6 -16 9 -35 -999 -75 -99 44 7 7 -69 -60
-999 19 -999 -23 -85 92 -20 -30 39 12 -26 -999 -999 82 -73 -77 -999 33 57 -2 18 44 -7 -999 51 -61 92 -66 -999 -15 74 -46 -999 -80 28 6 -66 -999 -41 -28 -999 -53 -23 1 41 -999 -999 -70 -33 -17
-53 79 -52 -999 4 14 -999 57 63 14 -31 -18 48 -999 -35 -999 -3 -999 -46 -93 16 89 61 -999 -999 -67 85 -17 -999 -999 74 -54 -50 -999 4 -39 -999 -999 -80 -999 -1 55 -17 -21 -60 56 -999 -999 -98 -999
-24 -999 64 -14 -22 -999 -39 -999 -84 -7 -999 -999 -999 -86 78 -999 58 -999 -1 -61 65 18 -71 -81 -2 -94 96 -48 -999 57 -999 -30 66 -85 68 -88 -76 -24 18 -12 -999 -999 50 30 96 76 -999 0 -26 90
-11 29 77 81 77 76 46 -999 -999 -999 -37 -56 -72 27 -999 -37 5 -65 86 -1 82 71 -82 -999 -38 11 -38 100 -40 92 79 -34 -89 -999 -999 28 -4 43 -999 -37 -999 68 99 -19 -999 -999 -65 77 -82 -999
92 -30 -50 -999 73 -999 -17 95 -71 0 -33 -999 -85 -60 57 80 -27 -40 -999 -55 0 8 77 -77 -86 -62 39 98 -24 67 -84 -60 -999 100 -66 -35 -68 -999 98 87 67 61 -999 10 54 86 25 -76 44 -45
66 18 60 27 -42 -999 -59 -999 -36 86 51 93 -81 62 3 -28 43 -12 -6 98 0 -46 -50 51 -999 -13 52 5 -48 85 -18 23 -3 -62 -999 -61 22 78 -999 13 79 -999 -999 7 6 93 84 -60 50 4
88 -999 -4 -28 58 -27 -999 -49 -999 -75 45 37 -83 21 -999 -999 -14 88 -999 100 90 41 9 -60 -999 -57 51 -19 2 -70 36 64 99 36 -999 -64 -999 31 -999 22 -999 48 -79 75 53 -96 -999 89 -68 -999
-21 77 13 87 -41 51 -39 8 51 9 -52 -74 55 -28 -41 -40 -84 -21 -5 28 41 -999 -83 -55 -48 -34 67 -59 76 -8 -999 -58 83 47 -40 -999 -60 -91 5 -999 55 100 39 11 0 61 -4 -999 26 79
-35 -71 -65 -52 -34 -87 12 -28 -999 -41 -31 24 78 -39 -999 -999 100 12 -64 42 24 72 60 -61 -53 -91 -66 5 -98 -56 -1 -92 -2 -26 59 -999 95 -53 -42 -29 -999 -85 -33 67 -999 -999 -999 -999 52 -79
-56 -62 -29 16 -20 -40 70 -49 53 -94 -59 -86 -999 75 9 -2 7 14 79 -49 -999 56 -68 15 40 89 -999 -999 -999 -87 -999 -81 99 47 -37 34 -7 48 -999 -90 -999 -12 13 7 -999 -84 -94 93 91 57
-73 -60 58 82 -78 -999 -34 95 -70 87 -999 43 -76 -999 -999 97 -6 -999 0 -19 88 -999 8 -4 54 53 -999 -52 23 -87 -100 -999 -93 -60 98 -999 -999 -5 -23 46 32 -25 96 16 32 71 56 80 22 -38
-999 14 -999 -999 -999 -3 -15 -100 9 -80 -999 -999 -33 91 -38 60 -78 -999 -90 75 -18 -51 -999 76 -1 -10 -59 57 -999 21 -4 16 72 -999 -55 8 -999 -96 -999 85 56 40 52 10 75 -16 -99 -19 -91 -37
-999 -999 0 -59 94 -94 -59 2 -999 42 -20 -999 -999 0 14 -34 -29 70 71 28 -999 41 -31 -22 66 -999 -999 -999 -100 -11 -45 37 -999 -999 15 51 -999 34 -8 97 16 16 -78 -999 -81 -39 -17 32 -40 -5
61 27 81 -24 64 -40 -999 74 75 -90 28 14 -18 57 89 25 10 -999 11 83 87 -999 39 -999 96 7 -97 -999 98 -68 -999 -999 95 -999 -5 79 7 -75 -999 -51 -999 -49 -22 -44 80 -85 -999 78 66 84
-20 -999 73 96 -999 9 51 65 31 -28 62 -999 79 -999 -999 -22 -999 -18 -999 -59 -999 14 -999 -52 31 -999 -999 94 -20 -14 4 -100 -98 1 74 -999 -999 -999 -92 94 -999 41 -999 -999 28 -24 29 -15 -97 -92
58 -999 -86 -999 -999 -50 15 -69 78 -72 72 98 -999 95 -999 -999 58 -94 22 -999 -999 50 -999 -60 -64 -71 97 43 -999 -52 5 -77 52 -42 -13 35 -28 -18 54 17 -999 100 -43 34 56 -999 33 -999 -53 24
-999 92 68 -99 -999 -62 69 -7 -98 -13 76 -64 -36 -999 1 -999 -999 97 55 -4 -19 -999 -6 71 -999 75 19 -35 65 -999 -50 37 -50 -56 -25 -999 56 100 -65 -99 7 100 8 -999 -12 -25 -30 -999 -21 -29
48 -46 -58 1 -100 -62 79 -999 51 2 -22 -999 1 -999 -24 74 34 92 50 -999 92 -8 -39 -999 -17 -10 -999 18 44 -1 -55 89 -999 32 83 -999 47 -999 -59 -23 -999 -81 88 90 -999 23 31 -60 -10 -999
-15 89 -55 -999 -999 -14 31 -999 -999 -99 27 42 -999 -999 -91 -999 -999 -42 -999 57 -999 -999 -57 8 -999 -999 -50 -6 -54 -999 56 -999 50 38 32 -78 93 53 -21 -75 13 92 -999 -38 94 15 87 59 -47 -11
-999 -999 -999 -999 -86 -999 92 -999 -37 64 17 36 -97 -999 -83 -24 -999 -98 -4 83 -10 -999 -999 -999 -3 32 89 -51 -999 -52 -46 -97 -999 -6 -68 52 -999 -999 -87 -7 -18 86 99 88 -45 -999 -999 99 -999 -50
-999 -47 -41 -5 -41 -86 16 -25 -999 9 -999 58 93 57 48 -85 -999 -54 -35 -63 -5 -999 -86 -999 83 97 73 -999 4 -999 -999 48 61 -999 -13 57 -999 19 -999 -52 -90 27 -17 60 97 11 6 60 55 -30
86 16 -999 12 -19 4 72 68 -26 45 -95 52 -4 -999 -23 -99 47 -85 -39 21 -34 -999 -999 -17 -3 98 -90 68 -44 86 -999 -23 -65 34 -999 -21 -62 -88 97 -4 44 -999 61 -78 -88 20 -25 -3 -999 -999
-999 80 50 -22 -55 -50 -18 -999 -999 52 -86 -21 -100 -90 -25 100 23 -36 23 -999 -999 -36 -999 -41 -100 -73 -90 74 -3 -27 -34 60 -55 74 -999 62 -90 -999 -999 -999 -37 -999 -999 -999 -7 44 -75 -999 59 75
-999 -6 -999 35 -999 -90 -16 28 97 34 15 45 -999 -27 15 17 82 92 -999 -19 53 -78 -91 83 2 -75 -100 -23 9 2 -14 -53 -10 -999 -99 -999 36 77 -77 24 24 23 -58 -38 1 -999 65 17 -8 16
74 -22 1 -10 -999 -999 20 -999 -999 19 -64 88 -999 37 -99 -45 -999 -81 43 -53 -21 -91 -3 21 32 -999 -32 -999 76 -999 66 54 58 -23 70 -85 -52 -74 -52 36 55 36 9 -999 -999 -84 -62 -48 44 -54
6 -94 -26 -999 11 85 -999 -999 -25 -33 -27 -69 58 -93 51 -72 95 -98 -999 -999 -86 30 22 -999 17 -50 -75 -999 44 -6 -54 -7 -999 88 -999 -999 -37 23 -999 -57 -43 -999 92 -72 -96 -999 51 52 27 -999
85 -82 -60 29 -99 -66 13 -98 -999 -999 -76 -37 -11 -48 -999 96 -57 67 24 24 94 88 -57 18 92 89 96 -999 59 -35 -999 13 40 88 -42 -43 6 -95 97 5 -73 66 50 -999 60 -999 -82 4 -89 -13
63 -999 -999 31 -85 39 40 76 -48 -73 48 91 -32 -999 73 -999 13 -999 -6 -999 25 -12 -50 -36 -45 81 -43 65 -34 -999 10 -49 -19 -24 -18 -999 -36 -67 -999 87 77 -69 -16 -999 -90 -100 25 5 13 73
26 -34 -20 88 16 -999 77 -999 -50 23 -65 -999 60 97 2 67 11 87 -999 46 -55 -999 45 -73 15 62 -74 99 -71 -49 59 -51 80 50 -61 -7 53 22 -66 0 -8 24 -999 88 -90 66 -53 52 -78 -999
-66 -87 -12 -999 -68 -22 14 -27 -75 59 -78 -23 75 16 -76 -66 -81 -41 -999 80 58 -89 27 26 8 71 -999 65 -44 -91 82 -999 -8 31 28 -97 0 -999 48 -13 62 -999 -999 -999 -94 -37 -18 91 16 -999
-80 28 -999 -4 -999 22 -999 -95 86 47 43 -96 -81 53 -23 -999 -36 100 65 16 -79 -999 -91 59 7 -999 -69 -999 10 60 -999 -31 5 -999 7 9 1 57 -37 69 -999 -999 37 -78 -98 26 -86 50 -55 -999
97 -59 -57 68 -999 -75 47 -999 -999 -999 16 0 98 84 -25 77 4 -7 55 -999 -89 -99 67 -35 22 -87 29 -5 -53 -999 -999 -13 -99 51 -3 -999 -5 24 47 -999 -90 -9 -92 -999 -999 -27 -12 59 -11 -999
29 -99 -32 -999 -20 -999 67 -999 -999 -77 -100 -91 -999 -999 -999 -96 71 -12 -999 -91 15 -83 -999 -56 -41 -999 4 -69 52 -999 21 96 -48 -999 -999 -25 46 -999 -999 -999 41 -9 -11 40 -74 -69 -15 -50 -5 -999
37 -999 -999 -999 -93 -999 -999 -82 -50 62 -38 -72 -999 -999 40 -999 -64 -999 -29 35 57 -17 -49 11 80 32 -999 -999 -40 62 -999 79 22 85 34 91 -999 27 -9 57 -44 31 100 42 3 76 -96 27 67 11
81 92 -999 -84 -999 3 -82 81 0 84 12 -83 -15 77 33 43 78 -999 -94 21 68 -999 35 -999 -999 37 83 -999 -73 -999 -61 -49 45 32 48 -999 4 -25 44 33 6 83 -999 -51 -73 -13 -999 -98 -26 -83
39 -90 80 -85 31 -20 20 27 96 38 -62 -99 -1 -999 -41 -62 -87 -999 -999 -999 25 57 -83 -38 57 -88 31 92 47 13 -60 -999 -999 60 67 -41 -999 53 9 -18 -94 -22 -999 -80 -98 -999 -8 -49 96 -999
8 -999 -999 17 -999 75 -28 -77 7 30 -999 -1 -57 42 -38 -999 -52 56 -91 41 60 -22 -66 87 -999 -35 -999 33 -999 19 37 -11 40 6 71 -90 68 -6 99 -82 -54 41 -83 -999 -6 50 -8 -97 20 60
87 10 22 12 -37 66 -999 -83 26 -999 76 -53 -999 -85 28 -79 24 -48 -83 -65 -43 -999 46 63 36 -45 -3 -30 -92 -80 35 -10 -47 77 63 87 21 34 15 -999 -42 47 55 52 39 39 -49 6 45 83
-999 -42 -27 -34 97 -18 -90 -33 47 3 -24 -999 -999 80 64 55 75 -12 81 9 61 -999 -44 -52 -17 21 -50 -2 -57 34 70 -32 -999 -999 -15 -1 -41 -86 -999 54 -999 -71 22 -49 27 -999 -23 66 -95 -24
-51 -90 58 -14 -999 -64 55 53 78 -28 -49 -999 -999 -14 36 -999 -42 -86 -43 20 95 -999 27 3 -999 97 13 -24 -99 -25 -37 96 91 -14 -999 93 -82 -100 -999 -8 2 91 -999 -15 -52 -999 99 57 -17 -4
-31 77 -86 42 -10 64 82 -999 6 -30 -4 39 -52 -50 -8 97 -38 -999 87 -49 -91 60 28 73 -58 37 -68 -12 76 -56 -23 76 -11 -999 -999 -4 95 -16 -18 -999 -60 -19 -83 -76 92 -67 38 -999 53 -33
-999 -34 42 -999 -10 -68 60 46 68 93 -92 -36 -999 88 89 -58 -92 100 35 69 -76 83 -46 39 -82 17 84 1 14 62 -999 53 -80 -89 -999 49 30 -999 -99 -50 -999 -999 -999 -999 1 -42 56 -999 29 0
