50 50
0 55 -8 -2 -66 -19 -999 -84 -81 -999 61 -999 -7 -72 99 65 32 -62 -999 -94 -999 72 -62 43 -999 36 -51 -999 76 -999 17 -999 -50 47 85 50 -18 -74 -999 -37 49 -14 -1 -999 -20 -41 8 -65 93 15
-59 12 18 -999 88 -22 -3 26 -999 74 -62 1 -31 -25 4 8 -999 -20 44 -22 62 -71 -999 -999 -999 -28 -34 52 -43 -46 -47 -25 55 15 79 -71 -75 89 76 -79 59 -48 -87 -25 59 -36 -99 -3 -89 73
75 -44 -57 92 -46 -999 -54 4 -999 -9 98 59 -26 74 -999 47 -63 96 77 17 61 -999 -62 89 93 -90 -999 -999 -72 -999 -31 97 -999 -7 -999 59 24 -42 8 82 34 -91 -52 -999 82 11 -33 -63 98 -999
-999 -18 -88 -31 70 -32 -87 -999 -12 -999 5 -73 -22 -83 11 -20 -999 -51 0 85 -90 2 -999 47 -85 -34 -32 91 -11 -999 -5 -999 -39 63 94 9 -25 -10 -25 -15 -87 -80 89 -30 -41 88 29 -51 16 53
-999 -34 -6 34 -17 84 91 95 52 -19 65 29 -10 9 -52 95 -76 47 -999 -2 19 84 -999 43 -57 -999 52 89 -82 4 43 -999 -92 -76 87 -999 -16 23 -45 77 1 7 42 -17 -51 -29 -55 56 -81 -25
-81 99 -91 100 -82 -999 58 -63 -24 66 -35 -999 95 13 -999 12 -47 -56 -59 -999 82 -5 95 -54 -15 82 61 33 -999 -33 -57 -999 61 -89 56 -4 94 -60 -9 -40 -40 -64 -43 57 12 -999 73 -999 72 -999
-7 -60 -31 -17 0 70 -16 -999 95 -999 -999 59 -999 50 50 -999 -75 52 -999 47 34 10 -999 -88 -44 -61 -77 -14 -83 49 4 -999 -90 22 -53 -81 74 47 -82 -48 -999 -13 -999 -999 -35 92 -999 -999 39 72
-92 -29 -999 16 28 -24 -26 23 97 -999 -61 -87 2 -95 45 -90 54 34 -86 35 -74 54 -15 -88 1 32 -29 10 -32 27 -63 83 -88 -14 -14 12 -20 -91 69 -37 -84 12 -3 96 15 -999 85 74 -51 58
-999 -999 -67 -85 62 -65 87 -999 -39 3 -38 70 40 54 -15 -999 -62 -999 71 57 -82 -51 -28 7 43 -34 -999 -49 -999 -93 -65 8 -92 -999 -999 -98 -63 93 41 -19 71 -999 72 -70 39 53 -999 -51 -89 -999
-999 -999 -55 75 -53 -2 22 -33 28 -47 -56 82 -60 -999 -49 -81 -999 22 -18 31 77 64 88 8 -30 21 4 -83 -92 72 66 -999 -999 -2 50 35 77 53 -2 -999 -14 19 40 52 -999 13 30 66 -4 -89
-6 62 -100 -999 3 2 -98 -43 49 -25 71 -86 85 87 60 91 -73 -999 -2 28 -21 -85 -70 -42 -38 -65 16 98 1 -91 -78 48 40 68 -999 -46 93 -42 81 -29 -41 -999 -999 85 43 -69 -53 93 16 40
-999 -999 -999 69 10 -40 -56 -17 -31 -23 82 -79 -22 -40 -45 -20 96 -42 18 29 86 86 -34 -19 -999 -43 3 -98 -89 -97 -84 63 -999 -15 83 34 3 -999 -5 59 -78 -999 -999 65 11 -999 11 -12 -77 35
82 -81 77 4 42 -42 -999 -999 47 -59 -35 -13 -89 -5 100 -97 -999 -999 -999 -999 15 -999 -81 -48 76 -7 -25 -51 76 -999 -70 66 -13 -88 -98 -55 -80 78 -94 -55 -999 -999 12 -50 -72 -40 -999 29 -78 -22
-999 63 -13 -6 -3 -999 0 -48 -55 11 -999 55 18 -17 -999 45 -999 32 -40 -999 -70 -999 4 -69 -999 92 -999 -91 97 -11 -999 -999 53 52 -94 58 41 -65 42 87 -999 -999 65 32 100 14 -51 34 76 69
-22 -999 -76 -83 89 57 68 89 -999 -33 -46 -39 61 -82 -999 -3 79 -999 -14 -25 52 -35 62 -74 -56 -52 -73 46 -76 12 38 -43 -999 -999 -999 -35 -98 -999 20 -46 -78 44 61 -999 -76 -999 -59 -70 -999 51
-999 -39 -999 87 94 -999 23 35 -999 -30 -999 28 -18 47 -999 -85 -77 3 -90 -74 88 -63 81 20 -29 -999 -999 -999 -89 3 -33 54 31 0 73 -999 55 73 -999 8 -70 -89 -47 -999 63 61 -73 -999 -60 16
-999 96 -73 -96 50 3 -2 -89 -82 -39 40 15 -999 -999 8 -34 45 -53 98 56 -11 -999 -999 -999 62 -25 -999 -999 53 -16 -999 75 -61 98 -100 -999 -36 -43 0 65 47 23 71 36 8 5 0 -43 10 -19
-59 -999 91 -14 15 -95 -74 79 63 -999 73 -76 -999 100 -41 32 92 -21 -999 -999 19 75 -42 -999 -999 -999 -97 72 -6 -11 43 67 36 -999 79 -58 -30 -71 -94 50 -22 88 86 -87 85 64 -10 -88 -999 -999
-83 -24 -59 -95 -999 71 10 17 -999 -999 57 -57 83 -5 -87 -67 64 -33 32 -999 27 -999 -59 -98 -47 5 -94 -42 43 -71 34 -99 8 22 32 -10 -999 -82 35 -94 -99 41 -77 87 73 48 -99 -98 27 -999
67 -999 -7 18 -84 -77 -65 23 70 99 2 -999 45 44 -999 67 31 99 -999 43 11 -999 19 3 -77 -93 -62 45 79 43 -17 -6 -42 -999 5 12 -33 -62 59 -35 -70 -999 -999 -11 77 -999 -999 -51 -69 65
53 -25 -999 -91 -86 -93 86 -92 74 -5 -57 -999 48 59 18 -41 -91 -19 21 -18 -2 -87 -34 -999 55 69 79 -999 32 31 -27 35 67 28 -999 3 -63 -12 -45 35 -12 -999 19 91 -28 -94 -29 -89 80 52
86 -18 28 -18 49 2 -100 54 -999 55 5 -37 -100 8 29 -12 -33 -999 74 -72 -999 24 58 -999 80 38 0 74 -22 -999 -4 12 27 -78 -999 -999 41 12 -43 -58 -52 71 0 31 -68 -100 -91 -999 -94 -47
33 70 1 -90 -999 -999 -999 -999 -3 -16 45 -999 89 -95 10 71 56 -999 53 99 -94 -81 -47 99 62 99 54 66 41 1 -999 86 -80 -91 -72 -93 -36 59 11 -96 -52 -999 -74 -999 -999 -999 -8 -18 -96 -84
74 -83 34 -999 -999 -23 -3 13 -49 -64 -26 38 -10 -999 84 96 -67 -53 83 -21 57 15 -999 79 -95 12 -46 64 -30 -999 30 96 80 -24 -89 -23 -17 -98 71 86 58 8 -999 49 -68 67 -14 -999 -29 -85
-58 -46 -8 100 36 -999 -28 7 -33 -43 -7 -35 -6 -34 -85 -55 -39 -60 -999 47 -999 -999 -999 4 -72 -90 -19 -38 -43 -89 -999 -65 -50 -54 56 -26 -999 19 -6 23 -98 -15 1 85 24 24 7 -95 -999 -999
90 7 -68 -999 -52 -36 -999 90 -999 100 -78 -999 -35 -74 -93 82 -98 -85 32 82 -999 36 -8 -75 95 -39 -999 69 13 -999 10 -72 89 -1 64 -44 -1 51 -6 -9 -33 31 -62 -51 -89 7 -999 -999 -70 30
-97 78 14 -59 61 5 -999 70 -88 -33 67 -7 -999 94 -61 -999 88 -35 29 -999 82 -44 14 -12 -999 3 -999 -50 29 1 93 -61 -74 -999 69 -92 -48 -999 -67 -1 -45 95 83 46 -71 -34 31 -75 45 -60
59 13 52 46 -9 60 92 -32 -999 -999 57 -999 -38 75 -999 52 -11 -39 -999 87 59 21 38 72 -999 -19 -999 -82 -999 -999 96 -56 81 81 66 27 -2 22 -54 53 37 -34 -14 -13 57 -23 -999 -999 58 40
32 -999 -999 -82 -999 90 -55 -66 -12 39 -80 -73 -999 -999 31 -41 -7 -999 22 -56 -95 -29 93 -999 -5 58 -68 -999 73 -52 -999 36 -60 -72 -32 84 -99 -37 -64 75 70 -999 -999 -999 -999 -999 1 -72 -63 -999
95 -71 32 -39 -6 79 -999 61 29 61 -64 -999 -48 57 63 -999 45 40 -999 88 16 -52 42 43 -80 -69 -79 -57 -43 94 21 10 -999 -999 -87 21 56 38 71 -75 15 98 -63 69 92 47 -999 -27 14 -39
24 6 -999 95 61 -999 -81 -61 84 75 51 -51 38 67 -98 -999 72 -30 24 -99 36 -59 -5 -53 67 55 -999 -41 -24 -84 65 21 94 -999 100 -77 -95 -97 95 -94 50 -69 -999 57 2 50 47 37 16 -41
-87 -90 -15 37 -95 -66 28 81 -999 -999 -999 -999 -15 -79 -999 -38 -2 -53 -999 -59 71 1 54 -81 -4 94 -88 82 -83 77 2 -999 -67 -66 14 -999 42 88 48 -63 -999 38 44 100 -50 -5 -51 -999 38 9
-93 -87 45 -85 54 -40 -999 81 88 -999 -999 -23 0 -999 84 -69 55 -22 80 -29 42 -53 35 65 -25 15 -46 -999 -86 82 -999 -75 92 -30 52 20 -999 -62 6 14 -999 -999 67 -12 -41 -999 89 -15 35 79
2 -28 14 -999 -79 80 -18 58 -999 -92 -999 -45 -72 -14 -86 -59 90 -90 49 -28 -999 71 -999 -999 93 -999 57 -999 -999 66 -79 -999 -51 -999 24 -999 -21 94 -21 -19 -35 -14 60 15 -999 -999 -33 -74 -59 61
-65 -41 -23 -83 -50 41 -60 -51 57 -84 -999 -999 -999 -89 -999 1 -68 51 -88 -35 -999 25 76 -999 -999 32 -16 -96 -999 89 -999 -999 -24 -71 -60 -5 -23 -4 26 88 41 -77 -40 -72 73 -8 -999 21 -9 77
-999 30 -999 -75 -48 -14 91 100 29 -999 -999 -999 88 -999 81 52 85 -72 -56 -999 65 -70 16 55 -54 -38 5 -999 -37 -94 11 77 50 -98 47 -74 9 -38 6 20 5 -999 -78 -73 -999 4 -30 19 27 -999
-53 66 -27 -999 67 -37 -19 -48 -999 -999 -71 -999 86 65 80 -999 -1 -999 57 -32 11 -67 33 -999 -63 39 -33 86 100 75 65 34 -71 -18 47 21 -84 -98 -27 -22 -27 -65 -999 -41 52 87 13 40 -999 -94
-6 -999 51 21 3 -999 -60 -11 36 -5 -3 -999 -999 -95 -49 -39 -66 -97 13 61 46 51 -67 -77 4 -79 8 60 -75 -999 21 29 21 -42 99 -56 35 23 62 -999 51 11 -35 -999 -53 -999 -74 21 -9 -10
-77 -97 1 94 -999 -5 -71 87 -27 39 -6 14 -6 -999 1 -83 -24 -16 -8 -37 84 -999 74 -999 -64 -12 33 81 72 -13 93 -72 -999 4 -19 -28 -77 37 46 38 -29 96 -999 -25 -45 86 -37 43 -999 -82
-21 -999 -44 -999 94 -999 8 -46 64 41 44 -999 -50 -100 27 -57 -999 -100 -31 -67 -77 16 -18 34 11 55 -999 -40 75 -999 -999 -81 27 91 71 -999 85 36 90 -999 55 -27 -74 -77 -89 -41 -44 -999 -999 -999
-31 -999 0 20 -24 89 1 34 -999 -56 -3 -999 -999 -24 94 17 -77 22 -43 -67 34 15 -48 -96 -999 -20 63 70 17 75 -999 -95 26 -999 -999 -999 77 -29 -999 67 9 -77 83 -25 -4 -22 95 -4 1 74
-999 51 -43 -76 -44 27 -999 -35 17 38 -86 50 -999 -70 -29 -999 29 -73 -65 49 -48 75 56 -999 -20 66 -34 78 -999 -81 -999 -39 81 66 8 -999 55 -5 0 -81 -10 -53 30 -999 -999 -999 81 -35 -999 -999
41 71 43 68 -13 26 65 -48 86 99 97 -2 -999 12 -999 -79 -999 -999 -88 -42 17 37 -84 -99 -26 -55 79 -73 95 -18 -58 56 64 85 -86 11 -72 98 -23 76 28 -96 85 -69 -49 -999 -999 29 18 -57
33 -31 -999 19 -81 -60 49 -53 68 26 -999 38 80 1 -22 28 -999 -21 -24 96 -999 11 -43 19 -2 26 -95 -999 70 1 -999 61 -70 -999 73 -1 39 -16 92 69 24 69 100 -999 4 80 -999 -999 -91 -999
24 76 -88 -8 -999 86 -14 45 -94 57 39 -999 94 -20 -68 -72 -999 -80 -79 -999 -17 83 79 -95 93 -19 23 -999 76 1 64 -34 14 -9 48 -999 -99 -89 56 54 -73 -999 -52 97 35 31 76 -52 73 72
47 4 -95 -81 50 -98 76 -27 -49 10 30 -36 -73 91 7 -999 -8 -999 -13 73 73 -999 -999 -24 -999 100 -56 60 80 0 -999 -98 -70 -999 58 -2 -58 -999 -27 -999 -99 40 77 8 -999 70 -27 -67 -73 79
-51 -73 16 8 -70 -999 -9 -66 89 15 96 -81 -999 64 -39 -56 -999 -31 -30 -999 -999 -65 64 -54 22 33 61 82 -36 45 63 -3 -54 -999 86 -999 -22 -999 -23 35 81 51 -999 50 -999 -44 8 -999 13 -82
-999 44 -75 -999 -999 -52 -98 -51 74 -31 -999 -10 64 -999 43 70 60 92 -24 61 93 4 -80 -7 81 -78 -70 -71 44 11 0 -28 -20 -85 70 -82 -79 90 -83 -4 94 80 99 -34 -64 -86 27 -30 -81 34
8 -57 -58 12 -20 10 84 -42 -15 -999 58 7 63 -12 -55 71 -999 -9 -57 49 -999 -20 86 -999 82 -999 -48 -59 -81 -85 -71 -999 0 65 32 -11 -999 -87 78 94 6 70 -999 -35 10 80 -44 37 52 17
85 -96 -999 -999 -28 17 -43 6 -70 -30 56 62 -999 20 67 51 -13 -73 21 -10 -999 69 -999 -62 -13 23 51 87 20 -999 22 -42 -74 13 -56 -999 -84 -95 69 -999 97 -99 -93 -66 -41 48 -999 98 84 0
