50 50
0 -31 9 -999 50 -999 -999 -59 20 30 71 71 -999 -99 20 -74 40 94 -999 -24 -999 -999 -56 -29 -83 98 -999 -99 74 -40 17 100 82 -15 -57 -999 34 100 47 -71 -51 -999 -31 -90 -90 -76 -4 95 -30 -999
-24 -999 -999 -93 -76 59 -65 34 4 1 32 22 -83 -999 50 -999 -999 -55 15 99 -999 -999 34 27 -999 -52 95 -65 6 -999 67 25 27 76 -999 -10 -999 -999 25 -16 60 -999 95 -94 23 -999 -22 -20 34 -15
72 36 -58 -999 -999 -999 -61 -87 -54 -36 -999 35 -999 70 -25 -22 -999 -92 -92 -100 48 -2 -82 -999 -82 100 -91 -37 -999 -95 -93 -50 61 66 -999 75 -20 77 -65 20 -6 -98 24 27 67 -35 71 25 -93 -7
-46 -999 -84 4 93 -999 64 -22 29 1 -44 -16 -87 18 -46 -999 -5 -94 61 -91 -999 -100 -7 35 -999 -96 -999 -56 -32 -999 5 -48 6 90 -35 -999 -10 88 80 52 48 70 31 -32 -19 -93 -86 -11 50 90
92 -999 -1 -999 -39 -10 92 -24 79 -94 -96 79 -21 -999 -999 33 -999 98 -999 40 -69 -999 -30 -999 -22 -83 -71 1 -9 26 29 -49 -91 55 -999 -99 -53 -66 84 -93 -999 76 -999 -44 -51 67 -50 -65 -51 70
100 55 -29 -94 -80 -23 -999 -999 -4 -999 95 -76 57 -25 75 -89 -79 -999 -999 -8 20 -999 71 -999 -999 -999 39 -27 -17 -48 -64 -999 -100 -97 -999 -999 -58 42 -51 -67 94 71 7 2 -43 58 75 36 27 -97
-49 -99 37 -38 -59 -999 -44 74 -99 6 -999 -999 -999 -4 -19 -999 -2 25 -48 70 -999 -9 -999 -999 -51 -40 69 92 -10 -63 -999 93 23 34 0 -999 100 36 47 -999 46 59 -999 37 39 76 -999 -999 -84 -80
-70 60 -75 -999 -92 -999 46 87 -21 89 91 -76 -999 -71 -41 -999 16 -999 -999 -91 -81 65 -15 -51 -34 -5 -48 92 -28 -999 -999 -999 84 -25 -95 -999 -26 27 14 94 -6 69 -999 -29 -5 -88 -999 -999 35 76
-65 44 15 -999 -49 65 17 68 21 -21 76 20 -999 63 -80 89 18 43 11 98 -94 74 63 34 -999 -89 12 82 31 -91 -71 -999 69 -32 -25 -999 49 -49 46 19 -9 -999 -71 -41 45 -999 -12 38 32 1
-15 -59 48 -33 69 -41 36 -85 93 -45 -999 -42 67 100 -999 -14 -999 -36 -72 85 -999 45 -39 -999 -999 -27 -2 91 7 -94 53 71 -88 -999 82 -29 2 -39 -44 16 -83 87 49 30 57 -4 -14 39 98 -30
18 -68 -37 82 -44 -999 -4 -4 -22 -96 -34 -45 -74 -78 -70 44 -999 -78 16 -69 -97 76 20 85 -46 19 -12 30 -999 -17 -53 52 -57 -100 -999 49 -999 -999 79 -3 -5 47 37 93 -78 84 58 32 -999 -7
-66 96 -999 38 -49 -999 -68 -17 -999 7 72 90 10 37 41 37 -999 -97 2 43 97 -92 -28 -999 47 58 -999 -39 -24 -999 -37 79 19 64 -13 -93 -44 14 -999 -70 13 -65 49 -999 -8 86 -15 -999 11 92
-999 21 -86 -999 -2 100 -999 5 93 89 -25 75 -999 -30 47 -999 -27 -999 -999 -999 -999 -2 60 -95 7 -98 -999 -1 -41 73 -70 -78 -53 -65 81 -999 -42 -51 -999 75 21 -91 74 96 -18 -100 -43 22 -70 -999
-10 42 -99 -84 60 -999 94 -31 51 63 -3 -999 -83 3 80 -999 -14 -999 -84 -46 -42 73 94 -20 27 86 28 -999 -97 28 -73 -45 35 38 -71 25 -999 -999 -999 7 20 65 -70 -6 -999 -999 -31 -999 12 26
-32 -999 -41 98 -40 98 -14 -21 52 -999 -999 -37 -87 -98 -98 91 23 -68 -999 -999 -999 -23 87 -6 78 26 94 66 28 -59 96 -79 28 29 2 -89 -999 -43 96 -58 -18 13 65 -44 28 -78 22 -92 15 6
95 87 -41 -999 5 -999 6 42 52 -87 -999 63 -17 -3 -16 81 -999 -999 -999 65 -53 -23 64 81 66 -999 -999 -40 -85 -14 21 -37 -999 70 78 -21 -98 -38 -13 -999 32 -999 -73 -6 95 -7 -41 -15 -85 -32
-27 27 -15 81 -36 -52 -60 -25 -28 -1 -6 -10 97 3 -28 -82 2 -91 -29 40 -38 2 -999 -71 -999 -58 -999 -84 -22 -33 -82 -999 29 26 30 12 35 75 -87 -75 -999 -82 3 60 -24 2 -999 -99 28 57
64 56 19 14 64 -17 24 22 -2 36 -69 -999 -47 -999 -999 -98 12 -97 -56 49 52 68 58 -999 -88 -24 -999 -77 -999 -99 11 -31 -999 -45 -88 -999 -999 -35 -41 49 23 -14 61 -1 50 -90 -59 -32 68 10
-21 -999 -26 12 -56 88 -999 21 -76 -999 -64 -29 -1 -50 -68 -97 57 7 -999 -4 -54 -98 48 25 24 39 -90 89 49 -86 -999 -60 13 -41 85 -1 33 21 92 -16 80 -999 78 3 -4 48 78 -59 -999 -56
-77 30 -65 -999 97 24 22 47 -14 31 -999 56 63 26 24 -26 -52 35 94 62 87 -43 33 43 -999 15 87 81 -999 -97 30 -75 30 -999 -16 -60 17 -27 -23 99 -51 -95 -63 -44 69 68 55 -999 -42 -87
-19 -56 -999 -94 68 12 62 88 -59 -57 66 -31 79 -13 67 -62 -86 -27 66 62 59 7 100 -999 -999 69 79 66 -49 98 -999 -93 -999 61 54 -34 55 -82 23 -19 -999 -78 -26 -14 97 69 32 -68 -999 -99
77 -13 -32 -999 -68 50 9 82 -999 -95 -60 -70 -25 75 -5 97 0 -35 -85 -24 -23 11 -62 -73 -86 -33 -67 -90 12 74 -999 -74 44 40 -35 28 -55 -61 -999 92 -999 -92 30 77 -999 54 83 -40 -100 -43
-85 60 33 -41 -999 70 -8 24 88 99 -56 35 -999 -49 -29 80 65 -48 53 26 40 -14 97 60 7 64 97 69 65 -99 -80 -69 -53 -999 16 -53 62 -999 -23 -999 -1 -36 -999 -999 90 -999 69 39 -999 -41
-99 -999 53 12 -78 46 -8 -3 31 15 -85 46 69 6 74 -51 -999 -9 -25 33 59 -69 -999 14 49 -39 -999 -78 96 46 -999 9 60 -36 53 18 -22 18 -59 -63 -82 -999 99 4 47 89 -8 7 -37 -999
-13 -999 69 -7 -2 -74 68 38 57 -62 -999 -999 -89 32 36 63 -999 67 65 45 -999 -41 -56 -999 -999 15 44 -6 -999 80 -99 76 46 -999 86 -999 -11 -33 -999 -26 -80 -999 -90 -93 -999 -40 -91 40 -999 6
47 70 55 -999 -999 -41 -55 -43 51 68 -49 87 -86 98 -94 -90 -999 43 -999 -999 -999 -50 15 -999 -999 -26 -999 -58 68 8 5 -999 4 -48 42 36 34 36 16 15 -11 -999 -86 93 17 -999 38 57 -40 -999
-999 -57 -5 -18 29 -999 -75 -84 64 -63 74 -60 -5 -999 -71 53 36 -999 -999 -49 -999 50 -14 20 49 -87 88 -999 -51 -999 68 29 61 49 -10 -29 71 -47 46 -72 -999 10 43 73 -999 -15 -999 -78 -999 -30
-8 -999 30 58 20 -64 40 90 -999 -93 99 -999 33 47 -999 -54 7 -999 -999 -12 -62 7 -67 90 -999 96 -48 -68 59 29 80 -24 -999 -69 -79 -62 44 97 8 46 -24 -5 -39 -44 67 21 -999 39 88 -4
96 36 -11 -97 -15 -999 -30 -999 44 -999 -999 13 -85 -37 -13 -69 15 -9 -42 -999 -33 -100 -12 -76 -83 -20 -19 12 77 -10 -95 -999 50 56 -11 -999 27 -63 28 -29 75 36 14 -74 -75 26 72 -47 65 -94
-999 -85 -45 -77 -18 25 -83 -53 -999 23 -999 -100 -85 29 -999 95 24 -999 -999 -60 -54 85 -999 -85 58 -59 -999 -999 -2 44 49 -999 -999 -28 16 -96 19 21 -46 -999 -999 -63 -52 -999 -23 5 -80 -999 -10 -54
-14 -91 52 0 49 71 -75 -999 56 9 63 -999 -6 -999 27 14 29 -999 -999 -80 -51 71 -77 -999 92 -1 1 -5 10 -999 -999 28 94 -999 44 24 92 -82 -25 92 -999 2 30 -70 60 -999 88 30 -59 68
85 80 -47 -9 -59 -54 63 10 -83 -999 21 -5 -999 -27 -999 -100 -45 -98 -26 46 48 39 -50 -999 -999 7 -67 100 50 -77 70 -51 -68 16 33 -91 99 -36 -38 60 50 26 -58 83 78 4 -60 63 2 -82
-999 85 -50 -999 -999 46 -15 -35 64 -94 -28 -32 76 -32 -14 71 -53 -23 84 -8 -999 69 56 77 -999 -999 -33 61 -94 -72 -49 2 -73 -999 0 75 -76 67 76 -999 -59 27 -83 -85 -999 -19 -34 -60 -6 -35
-82 -999 -999 19 35 -5 42 -27 -999 -999 -76 -999 -17 -999 14 -999 -89 0 -88 96 77 51 -86 6 72 -16 -5 -31 29 -53 -999 29 -29 19 -1 -999 89 -999 -61 8 -70 16 -999 -999 85 -6 85 -999 -23 -999
87 27 22 5 -13 -90 53 -77 -58 -62 -999 -95 44 -999 -51 44 -59 -41 93 97 -41 21 -30 100 -32 -7 -8 36 -999 11 -40 10 48 -66 12 -999 -999 -74 -98 66 -999 -27 -999 75 -36 -999 -31 -999 26 1
-999 -66 97 23 -33 -83 -999 -999 -999 -55 -58 -10 84 -73 -999 97 43 81 53 6 -999 49 0 -11 19 39 20 -29 -93 -92 43 -999 56 -999 -999 -999 -999 79 -67 94 23 55 -58 44 -999 56 93 -16 -87 -999
71 95 40 -19 -999 -30 2 -100 -44 24 -999 24 49 -73 -999 34 -36 -3 -999 -95 -17 -69 50 31 -22 -62 -999 -4 7 -999 93 62 96 -1 -51 -70 -40 57 -999 -79 -48 -999 95 4 98 -26 85 -6 -31 63
-62 -999 -999 -999 7 -28 62 40 -999 -27 -5 -38 -62 50 -58 25 -58 25 65 20 -97 -999 -37 -52 13 -999 -999 -67 -19 -12 -999 -999 90 -95 -90 35 -4 62 -87 -999 8 -9 66 -50 -65 -999 -999 -32 18 -999
-45 96 -96 -999 -999 -29 -85 -55 -92 -999 42 78 -34 -60 -999 0 -30 46 -999 -55 -25 -12 -53 79 21 -23 -61 -29 -3 -999 -999 -89 -999 50 -999 -999 -75 -98 -999 3 68 -999 98 -94 -999 -999 61 64 -999 -13
90 -59 85 86 70 67 -42 -37 43 -71 -41 -27 55 62 -999 -6 -27 -999 -60 -999 -1 19 17 -53 -16 -999 -999 -999 -45 -39 49 -6 -51 48 11 -82 36 -42 -999 93 -52 51 21 -16 -67 -63 -100 59 -999 10
4 86 -999 -83 47 -999 10 48 -61 18 -999 -999 -8 -85 -999 72 -999 -5 -68 -999 -19 -36 91 -83 -9 91 -999 -999 6 3 -999 23 -999 42 69 45 -999 -999 97 -18 -76 40 65 -51 -59 -38 43 88 -999 25
-999 -4 58 7 -999 40 -999 -999 -62 -36 68 -58 -999 -999 -64 26 -999 95 4 51 97 -4 -999 91 -52 73 22 -91 -7 -62 -37 -999 90 -6 -999 -999 3 -91 97 -999 33 50 -999 -21 -47 -999 81 -999 -77 -999
97 -999 -999 39 66 -62 -57 -82 100 -78 -41 -88 -3 94 46 39 79 -94 58 -59 39 16 -999 -98 -7 -999 21 16 59 -24 0 -999 -16 32 -999 97 -52 -42 51 1 -999 -999 96 -97 9 84 -39 -999 -89 -63
-999 -999 -999 -83 -999 -999 45 22 -999 83 9 -100 -25 55 74 -13 17 6 -33 95 -90 94 83 81 -999 -64 16 -999 -999 28 -60 15 -48 55 94 -999 -10 -999 34 22 -66 -75 61 -13 -69 56 -99 -999 -42 -18
-999 55 -52 -97 68 -28 7 -65 66 -999 78 -999 20 -69 -40 2 -999 -80 -47 -999 59 11 -77 35 -79 25 54 -999 -38 -56 -48 -6 11 -999 35 8 -999 -72 -71 -999 -63 -68 -999 -84 15 -39 -39 70 -999 56
16 70 -999 -48 96 79 -22 24 -35 -21 -40 -78 93 -84 26 -40 53 -95 -5 96 -999 -20 -88 -63 -26 -91 -90 86 -97 51 -999 34 -999 -77 -78 -97 -98 -86 -72 -71 -82 -58 -92 -999 76 68 -15 75 -93 -64
-83 -83 -999 -999 -43 43 -35 -77 24 11 -56 -76 -999 76 -56 90 -53 -999 73 74 -25 -78 -99 23 -1 -28 -64 46 -999 -10 -36 43 -11 -26 -33 -86 97 -79 -7 -48 -13 -999 42 97 19 95 -8 -12 -22 -66
81 16 -73 -999 21 -35 -49 -31 -999 -58 -64 -34 -24 -999 69 87 66 -999 -39 77 79 -999 -999 31 -91 85 -4 -95 80 -999 -98 -999 31 74 36 -999 -30 100 44 4 -43 17 85 19 -999 -100 37 -89 -36 12
11 74 11 -999 -999 -999 -49 -44 -70 23 -24 -999 -9 -38 16 -92 76 57 -98 -76 15 -999 -999 100 -999 -999 -23 46 -999 21 -16 -6 81 -62 -52 44 8 65 -62 75 95 -58 -85 -999 1 -999 -999 28 98 -5
73 -999 -90 -100 -999 -999 -999 -49 88 -40 41 -40 -999 -49 -999 -14 -89 -79 46 17 20 63 38 -90 29 -58 70 -30 -85 -999 60 -999 -52 -25 -50 -999 54 -999 34 -999 -999 79 88 4 -999 11 -999 30 83 0
