50 50
0 -16 -98 -87 46 80 -18 -99 -23 -54 -65 68 -12 61 83 31 -999 23 8 54 83 82 80 8 9 -78 -34 -76 36 -33 26 -36 -46 83 -80 48 -27 21 55 -81 -76 -999 4 95 -999 -75 0 92 -51 -25
69 18 -999 -999 96 -18 -999 63 50 -32 66 -999 -62 -90 65 -999 -42 -999 -17 43 -14 45 -87 -999 -999 42 -999 -999 -999 70 -20 3 0 63 -90 -24 37 2 80 -999 -87 85 20 -999 83 78 -30 78 -73 92
-14 74 40 70 77 -9 -999 31 92 62 -57 5 -59 50 -52 -81 -94 -74 -50 -54 -999 74 49 -9 -999 -26 -14 6 7 85 -999 69 -999 43 -19 -999 -91 -84 28 -999 -39 -44 -999 -98 -87 40 54 38 -29 -54
-999 -999 -85 -94 68 -63 -999 95 5 -45 74 51 24 -18 71 -20 83 59 -999 -999 -999 98 -999 67 -79 -999 63 61 -88 38 -49 -999 59 -4 96 -39 62 -99 48 14 25 90 -96 -83 -43 51 -999 -58 68 -48
-999 7 -27 -999 16 64 -999 10 23 29 -90 -45 -14 -68 -30 -999 -68 32 -85 -6 -57 -64 76 -42 -63 -999 -74 -87 -87 -46 -13 35 -47 -999 -3 -30 14 65 -54 -999 -11 -999 -999 60 -67 -7 28 63 -33 32
-63 -100 98 -999 62 -43 -999 -78 -999 -999 2 -999 25 13 -999 -999 -42 26 35 -19 16 -65 66 -51 -999 86 100 -89 -34 -37 70 -97 -14 78 -45 -44 -11 59 49 52 -999 -81 -17 -999 58 -48 95 4 20 -100
-22 -69 -38 -15 -21 81 -4 -99 45 34 -999 -4 71 10 62 -62 38 56 -18 61 -999 61 58 1 -999 -999 -79 -9 -999 -100 -78 20 -94 -12 80 -93 57 74 97 -999 92 -62 90 -999 -93 37 -85 -999 -999 -29
-999 -999 86 -30 47 -999 72 4 -999 -999 -7 73 -999 -23 49 -999 -74 -9 74 8 -61 -17 26 4 39 -80 -999 20 -96 -83 -84 -8 -999 88 -33 -88 17 -999 -999 -38 11 94 22 12 -999 -999 -33 -999 -10 -23
35 -999 -44 97 -94 64 -81 -96 -999 -64 48 73 -999 66 49 0 11 -999 51 -999 -999 51 -51 18 -14 -52 -87 86 -80 -31 24 -25 -66 77 -24 -999 -12 77 78 -91 94 25 -999 56 -63 93 -10 22 74 -16
-94 -33 73 -999 -9 -17 -3 69 -87 63 -49 -44 53 -59 -31 71 -16 33 34 -999 -98 -999 74 53 -13 -89 -42 42 58 -78 -68 -38 70 94 -49 8 -20 -86 89 33 -999 89 -999 64 56 80 -999 21 10 -999
47 29 66 19 -31 42 -63 -999 -2 -999 15 -53 -999 -999 -999 16 -84 -999 -84 -999 36 80 -70 -999 18 -5 70 52 -999 -999 -999 -999 -90 -15 -999 -59 43 58 -42 88 -999 -43 -4 -84 24 -999 10 -10 -82 37
-999 20 -79 -9 -91 -48 31 -999 -999 -32 -2 -8 -98 55 -69 -96 62 85 -999 -67 -8 99 -48 58 46 -79 -44 -999 13 -57 46 -77 -999 -81 87 37 71 -70 -48 17 -77 30 -34 42 -8 19 -43 -999 -999 -98
-26 -79 67 39 -3 67 9 -60 94 -53 -21 93 -999 71 25 -25 -6 -94 -70 -95 -20 -999 54 28 -46 47 -27 32 -52 -77 -999 -26 99 -79 -999 -7 -999 19 -93 -82 -999 31 -13 -64 79 -34 -13 63 98 91
38 92 -3 -38 24 -48 -999 -999 13 -78 59 46 15 -43 61 -61 11 77 -71 -999 -1 -30 -999 1 -999 37 32 73 11 14 93 21 -2 25 -999 95 -73 -33 57 -999 20 -18 9 48 74 57 -82 15 76 84
-55 20 40 -34 -4 45 -49 64 -999 29 60 55 99 -999 14 33 74 -41 -20 -48 47 89 -15 -999 65 -999 -90 31 9 21 -999 -81 67 19 76 -38 -999 -96 -78 58 -999 -77 88 80 -999 -37 9 38 16 -70
-57 -50 71 -98 -93 -999 47 -999 -29 77 -19 -18 77 -999 -54 -77 -22 75 -999 -62 51 50 -21 71 -89 -26 -82 40 -12 53 44 57 -999 -62 25 -999 -999 -999 21 75 -44 4 -33 -52 87 57 -2 -56 79 -54
55 87 87 -85 36 4 84 84 96 46 -11 -999 53 -999 91 -3 1 66 -13 -999 -45 89 39 36 -13 82 -66 -64 -13 -22 -47 -999 73 84 -999 -67 -86 -999 -999 -999 -28 -999 47 -10 89 35 96 -999 64 68
44 -13 29 -16 36 -35 -2 95 -999 -999 -10 -58 -999 -33 -21 79 -25 23 -4 -51 -999 -63 10 95 65 74 89 61 -999 -1 83 39 35 17 86 -54 1 -999 -999 65 17 93 86 -30 -26 27 -45 68 90 -999
-999 -25 95 -69 31 39 -10 3 26 -91 -999 -77 94 55 -88 -15 51 -40 49 -999 -999 -999 -999 -30 -81 24 -82 -18 -4 -99 32 14 -86 -8 -90 27 -999 47 -56 83 -999 82 -50 -999 81 -14 -50 28 -40 -46
95 -43 -999 14 -54 38 -999 55 -14 -19 -999 -999 56 -8 -999 -30 -999 87 14 -35 -57 26 -999 81 -10 -60 -41 -32 -37 -83 8 24 -17 58 -50 1 76 -80 92 -70 -36 -18 -29 -53 51 -49 1 -999 16 88
-9 34 33 -999 10 -8 37 -83 11 62 85 66 25 -999 27 41 20 -999 7 -999 -999 34 -999 20 -81 -18 22 -999 -999 3 -999 -35 -97 -999 98 -92 -37 14 100 73 60 47 -9 -2 5 -21 -999 -35 -83 28
41 45 -999 49 46 -44 14 -17 99 -71 -81 -57 -89 49 82 -66 80 -49 40 4 -999 96 82 -999 -999 -999 -999 -58 -78 -999 -999 -80 -43 92 -999 -999 -4 -999 -64 -80 56 -74 -95 6 -47 -999 -80 -999 61 -22
-73 35 26 -999 90 -999 -37 -999 -53 12 -90 61 -16 -65 33 38 -999 -12 -44 -86 15 8 69 -76 65 -999 47 -72 -61 -67 27 69 -999 -999 -999 -999 -999 -56 -95 47 -43 84 10 20 -96 -65 -999 -51 -51 -34
24 10 -999 -86 -91 61 95 -999 -24 -12 -999 40 -28 26 -60 -24 -92 -26 40 78 -999 -999 34 -75 -89 -999 -5 96 -51 -60 99 -37 -999 87 -78 -20 42 5 14 -97 -88 -999 56 84 -19 -25 51 -19 -28 66
-54 11 -25 -999 -51 41 28 -27 -82 -80 -78 37 11 84 -999 -81 -999 -22 -69 2 -999 30 56 22 19 36 23 -65 -28 -22 -999 14 15 23 85 -999 -75 21 50 7 -63 33 90 -62 -14 -97 -45 86 -35 -61
50 -21 30 -2 -57 -999 79 65 -99 -25 -999 38 21 -75 -999 -43 36 -86 -999 -999 -999 37 -28 -55 -1 -97 -999 3 -26 -97 -999 38 -45 -999 29 -999 -23 77 -82 98 -999 86 82 -59 3 -84 64 95 -5 79
52 -999 -76 9 72 -999 -55 -97 -999 -25 -1 73 -45 -79 25 -32 -33 91 -82 -58 74 -999 18 -999 -35 -999 -30 6 -999 -36 76 3 73 -999 -94 81 97 56 31 -13 36 58 100 57 20 9 -49 -999 93 91
-14 40 -5 2 -69 -44 77 -999 -74 17 51 62 -999 83 -999 26 -34 81 -76 -999 -59 -43 -37 11 79 13 -65 48 -999 6 -43 -999 31 69 -78 51 -34 -95 -999 76 -6 -999 80 -32 -12 83 -999 49 -82 6
-72 24 -80 -82 -61 -100 31 -98 39 -999 -999 44 -82 -22 -24 -5 48 -90 -69 -50 -999 -67 76 -43 90 100 -77 -80 -26 -67 -8 -58 -999 24 69 -96 -42 34 -999 32 -45 -48 -52 84 -14 70 -56 -30 -999 -33
89 19 -83 34 100 -62 -82 26 -999 -10 59 -999 -20 -49 -51 92 -999 55 65 60 -35 -999 -999 20 29 13 -51 -999 -8 -999 1 -999 -60 -63 42 -90 -999 -14 -41 49 -95 -67 74 28 16 -47 -36 -41 -999 18
-100 -999 -75 87 -999 -83 -31 -51 -999 25 -999 -77 36 -99 66 -999 66 -62 48 -999 -76 1 -76 -68 -33 -5 -6 -100 -999 -38 -12 -59 99 -20 -42 -76 -23 -49 70 5 -999 -999 -83 -999 -15 80 59 75 -15 -999
38 -999 -93 54 49 22 -999 -77 13 -6 8 -79 17 -999 92 35 -59 -86 -83 -18 -999 -22 -88 54 -55 66 -999 81 49 -77 33 -81 83 3 17 -999 39 13 -13 -11 35 41 -74 -45 -999 29 -999 -42 20 -53
33 77 -999 -21 37 84 -41 64 79 -97 -40 -3 -33 81 -37 -82 24 -999 84 47 76 18 -999 -73 -53 61 -10 -72 -83 -30 -96 -91 75 -4 45 -9 98 -71 -74 39 -34 -10 77 -999 -47 -37 -2 82 -999 -84
25 -999 -77 -999 51 -72 -57 16 -72 -999 88 79 -39 -87 36 82 -999 54 -36 12 87 -42 72 53 -3 -64 -18 -999 -999 54 55 32 -999 -999 33 81 -999 38 94 61 -74 16 -15 -999 -999 -63 -999 -999 22 -28
40 74 -999 -68 -6 -30 -999 77 11 -9 -999 -86 -999 -61 -51 -999 -999 81 -999 -94 -18 -90 50 98 -999 -999 -62 -68 18 43 -999 -37 -999 -43 -74 97 -75 -999 -999 17 96 47 78 -59 -43 23 74 -19 -999 -85
-999 -999 -999 -25 -39 60 35 54 -71 -999 -47 -36 5 -63 -81 -58 61 96 -86 -999 -27 -30 -91 -999 -999 -68 -38 -34 8 -30 -98 56 -999 77 -24 -46 86 -51 54 -999 30 -29 -999 -999 -999 -47 1 36 89 -39
6 52 12 -38 53 -65 -53 -38 16 -2 -80 40 -86 -84 -29 -999 27 -36 83 84 -14 -999 46 76 25 87 59 -14 -37 -91 -94 -80 34 97 -999 -51 -8 -52 19 -71 -69 -44 43 -94 48 -999 -86 55 4 -43
21 -55 -999 -39 92 -53 -999 -999 28 -47 -7 25 -17 -84 -28 -999 -25 27 31 -96 -999 53 -47 5 -22 -999 19 -68 11 30 1 66 -86 -15 -58 -88 -999 -999 -999 80 -72 33 -999 25 -93 -97 31 -20 -999 -999
-999 -36 -45 96 44 -56 -999 -999 -8 -62 -63 49 -16 0 -30 -5 89 -999 -999 43 86 -999 36 -29 -52 -999 21 38 99 46 67 92 -35 47 -999 -64 -69 -999 -999 -77 24 96 94 -999 -62 34 -42 46 -53 43
-999 3 -85 -100 -21 -60 21 -35 -81 56 90 22 -46 -3 -95 -73 58 87 62 -33 -999 -35 -55 -87 66 -45 -21 8 -65 47 -999 -5 -999 35 -97 -35 -999 -999 -89 -15 -999 -999 -7 84 70 -25 95 44 42 -31
33 38 12 -999 70 75 -999 -26 24 -8 -999 68 -73 1 71 13 -999 90 -999 29 -72 1 50 -35 27 -76 15 25 72 26 -9 42 -84 -999 -79 -999 -999 -9 -47 -17 17 98 -999 -35 -999 -85 87 -83 28 83
-999 40 25 71 -62 19 44 -999 -64 57 63 51 -999 -10 -33 -77 64 -999 -67 84 -999 100 -999 -999 53 -48 59 -40 77 -41 -2 -70 -999 -54 62 -85 -999 98 -999 96 -38 15 57 -89 62 -54 18 -20 -100 -93
-999 94 -12 -43 -93 -2 -83 4 44 82 17 2 -65 91 13 90 -999 -23 -999 -18 -33 -41 2 -53 48 -999 -29 -999 3 -60 -54 69 -999 -2 -82 -62 -52 -85 -75 -48 -28 75 -999 15 -2 -999 91 93 -999 -999
-999 -999 -11 27 -999 -999 1 -999 56 10 83 -33 99 74 -6 -999 66 -999 -23 -999 16 49 68 16 28 69 -999 -45 22 -82 51 -999 35 -25 64 -999 4 42 -94 0 -999 -999 82 -30 -78 -74 35 -37 -999 86
-27 30 62 57 32 -79 -999 -31 29 -24 76 -999 -47 -999 69 -999 -999 -92 -76 55 -51 -999 0 -18 -36 -75 -999 -999 100 -11 -47 -81 -48 -28 -50 -48 36 74 -999 -21 98 38 -4 -64 10 -999 15 55 -95 -49
-82 -30 5 69 28 74 -15 -999 41 23 -999 -999 23 49 -22 -16 88 -81 94 96 32 -999 100 -89 -36 -999 -73 -32 33 10 -96 23 -999 19 29 83 48 2 -21 94 -56 -11 -91 17 -48 -41 -999 55 -999 92
-91 -999 70 -64 65 61 -13 67 -87 28 -999 -999 -999 41 -42 12 -58 94 92 90 37 67 64 45 -999 -64 -20 -999 -999 56 6 -999 -18 22 -67 -14 28 -97 -20 83 76 -41 15 68 -999 -4 -999 -50 58 -999
62 60 -11 -4 -98 66 -999 1 -86 -999 -38 -63 -42 -54 -999 -999 -13 84 -2 96 -75 -999 39 -999 95 -999 -32 49 79 -999 -999 39 -68 -999 -37 -999 -999 -89 -51 -999 -11 45 -16 -22 2 -999 57 -999 -999 -23
-999 78 -62 -30 11 -48 99 45 -19 -49 -26 -65 -999 -999 -47 -87 -35 92 44 -999 -999 -90 -999 52 14 -6 97 -999 65 21 -72 62 -79 -999 30 38 -9 -49 64 -999 41 -27 -76 -9 86 -27 -37 -999 -81 55
43 -13 18 31 -999 -999 -6 82 94 26 -97 -999 76 44 -999 65 -999 15 -4 33 -999 -999 -92 -999 56 -999 22 94 -76 -56 95 24 -54 84 53 -999 98 -999 -999 -5 51 13 52 47 -58 74 -41 -999 52 0
