100 100
0 -30 -999 -999 -92 33 -59 25 56 -9 10 -54 -98 19 1 -55 10 100 35 34 -45 -999 -999 22 16 -13 93 -27 30 -999 -19 20 -2 -68 -31 -999 -25 15 30 1 -47 38 -91 53 -79 -45 -33 -11 9 -999 -999 41 57 16 -999 -999 -35 -999 77 91 7 -14 67 -81 -7 -13 -77 -68 -999 -31 -63 30 -999 -999 90 -999 39 100 82 85 -20 7 -999 9 86 -6 -999 75 -12 59 61 -55 -43 -999 69 14 16 88 -2 53
80 95 -63 84 36 40 -999 45 -88 65 -65 36 80 -999 -61 75 15 -999 -999 -999 26 100 -70 -63 -91 -13 -16 -78 -1 35 -31 99 -999 54 -999 92 13 -3 -98 60 -39 -49 23 -48 -61 -56 -33 82 90 -999 -43 95 76 -43 33 -45 9 99 31 -70 -75 -999 29 34 -72 66 -99 -79 65 14 94 44 35 -999 -999 61 -999 -94 61 -60 79 -999 -18 -52 -32 58 13 36 82 -18 -36 -10 70 -999 71 96 -70 68 66 54
90 -999 12 38 -99 2 -999 -29 -20 -999 -48 79 41 -94 29 26 51 -97 33 -35 -58 -96 -51 -6 35 -68 -81 -33 73 52 -12 -16 -16 83 -88 35 -999 100 -87 62 -73 -50 70 20 94 -25 31 -6 0 34 -79 -48 -999 56 -999 -999 -999 -99 1 -83 -65 -999 18 69 -56 -8 -999 -36 -71 -999 20 -91 -999 24 68 96 -90 75 -93 30 -44 -999 35 57 -40 -999 -38 -999 -57 4 -10 64 -46 -77 13 -77 -22 -3 -48 -83
-999 -60 -999 27 -80 25 11 30 -62 -999 -88 34 -30 -51 -48 -999 1 -15 -7 -999 -1 -71 -39 -999 -48 -999 78 -999 87 56 78 -90 1 -999 -28 -28 -999 53 -999 -38 -57 -17 -56 -52 36 -6 -999 -12 -87 -12 -999 25 -999 62 1 -16 -999 -999 100 20 -25 -18 -999 -999 -4 -999 -66 39 82 -84 75 -999 -83 -999 37 22 -47 64 -999 82 23 93 97 -38 -999 30 -75 -82 -69 -999 91 35 12 -999 1 -75 46 -17 48 -52
-99 -999 73 58 38 28 -34 34 -999 -83 28 -22 -73 31 26 -31 -62 25 98 -999 -14 -8 -81 78 -999 15 -999 -84 91 39 80 56 66 92 -64 -97 -69 42 -52 -80 -999 -10 -53 -14 -999 -16 25 72 -999 98 -999 61 60 72 -97 86 50 -999 -10 -37 -28 10 -13 -3 -999 -999 -79 4 48 -64 -20 -82 -13 92 -999 -83 -69 -86 28 15 -96 -999 -92 63 -93 -999 47 86 -999 -17 34 87 30 49 -71 -999 55 -68 21 -999
-71 -999 59 -49 3 -999 77 -91 -43 70 94 -5 63 43 97 -47 -54 35 47 -8 -999 33 -999 -77 -9 94 -999 -92 -69 30 81 -999 -69 -999 55 -39 54 64 31 3 -24 -14 43 -63 82 -24 -999 -75 23 -81 -21 -999 64 -999 -999 34 -70 -80 -89 -58 -999 -999 44 -999 -48 94 -42 95 98 -71 13 16 -91 44 -15 51 98 -999 77 57 96 -999 -999 -33 61 2 76 -77 68 13 -70 16 -98 -98 34 -99 83 -999 -87 -82
69 28 -58 98 -48 71 -42 -30 -2 -35 -94 69 5 -999 -999 19 2 -75 63 65 33 34 -17 75 -999 13 92 -57 50 -999 -27 31 21 -999 26 -95 88 -999 41 -6 -62 -84 -999 -9 -45 -34 52 44 68 -86 -36 -999 44 -100 76 -53 -76 33 -94 -30 -999 59 -46 -999 7 57 -23 5 -999 -75 47 54 37 2 5 -82 8 -26 95 -100 -21 -60 -56 82 48 48 -2 43 -999 13 82 -90 -73 -94 78 31 54 -999 40 -999
61 21 6 99 68 59 31 -6 -27 -23 85 -999 -46 55 -999 -66 -57 -57 -56 -47 -97 92 -58 -76 -4 -45 87 86 70 -999 66 38 7 77 -88 57 -999 3 -66 87 -43 -27 35 38 -3 -999 -42 -23 77 -999 39 -999 -85 -58 4 34 -29 28 6 -52 1 -86 59 93 7 -48 -999 -999 -11 33 30 -30 78 87 -999 15 -94 -23 98 28 74 -98 10 -18 -42 23 8 47 2 -40 71 -999 93 95 -6 46 -21 -98 18 31
3 -71 -70 -17 47 66 1 -999 50 -74 43 -31 39 89 -999 -999 -51 70 -98 -23 1 -999 -88 -17 77 98 35 89 29 -12 -22 -72 -999 -66 -32 82 55 -71 15 43 -28 -31 81 -99 -15 -57 -999 -16 -999 40 33 -1 -93 16 44 -999 -999 -68 35 -999 96 -999 -74 92 -15 -14 72 14 -29 75 -67 -999 -32 -8 48 25 22 -28 -999 -81 -999 -76 14 -8 36 -67 -88 28 -41 -15 -33 -999 67 -999 65 66 28 -89 -64 -95
-999 35 77 38 -66 -28 -18 -999 86 53 16 -48 -99 10 6 -74 -75 32 -999 25 54 -41 -78 20 57 -99 -76 -24 7 68 -93 -10 14 30 -999 34 -74 -37 30 54 54 -1 62 50 -999 -66 4 -45 64 -999 66 -999 72 -42 12 99 73 1 25 86 -10 -47 -76 -62 -999 -9 -999 1 84 -66 -25 35 -86 42 94 85 13 3 -82 -40 -47 48 -99 -98 -22 5 -58 -9 66 39 79 -62 -999 -89 -29 -999 -100 67 48 -95
-62 -999 -57 -32 -35 -999 -56 -999 -9 -40 -999 -999 -25 90 -83 -2 -33 -13 -999 -999 -81 -999 -999 36 14 -999 -43 -93 -39 97 65 -36 -999 -40 87 -999 -52 -999 -999 -999 -999 72 -84 55 -999 67 8 -53 -41 -999 -84 -999 -65 99 -43 -999 -81 93 -15 -21 -59 67 -62 8 34 -84 37 -98 -57 20 -66 36 -22 -27 -999 -19 39 -21 -85 -60 -58 55 -9 5 12 5 -999 -14 -76 -28 56 -75 -86 -44 -53 44 95 -999 38 -999
-999 93 -14 13 -15 -999 -49 -25 -999 -94 -87 70 66 80 80 77 -9 -100 -999 78 -48 -999 -999 84 -33 88 22 -73 -18 -10 -999 -46 39 49 -999 35 -999 91 85 -999 -1 -999 -999 -999 -31 -999 74 96 -15 63 33 54 70 86 58 -70 -31 51 -83 -69 -53 87 -74 -25 -1 95 -86 -25 52 -93 84 77 -21 -56 47 15 -56 -19 -999 -15 1 71 -18 -89 -999 89 -43 -74 -65 -999 -999 -30 30 75 81 -999 52 96 -16 1
-7 93 -93 14 -8 -20 -999 98 69 64 3 -999 40 -999 -999 -99 30 28 -999 2 -999 47 -999 -999 -28 93 -999 -76 -26 -999 -14 -88 -11 11 -53 2 54 91 33 71 -999 -10 34 2 -27 74 37 48 95 57 4 30 79 -11 -72 -50 -21 -54 41 -999 -999 -999 -66 -999 99 17 -2 81 -999 95 -999 -999 -999 -17 -46 68 24 49 4 72 14 -4 2 11 -22 -999 -999 -7 -92 -96 31 84 -999 66 68 -29 81 23 86 80
-9 28 -999 -41 34 -999 -999 -78 -69 -31 -63 -56 28 -63 -999 25 -23 10 7 -48 3 -999 -31 -95 90 -8 98 76 -31 -999 76 -9 -71 -12 -17 99 -56 -999 -98 31 79 -999 -68 -999 -999 72 12 -56 -82 89 -18 -23 -23 -999 -44 85 -999 22 39 -999 -98 53 24 -38 -94 -5 74 72 43 9 -999 55 -13 8 53 -14 -7 52 -52 -20 76 12 -57 66 -57 91 -999 -35 28 33 7 -54 -61 5 -93 -54 86 -82 89 -85
-57 49 -999 -999 -999 -35 -3 8 60 -14 44 49 -52 44 28 -999 86 40 82 -999 -39 31 37 -74 -999 43 15 -18 32 -74 78 -22 43 74 87 -6 -93 12 -43 -55 -30 -75 -999 -999 -40 90 40 -999 85 -999 -75 -39 -39 -8 -999 -49 -999 -97 0 -999 -999 -999 51 -5 -84 25 12 5 24 71 53 41 -999 -95 64 -999 -999 31 -999 64 -90 -29 -55 -65 -37 63 -34 30 -84 71 -14 -2 -82 86 46 -14 -78 -37 4 -999
-999 12 4 -93 -58 49 90 4 -70 53 -999 -999 5 -92 -19 7 -80 -67 -84 71 58 -81 -8 -74 91 75 94 -83 25 -94 -86 -25 -88 86 -71 -19 -999 34 -93 25 -12 95 -59 -80 1 -999 -999 61 23 -64 15 27 -999 100 72 -35 -999 82 -2 -82 49 -56 1 -80 -40 -66 81 69 32 -10 -999 -999 -58 23 -999 -999 90 40 72 -999 -13 -999 -94 65 -89 31 -66 65 -999 -999 -47 1 38 76 -999 -77 -18 -95 -17 -999
41 -83 -36 -56 28 -999 64 -29 -51 -60 56 98 21 -69 25 -67 21 94 -999 -999 44 77 22 -92 -999 -93 -999 67 -33 -999 -72 -54 -39 76 -25 29 -59 -89 90 -57 -51 -56 -65 -99 25 50 32 7 86 -999 47 -39 -86 -64 -38 -65 40 -92 -999 -34 -999 -39 80 94 -999 -999 -59 56 -96 2 -59 3 -999 -46 -43 -69 -57 -31 1 16 72 82 55 66 -42 -999 -92 -21 48 85 -20 -999 22 -999 -999 -999 66 -13 46 -54
52 -71 32 -19 -89 -12 55 -95 -71 -26 -31 77 62 12 12 -85 -13 30 -999 -29 89 -97 -999 91 -5 26 -60 62 -44 -22 -999 26 87 -41 -8 -12 45 24 -999 -54 -999 17 -61 53 -36 5 -999 91 23 -20 -52 -99 -88 -52 -100 -59 -35 -92 -55 5 -99 -40 -999 -36 92 -999 54 -47 47 23 -50 99 98 54 -10 47 64 -999 -999 71 -88 -999 -65 -85 6 -43 20 -42 38 53 28 -93 -34 21 12 67 -92 2 7 -999
23 58 -43 -999 60 -9 -62 -99 3 22 3 -4 -30 -39 -999 -91 -47 -30 -35 100 54 -47 -52 36 -43 -62 51 -999 -69 49 79 81 36 51 19 54 46 -100 -999 68 46 -8 -999 -93 -999 -27 79 37 67 58 -81 -999 58 -999 35 -72 28 -23 98 77 65 -31 -999 85 -93 -999 -91 78 -53 -16 35 -999 -63 -999 -31 -72 -63 50 -999 -999 -39 -9 -25 46 18 23 38 42 17 -58 -999 66 94 -93 17 23 86 -79 -999 -92
27 -999 73 93 -37 -999 85 52 99 -48 75 59 -96 98 34 11 -999 -45 76 -28 -53 -90 96 -87 -24 -999 93 92 -999 -64 -53 88 -18 -999 -10 99 23 55 -39 92 78 -99 -98 63 -2 -19 -999 -999 -999 -999 -58 67 -999 -95 -68 -88 -98 -82 -60 -55 35 -84 -9 -49 -999 -74 -56 53 42 -999 -12 -75 -56 -45 -7 47 -12 -67 -99 -60 -59 38 -2 -999 -16 -80 87 -22 -999 -24 -27 54 -51 67 -10 15 -39 -13 -98 73
-31 -10 77 -47 83 -999 -77 -68 -77 -70 -98 -8 34 -83 -999 -999 6 76 -59 -54 -69 18 -35 -39 8 23 70 -999 -999 45 -62 -83 -999 -50 54 87 45 -59 66 -999 65 -12 -62 14 67 -999 -999 8 -23 -37 -54 -999 -24 -17 -999 42 33 94 17 10 -999 24 16 41 -41 -36 39 68 72 -5 -999 -50 100 51 57 -67 -16 42 94 100 29 -999 97 91 67 -999 -999 -37 38 -92 71 -49 -80 -9 -19 59 -44 -13 -5 24
-61 -8 -96 -999 71 -98 -80 100 56 17 -67 85 -60 7 -16 -11 -999 26 83 -78 -999 -999 -999 -999 32 -63 -64 -40 -92 91 -35 -35 98 -7 74 84 39 57 -31 23 -59 -59 -38 -81 -47 -999 -999 83 -46 46 -999 -999 -999 66 -999 -18 92 -33 -999 -28 -82 -30 78 -999 85 -36 -999 -36 -82 -88 57 -999 97 -36 26 -999 -6 -999 -66 -67 29 -999 53 -2 -999 -28 9 -999 -999 83 -999 59 -999 -999 -15 61 40 -999 -72 -999
9 79 -16 -14 -22 16 -999 -89 -100 44 -15 59 10 96 50 -999 -38 69 72 90 -67 -42 -999 40 -59 -999 -32 70 -999 -22 -100 -81 -64 -76 93 91 -999 73 -999 11 -999 -999 26 -23 -27 -999 -87 16 91 -999 -48 58 98 -999 59 -20 -72 97 -36 2 14 99 8 24 47 -40 -84 -86 -48 -10 0 24 -17 -999 73 15 60 -46 75 -999 36 13 5 -27 -71 -12 55 -999 -999 -999 -47 -999 -999 66 77 33 -52 -4 -999 -56
87 0 37 83 28 4 -999 -67 77 -999 -999 -72 79 19 -999 58 -999 43 -999 43 -2 89 -999 33 70 98 34 65 -999 -16 -999 -999 -80 98 -999 38 -97 -78 -999 -999 -999 -999 100 -68 -21 -999 65 -999 -57 -85 74 27 83 96 -6 -87 100 -84 -999 -79 -51 13 -46 53 -52 63 -64 -78 75 -2 85 -999 -999 18 -999 22 33 -3 -95 -70 -16 -36 94 -999 91 81 68 -17 -9 -999 -89 76 -92 2 34 -18 -46 14 -56 70
30 -72 -7 -999 -54 21 -69 -44 78 -36 -83 -58 52 8 -83 68 -999 -17 -59 -999 -86 74 -15 -999 -26 62 -49 -20 -999 51 96 40 90 -999 76 -56 49 -28 -51 -999 -81 -999 -70 95 -37 76 34 -999 -999 -3 28 -35 -87 63 -56 60 44 -83 -11 98 -999 -93 -37 -38 -86 -89 -96 -34 -84 67 94 18 -67 -51 74 -999 56 12 -69 -54 -999 -999 -86 21 -999 -15 -94 -999 -999 89 -999 -58 42 -91 -22 -83 -38 90 -97 47
4 11 -999 92 -30 -999 -44 -38 -81 44 -22 -65 -999 -23 16 -999 65 -15 -999 -15 -68 -18 -56 75 -89 -90 -25 -83 -999 -999 0 -59 -999 -36 46 -85 79 18 -999 55 3 -999 -999 -19 -61 -13 -65 35 -61 26 -21 81 -1 -999 89 62 25 66 52 -83 -999 61 -999 -30 94 44 -50 -49 -999 92 -78 -67 16 73 22 -999 -30 -70 -72 -70 -999 -49 -31 77 -13 25 4 12 31 9 -999 23 81 18 58 85 39 85 50 -90
-78 72 -72 78 60 73 86 -22 63 11 94 -999 51 64 98 -999 -77 33 -6 -9 10 -80 29 -76 -40 31 74 -999 7 30 -999 9 35 78 -90 -96 69 70 27 -12 99 39 16 64 -999 -50 -52 -99 -73 -999 -63 -86 31 38 -40 -74 49 9 -999 -87 45 -39 -67 60 -48 -83 -999 66 92 96 -82 13 -55 65 -82 14 -67 -999 36 -54 -999 27 -999 82 -999 -999 -53 53 -36 -97 -97 -22 -999 -999 -78 20 -999 -7 -69 14
-54 -39 -999 -29 19 -20 -999 -75 -17 65 -94 42 76 45 84 -63 -999 16 -68 19 -42 98 53 -48 34 36 -20 7 -999 -90 65 23 -66 12 -36 19 98 80 -33 -999 92 -1 9 58 89 49 26 84 89 -999 -18 -98 -70 80 24 49 36 -100 7 69 -98 76 -20 -999 91 -999 35 -999 74 -999 57 -999 -26 -19 -999 -999 -21 69 14 13 -62 -98 -999 15 -999 43 -61 -999 -999 -999 19 -999 -99 -51 -30 51 -999 -46 6 -64
92 11 -16 93 -999 -58 -96 -79 -999 79 5 -2 88 -6 42 93 -41 95 -51 -68 98 99 -19 -999 -48 44 -76 22 -27 4 -77 93 -11 68 -999 -41 -14 66 98 57 -64 -62 51 3 -999 -51 -54 -999 -41 -60 -69 -59 -23 -91 -94 -18 -24 97 96 72 -999 -40 -12 98 -41 -31 57 82 -999 84 -999 -1 -36 -999 -87 -999 -999 -999 76 -2 81 -999 0 -999 -19 -999 -68 82 -3 25 -54 -37 71 -57 -999 -999 -999 -999 88 -29
-31 32 -999 -33 -18 -14 -4 16 -62 -999 50 -39 -80 77 -33 -20 20 76 68 -999 -37 85 -16 -31 -999 25 -83 73 -999 -999 -68 -999 46 -95 -66 39 -999 59 -89 66 -999 -999 -999 34 24 -999 -999 30 22 50 81 -999 84 -94 -999 -18 -97 -54 -39 -70 -999 -84 -999 40 63 64 -999 -22 18 -999 -67 -999 86 9 56 -48 14 -75 -999 12 44 -3 36 48 -63 23 84 -999 100 42 -26 3 -999 -3 -46 -999 -22 29 -999 -52
37 -19 -999 -33 -34 -14 -28 72 80 -6 -999 -999 -75 45 -999 3 -75 -3 47 -999 74 91 -89 -999 98 -999 76 -84 -56 -59 -1 71 -71 -999 33 -65 9 87 -999 -40 -64 9 46 -999 54 -999 -80 -82 100 73 -29 53 -67 53 9 85 -999 31 -999 -999 18 -999 -14 -52 -999 20 -999 52 3 -99 -999 -70 -88 63 74 -999 -60 -999 -14 -27 33 -13 -999 -20 13 -69 -79 -999 -3 10 -54 -97 -93 -97 -99 22 -50 -58 -57 -27
21 73 -26 -51 91 91 -1 46 42 -17 79 -49 64 35 -999 -63 -85 67 80 -77 93 1 87 -85 -71 -999 -999 -999 -89 -72 7 -2 -999 -57 -58 -999 24 3 51 67 92 22 65 -86 -98 89 -44 -50 -999 -75 28 -999 -999 14 70 75 -36 -91 65 -78 7 12 92 -54 -61 -53 -97 -18 2 -4 -30 -999 67 -71 44 -56 73 27 -62 -10 -74 -46 -999 48 54 -999 -64 -999 -78 -94 84 -71 -71 -54 -29 -41 -999 -2 21 50
-999 -47 44 29 9 -89 -40 33 -51 78 -999 78 -76 -97 -999 -85 52 29 -74 9 29 -999 91 13 -41 -999 -999 -93 -14 -999 89 91 85 -94 -71 78 -41 50 78 52 -999 93 -43 34 97 -4 -999 -16 42 3 -999 73 -31 -999 29 56 24 -999 -999 57 -96 90 -999 -999 69 82 -12 44 -999 68 -10 -999 -40 -64 72 -91 -10 -999 3 41 88 -15 48 -27 98 -70 -14 50 82 91 -999 52 68 51 49 52 74 -8 -55 -10
31 93 -999 56 -92 4 19 -999 -36 81 -999 -999 -38 10 -87 -999 -93 -31 -999 99 -72 -50 -42 -999 -25 -44 -999 -19 72 50 17 -82 -10 82 -50 24 -999 39 21 5 -999 88 -99 43 72 -17 -32 -80 -89 70 75 -11 -45 -36 -999 84 -39 96 -21 -999 47 -999 -13 -999 -62 -8 -999 16 -999 -999 -64 43 63 -51 42 -78 71 -999 28 52 -78 -28 -999 -2 -30 -999 -17 -92 82 -999 -999 -39 -87 81 -14 -48 14 -999 -30 90
-999 76 -999 1 -81 49 -62 -95 -999 93 -9 25 10 85 21 -37 70 -999 -999 59 62 36 -91 55 -78 20 78 86 31 57 -999 80 -18 -54 99 12 -75 -50 90 -18 84 46 -999 -999 8 98 -999 -999 -92 11 40 52 -87 -999 -28 -68 -96 60 -30 -40 -999 9 -999 8 15 -54 -33 -93 -66 84 24 73 56 -999 72 -38 -4 28 -50 83 -38 68 -999 92 46 52 -9 -39 6 -95 -62 -999 -24 80 33 22 -21 -999 3 -35
98 -67 4 -28 25 -999 78 -66 41 55 -999 100 -28 98 -75 76 -34 81 -35 -6 38 70 80 -999 -69 -999 -999 65 -75 -22 22 41 64 -999 22 35 15 -999 -999 14 -83 52 -999 -32 -95 -25 -9 -999 58 23 -21 78 -999 -71 -999 45 65 -5 -30 65 53 23 -54 1 -26 99 -22 -96 -999 -999 -90 -999 -999 -60 31 -84 47 96 -999 -47 35 86 -45 70 8 -999 63 30 -999 -999 14 -999 -999 -41 -99 95 79 -22 -86 -999
-27 63 -40 -38 -999 10 -50 13 -999 74 40 -53 29 -82 -2 -79 -999 19 51 -72 -54 -999 -999 -40 -999 -80 -41 -999 18 -41 -45 -33 76 -31 -35 -27 -78 -999 -22 -43 -42 -999 -86 -999 -999 -999 -92 -94 -999 -999 -999 -85 -42 38 -999 12 -32 81 -999 -22 -999 -76 94 -41 60 12 99 -8 1 -80 93 -86 -1 -999 5 -94 26 59 40 -68 -86 13 69 -69 -26 79 54 45 69 96 46 74 30 92 -96 -33 13 8 -86 -999
24 92 11 -8 -78 -69 -49 -17 -999 3 -9 -59 -93 75 -49 -8 -999 73 70 -52 -76 -64 -31 -999 44 8 -36 -26 93 61 -77 -42 -1 62 -88 4 -45 -999 -999 -29 82 34 93 -999 -44 -999 20 -56 15 -78 -90 -999 -55 46 -34 36 -999 -89 76 -999 36 -4 -56 53 -24 -24 76 -999 -37 -999 68 20 47 -999 -12 84 89 -40 57 80 -12 -67 -999 -999 -38 -56 -16 -25 -999 45 0 97 -999 -97 -999 69 -53 -58 86 -38
78 -999 37 -999 -80 41 65 -19 31 -29 -75 55 57 85 84 -76 -36 -85 -1 0 -999 -999 -89 -22 72 -999 -58 -14 -14 -999 58 61 88 -61 98 -48 -999 -999 -71 42 85 36 70 -64 -999 -98 -10 3 99 -999 -76 -9 -66 -90 -60 -94 -36 73 -999 41 -999 -13 -6 -999 -999 67 61 -999 -10 -80 -999 3 -999 17 41 -999 47 -4 -999 -13 24 -999 -79 -29 -22 87 -999 93 90 -44 56 -999 -999 46 28 -30 89 90 -11 -24
39 47 77 -32 33 -999 -999 85 35 -999 -70 -17 86 -43 -18 35 96 74 -999 -999 33 -60 -49 -42 -57 -50 -100 -44 79 -28 -96 60 -73 -999 -70 -40 -999 -69 -999 -18 -24 13 -999 -4 -24 -59 -94 -999 -999 57 50 -58 -92 -4 21 87 -57 -999 9 -999 15 71 -999 65 -93 95 -999 63 -38 96 -5 89 -31 22 -71 -67 -69 -82 -28 96 79 80 -73 -11 -39 -999 52 -999 -999 -999 89 24 -93 -62 65 51 -32 -16 -999 -35
21 -78 60 -54 -999 -10 -79 81 -46 -84 -54 -45 -42 -999 -999 -999 1 -65 0 -52 -82 47 5 69 51 -13 -999 -68 -42 -32 -18 19 10 91 64 -999 0 -8 -86 69 49 37 -16 -66 14 -40 29 -34 -59 -1 41 -999 -28 77 10 -999 75 -999 -54 -999 -999 26 -85 -8 50 -72 -38 67 -68 83 -91 24 99 -43 -14 -60 62 -38 -999 -44 -52 -66 -999 -99 21 -33 -73 -75 24 -91 -93 99 87 82 96 -22 -73 -87 -999 2
44 -65 55 33 -999 34 -999 -48 -92 -999 -53 -54 3 -68 -24 -31 47 96 -57 -999 75 44 -81 -35 49 -2 -999 24 90 -999 60 -999 93 25 -92 89 97 -94 -89 -999 -999 91 81 97 -999 -999 89 20 87 -37 -32 96 -999 62 61 62 -76 -3 49 71 -46 99 -4 20 36 -86 -11 -999 52 -57 -999 -45 -29 -999 18 30 -999 50 -79 48 -999 -999 92 -81 -999 -31 34 76 -47 89 -96 -999 -999 -8 24 80 -999 78 -54 -42
45 -82 -75 24 49 -80 -34 59 -999 50 61 -999 -32 60 -13 36 74 -56 -94 -90 -999 75 36 -100 92 -999 -99 -75 62 2 30 51 19 21 -82 -999 36 15 -40 -22 -80 -999 -9 12 -999 -999 -999 -999 67 -999 14 -33 -1 98 -99 -999 -999 85 -29 -999 -24 -63 9 -13 48 -97 90 -4 -999 88 40 -82 83 -88 -98 62 -88 49 97 -999 -74 60 50 -999 -8 -47 -13 76 60 -57 -999 -999 86 -73 -999 -67 79 -999 -69 67
-90 -57 -999 -79 -8 -81 -92 99 -999 -69 17 -28 -47 61 55 -10 -999 -32 14 57 -98 98 -999 48 -61 -29 -999 94 -83 -68 25 -12 -89 -71 -999 -95 -3 2 -64 55 -999 -43 -78 -39 55 54 9 -30 64 -999 77 -41 -31 -999 -85 -999 -999 -999 -50 91 -999 58 37 -999 77 -70 24 -39 90 -47 -48 -999 -85 -999 -20 44 -16 -999 -999 -999 51 -5 -999 -999 97 23 -100 -93 46 76 -999 -91 -999 -68 -68 -55 -999 62 -79 -6
-14 13 -999 -999 -999 44 72 6 83 99 -999 0 54 -94 -999 -98 72 -12 73 -999 -10 -97 89 23 33 17 -999 -51 -999 -999 13 53 -57 -11 46 -14 -68 -999 -85 -59 -999 -999 -91 -4 -98 -31 -49 -69 -71 3 -53 31 -73 37 20 -45 -7 -26 59 -999 96 -7 -53 83 -999 59 30 30 -69 -99 -999 -999 62 37 32 -99 4 -10 92 -5 73 -999 72 -68 -999 7 -999 -999 59 98 88 18 -81 72 -999 -59 -97 -63 -999 97
82 -95 -73 90 32 23 -47 -999 66 8 -44 -999 -84 -45 -999 86 -30 -999 44 84 94 2 -999 -73 -69 -38 3 -57 35 -999 -69 31 -42 32 -999 67 3 -999 11 -17 -10 -999 -92 19 27 -999 -62 -36 -80 -999 -999 81 -78 -999 -50 -999 -999 26 36 -2 66 -91 -56 -16 40 43 -10 -999 39 -92 -9 -47 -74 48 -16 -74 -78 -7 93 -43 -98 41 -47 88 36 5 -64 -58 -94 36 71 -2 -7 -5 -63 81 -14 -10 56 79
-60 54 49 77 13 -999 -999 47 5 -43 -91 -87 34 59 -999 10 -42 -999 -999 80 89 -65 29 69 -999 -4 -999 -7 -999 -99 18 -999 -13 -999 6 21 28 85 81 -999 -32 -31 76 -999 20 33 -999 11 68 59 -25 -999 26 21 -999 16 -999 -89 -63 -61 19 -5 -25 -46 -60 1 22 -999 -39 48 -54 12 -999 -5 -999 -71 8 -999 -999 -29 43 100 -49 -42 -999 -61 -4 25 -87 -56 -27 98 96 -999 0 -999 42 -71 -39 50
2 -86 -79 46 30 69 -999 20 -36 -94 35 -29 -30 30 -3 -999 0 -999 -52 -11 93 -50 -68 -89 -999 6 56 -15 90 -999 -48 -8 36 -1 98 -29 -999 -36 74 20 -83 98 5 71 -999 -90 -32 -999 -49 24 90 29 -24 -999 -31 -999 94 3 -31 -999 59 -999 -999 -999 89 -55 26 81 -999 32 -999 62 74 -999 -94 21 -999 -47 66 -999 39 -7 -999 -90 28 51 71 -82 -999 -15 -64 -999 24 -53 -999 46 -14 -999 -94 62
78 30 -999 -999 -999 98 -95 83 -999 41 -999 -92 -56 -20 -999 -91 -999 -54 60 -31 76 26 -36 -94 40 36 -64 28 -999 -999 8 -73 -45 20 7 28 3 88 -999 26 68 91 -65 -34 22 -44 -67 18 27 -999 -999 18 19 -90 -999 81 -79 -999 60 -52 -4 -999 -79 73 -999 71 -3 -999 9 -92 -999 86 -50 -999 28 84 68 34 8 -99 47 -999 99 -999 -999 -39 19 70 -83 13 14 -999 -81 88 -67 54 94 9 -11 91
67 -76 62 97 -84 47 -999 93 35 -14 18 -16 67 -999 23 96 -24 49 -50 58 91 -77 -999 -33 8 91 70 -93 -65 13 -30 -999 41 -999 -72 95 81 95 -999 -31 25 -91 -999 -999 -94 96 8 -999 89 -94 -999 75 32 35 30 -17 4 -999 -16 -999 -999 -97 84 -999 10 39 100 -29 -54 -4 -10 42 -4 -999 -71 76 42 -91 -999 -999 -36 -95 -44 13 -93 -999 25 91 8 -78 87 -999 -999 -92 -35 -77 -999 98 -42 -12
87 -67 25 -5 -63 72 -33 73 35 69 -999 44 -999 15 -38 -11 -98 41 100 -85 64 74 -80 -33 -30 -999 42 -31 11 75 40 -51 -22 66 -999 -999 -999 -999 -48 -999 -999 -999 -78 76 -4 86 36 72 -999 -999 -999 -45 69 -999 -32 -3 -88 18 -70 -18 -84 -43 44 -999 11 -999 100 12 -30 56 90 -22 -92 -68 69 -999 77 -999 -41 -999 -999 59 74 -999 61 -83 -48 58 -78 30 -999 -45 -2 -62 -78 -2 72 -999 89 -44
35 -71 47 63 8 -22 60 -999 -98 14 -98 6 -999 -999 -60 39 -56 -60 -71 -52 -87 78 69 -999 -999 79 41 0 -999 -50 17 -27 -13 33 64 -60 -76 91 -89 -19 -999 13 -55 -23 70 -34 -16 -58 10 -54 44 70 100 13 -89 -29 -32 -999 66 48 -7 88 -25 -12 -47 -999 -999 -33 -999 -94 36 90 54 52 -999 -37 -66 2 8 -65 6 76 57 -83 17 -34 -45 -1 -37 54 -999 -77 -96 -39 -64 -999 -36 -999 -27 -38
-10 -14 23 -45 -999 -38 -999 -26 -78 -76 4 38 60 31 -999 -87 52 97 -26 -999 -12 -53 20 -999 21 -72 -999 -38 12 -999 -87 16 50 30 49 3 77 -44 -88 -30 -999 87 2 -89 -89 -42 -999 13 -47 -11 100 -49 -63 22 78 -32 -81 -999 -19 84 -63 -999 21 36 48 48 85 -72 23 24 -999 0 -65 -999 -94 -15 -96 -999 -82 -999 100 -999 -34 -59 -84 -42 -53 -999 -6 -999 -86 -80 39 -78 9 -999 -68 0 -999 17
40 27 -86 86 39 76 -999 -999 99 32 77 -53 41 -66 -999 -77 -999 -28 -97 -999 80 -999 16 34 -36 -999 -999 49 -93 -89 41 72 -15 25 27 -86 50 63 -14 2 -6 -999 -999 -76 58 -62 93 0 70 58 -40 -39 -30 -999 -999 42 -42 -999 26 -36 -21 2 40 36 20 46 70 -999 -999 -33 -80 85 58 78 65 -84 -999 47 6 -999 -75 -999 -18 -55 -40 -15 -42 -92 -999 -999 -25 -5 -94 69 94 -999 24 -83 -14 65
-999 57 -999 -999 -5 78 -6 -55 -999 50 -45 -76 47 -999 -11 99 46 -999 -15 65 21 -999 -29 -25 97 -43 -999 30 -42 -61 76 -999 68 41 -5 11 35 87 -61 -999 70 -999 -999 64 76 -66 -999 67 13 26 92 32 87 53 62 -16 81 -999 -999 -999 -999 71 -35 57 14 80 -5 -97 37 19 -64 67 -90 -39 -80 -4 -93 37 8 90 -83 -999 18 -54 -65 -92 75 -23 -999 -49 -87 -55 73 0 82 -71 -999 -999 47 -48
86 -99 97 -82 17 -52 7 3 50 45 79 0 -4 -76 66 -51 89 50 20 -999 -58 -20 50 -999 10 98 79 7 -53 -999 -89 -999 -97 -25 -34 -999 93 -67 60 65 49 -75 70 -999 -999 -34 -999 -999 12 99 -73 8 -4 -999 -53 26 -65 95 -1 -89 7 -999 -999 -999 -38 90 -34 -13 -999 -999 -65 7 -60 -62 3 81 36 54 -999 20 -33 16 29 65 72 -61 9 -98 65 82 55 -49 -51 -79 -72 10 -999 -93 -999 51
44 88 -999 -2 -999 -73 -999 -87 -88 44 22 8 -35 -56 -999 -999 -77 -18 3 -43 -56 -29 -999 70 -59 69 55 5 87 -74 -999 47 -999 -82 -82 67 58 33 41 47 33 86 -999 0 -73 92 81 -28 44 4 29 52 -28 -999 -90 73 58 55 -62 2 10 -999 79 -77 21 18 10 27 12 -999 71 -52 10 -999 -71 -34 -999 -73 45 -39 -999 -95 -999 93 -58 49 27 85 28 95 -999 29 -21 18 -999 23 -84 -2 -23 -19
28 -999 -6 -42 -999 -93 -54 -7 -67 80 -999 -2 30 73 -13 -999 67 -71 75 70 94 -999 93 -78 -999 55 -37 78 -25 40 70 -27 -3 -72 -42 65 -999 24 -17 -100 -999 22 -67 0 -999 -999 -999 16 -93 -999 86 54 -10 -999 -46 -44 -999 -62 -33 68 -72 45 58 73 -57 -999 3 -999 10 -24 -32 -2 100 -10 -999 -53 82 -999 -100 -999 -90 89 60 -92 -44 23 56 -87 -999 -89 -5 17 97 -40 15 0 -79 78 -49 -54
90 -72 -88 79 -999 -999 22 87 71 25 -999 50 -999 93 -999 -51 8 76 -999 29 -80 -97 -999 -999 -999 77 73 -71 85 13 -94 -999 68 -53 -999 -999 -55 -999 -999 -81 -12 84 1 20 -98 -25 -28 30 -45 81 -73 59 -999 -999 -84 92 -999 74 -33 -74 -15 -999 -73 -20 -999 -85 64 -999 78 -96 -999 -4 -999 42 42 -999 -92 97 26 91 -999 0 9 -999 -999 63 60 -999 -15 -95 55 -30 -9 8 92 58 9 -999 -999 -11
-999 2 -7 -3 -33 -999 -100 -52 74 61 67 -6 -13 -999 12 47 -56 -999 -999 -999 -66 -14 84 90 92 -24 -74 -90 38 -999 100 51 16 62 -999 78 -999 -49 -20 -16 67 31 -999 48 33 -92 -93 37 -24 100 81 -86 -999 32 13 -3 44 -72 -999 -85 2 54 4 -999 -999 89 -92 -999 97 27 -68 -999 -999 76 -15 26 -96 46 -999 -999 -90 61 -85 -13 -25 -58 72 -999 61 27 -57 -72 60 -14 -999 -87 -28 -999 -91 21
-18 12 -999 54 -999 -78 61 -86 93 -10 100 -999 -71 75 -39 -12 -80 6 -999 90 -999 -69 -999 -40 10 -1 -72 -93 -999 6 84 -63 -5 -88 20 -999 -96 3 -42 -40 -9 -54 -87 -24 -98 -35 -75 -999 23 89 51 46 3 -1 -44 -39 -96 41 72 -64 2 -34 -48 -22 92 11 -999 58 59 -73 -8 -50 -39 -999 -999 -999 12 -15 -999 85 -33 -16 18 -78 36 -19 -999 -26 -12 -31 13 -100 74 -51 -57 -40 -48 85 67 -93
42 -75 -67 -22 9 51 47 -39 -12 -20 87 54 -29 73 -999 96 -999 -17 15 68 -67 -999 -14 -59 -74 -56 18 88 -25 84 -2 -25 -20 -999 -77 88 4 -999 -999 -21 5 -999 69 -8 96 -14 30 97 -999 26 -36 95 3 -4 -13 42 -999 -13 -100 -30 7 -56 -18 -50 32 -43 -78 -10 26 27 91 -8 3 -68 -26 -999 -89 -29 -91 17 -25 -82 -999 47 -999 -56 -999 -50 15 76 -58 98 57 74 11 3 38 -38 50 20
-999 -78 82 -55 -47 85 94 -74 -76 7 -999 -68 -72 -45 -999 -82 24 99 -999 -999 82 -999 75 62 25 -78 -999 48 -93 -999 -83 49 -23 89 97 -88 46 -59 -999 42 -87 -71 -999 -7 42 10 -999 -999 -999 60 28 -999 -47 85 60 -79 66 26 -48 -78 -999 -22 37 -100 -5 -21 -999 71 20 -999 -38 -52 -47 -43 25 63 78 -999 -10 97 -2 -26 -72 33 -999 5 81 17 -15 -999 -49 54 92 80 66 90 8 -70 94 -68
-999 -999 84 -24 52 72 68 -29 -42 57 -8 -73 -24 -27 -93 49 18 70 28 39 -22 -82 -88 -39 -999 -44 91 -100 87 -58 -94 27 12 95 -999 -999 -19 -39 61 81 -999 46 -81 88 49 -999 99 -52 34 -54 27 70 -1 -89 83 -9 -999 -37 11 -999 32 -87 37 -29 74 66 39 84 43 -999 -999 -94 5 -24 -57 -36 34 93 -18 -67 82 -44 -999 -999 -999 -39 55 -93 -27 -65 -999 62 -999 -92 62 88 -999 -59 -999 -82
-999 72 77 -999 -999 -80 -86 58 -82 -999 -29 -999 77 -999 -62 -71 -52 -93 88 7 -52 -98 -999 99 -65 43 80 -5 67 -96 -999 -999 60 -999 27 76 -87 -90 93 10 -999 78 -33 -72 81 -27 28 -999 -88 -94 17 -53 -83 -999 -999 16 85 -999 -10 -999 -10 -999 -999 -98 32 -999 -40 -999 -999 47 10 14 -58 -32 -999 -54 45 -999 -63 -999 41 5 -57 87 -72 -38 -999 -26 -999 -999 -10 -999 71 49 -79 -89 26 16 -999 66
9 88 -38 -29 -76 -66 -86 -54 98 43 -999 -71 36 -66 18 -14 -71 74 -48 -55 20 -999 9 58 -16 -51 -23 -999 -94 -57 53 -999 48 -999 77 70 -94 -999 -83 37 -999 -999 -92 35 -69 -999 -1 39 89 -999 -999 -21 2 95 -90 74 35 59 -7 87 -47 -65 12 1 -999 37 -60 -999 17 -56 -46 -100 96 59 36 -43 -32 -999 52 32 25 -17 -78 -999 95 87 -2 -999 -98 77 -85 17 95 -90 99 41 28 -3 -32 28
-1 -32 86 -67 -56 -35 94 66 34 52 -11 -27 -10 -38 -65 -999 -92 -42 -999 46 -54 -85 87 0 -44 -999 -999 -999 -56 -83 -999 52 100 -53 -21 -52 71 -38 96 -999 -73 -67 -999 -999 -999 0 -999 -62 15 43 83 -999 -66 46 -44 78 9 11 85 51 2 62 -27 -57 -5 -100 29 -53 11 31 52 87 97 3 -94 -99 -1 72 -47 57 -91 -44 58 -68 -43 -41 -999 32 53 -22 -12 -84 -75 -61 -90 -71 90 -999 -32 -999
-999 60 -52 -4 -999 48 -24 -25 -999 -22 -999 51 -11 -39 -95 36 32 49 -10 91 -999 -999 -80 -52 -999 -43 -70 13 -53 32 -72 68 88 11 98 -999 -999 -96 45 53 -8 -999 -74 -999 29 -999 69 -999 -44 26 -999 -42 52 -61 -65 -999 70 -999 -81 53 -999 -72 -70 -35 58 -97 -15 6 69 12 -47 -999 -999 -999 -6 -84 60 -999 93 -17 -999 -999 18 27 -999 -15 -27 -999 72 -999 10 47 84 -999 88 -36 86 63 12 77
75 -92 -33 -999 99 -36 -63 -33 -999 -999 44 86 58 78 -53 -30 -62 31 87 3 21 -999 -999 15 -87 3 19 -99 90 -999 64 -999 44 5 92 -76 -999 9 94 28 -5 -29 7 55 79 -39 -17 -57 -10 -999 -88 -999 -9 -66 -85 -54 -60 0 53 -66 -21 32 -37 -999 -25 86 -999 75 -999 -999 -99 69 82 -16 -8 -999 -19 -999 11 71 -21 -1 -73 -999 8 25 35 84 58 18 -95 -999 -99 -999 74 29 18 -999 -999 -46
95 -25 18 1 -24 62 93 -42 86 -999 -67 -62 25 15 -999 50 -44 -999 -999 -65 -999 -75 25 47 27 73 -999 -94 -999 -999 -90 98 39 65 14 -64 76 -999 -1 -6 34 48 15 -999 -80 69 -999 -999 62 53 58 35 -30 -56 -83 -71 76 29 -999 -15 100 -999 -98 75 -84 24 -23 -55 78 81 -35 -999 -999 82 89 -999 -999 11 -31 -74 -2 -78 -999 -67 -999 -59 -27 -999 -38 90 -18 -69 -999 -88 -51 8 -77 78 28 -57
-39 -999 -2 -89 -999 -999 -999 16 -54 -23 -21 -15 13 -16 43 -9 -14 58 20 47 -999 -76 -17 -84 -72 43 -30 -50 93 -12 -12 -61 78 -999 -999 -83 -89 -40 88 27 -999 -47 -999 -999 -999 24 -11 67 79 -999 -17 -32 -39 -999 89 -65 31 90 -999 -75 -75 -24 12 22 -58 33 -80 -78 84 10 -999 2 -91 -65 -28 -21 -66 -999 -54 -37 39 -41 -51 -999 46 -16 78 21 92 23 -47 29 39 -64 -82 -999 -36 95 57 9
-999 51 -999 96 65 92 51 80 84 -10 -20 -35 -999 -10 81 -81 82 -28 35 -8 -3 -60 -15 74 -24 70 45 -93 45 -93 -72 9 -95 -999 71 -48 -999 -55 86 28 -999 -90 -84 97 78 77 -54 -999 83 88 3 63 44 45 53 90 20 -70 -999 78 -41 34 83 -82 29 36 76 -86 51 45 27 -999 -56 -2 -93 -70 -8 -999 -10 -88 -999 90 -999 -25 38 -61 -999 -999 28 -19 20 -49 -999 85 -8 -999 -93 44 -87 12
33 -93 -83 -999 59 16 -999 78 -52 -999 80 -86 -999 8 -19 -57 -88 -999 12 -999 84 -999 -999 38 -35 -999 -47 11 -999 45 10 -50 65 87 -3 7 -42 25 -999 -999 -80 30 90 67 -94 54 84 -67 -95 61 -999 15 -999 86 -90 -70 -64 29 91 -36 72 10 -999 -8 -80 -999 -51 -57 51 60 -61 -65 47 -92 30 -4 70 -31 79 9 -85 -42 17 -999 -10 29 23 -999 1 -999 -99 -61 -999 38 -82 -19 78 -89 -58 -36
-999 -98 -95 -20 -999 -100 -39 -35 14 -75 -60 42 -98 -67 -62 -49 82 -999 -44 -999 73 -16 -61 -999 12 -6 76 -14 -999 6 -78 86 -999 -98 -99 57 -37 -999 42 52 -999 -999 90 65 22 -15 -999 -85 75 -28 -25 23 -93 -41 -37 -56 89 30 -999 -71 10 10 -19 70 19 25 -56 -89 -78 -57 -62 -2 -6 -999 -84 70 35 71 -71 5 -32 -95 -999 -43 -999 -999 -94 -999 16 -75 -999 -32 -100 -9 -98 86 10 77 -93 -999
-36 52 100 -999 -60 11 -999 -999 44 -70 -73 13 -46 -44 -5 -84 71 -999 33 45 -17 71 52 -36 -3 21 66 -85 -999 -53 50 60 -77 -21 -28 -999 67 -65 -50 -2 -60 -89 -67 -74 -86 -35 -24 -10 -999 -57 -85 -20 -38 72 -38 -999 36 59 -999 64 98 67 -79 -89 -999 82 -999 -34 -50 -58 14 -10 56 -46 -999 25 33 51 16 -82 -35 -22 50 -999 -35 -31 -28 53 42 -27 30 -12 -999 89 -64 -999 -75 -999 -51 -41
-16 14 -999 69 98 8 -27 -81 -45 57 0 93 87 -999 82 23 82 65 92 85 -92 57 -88 -999 27 -999 -3 6 -999 -999 11 97 -20 -51 -2 -67 42 -999 -14 96 71 -9 -999 69 -50 -999 -55 56 97 -999 2 54 37 38 6 -99 90 -37 -53 -64 -42 -84 100 46 73 -94 -999 -999 -26 -81 78 60 97 -79 -46 -81 -16 7 -999 -68 -94 91 43 70 75 -66 -4 12 -13 31 41 -999 67 84 66 -62 63 79 -82 -34
-999 -999 -999 -33 -999 -28 7 6 2 -999 -30 23 -999 -999 -85 -999 -96 -13 -18 42 -93 -78 -99 -42 86 44 -92 4 -999 -54 -5 10 -61 -79 -999 52 -86 32 73 -57 -3 -78 -999 -100 10 61 -80 -79 -47 -16 60 50 -999 -999 76 -88 -43 -999 -999 22 -999 -67 -34 -40 -999 -77 96 -59 -3 52 95 -54 21 -65 3 13 -999 -999 -11 74 -87 11 12 -47 -19 22 -999 -4 34 3 100 -999 -97 14 59 -10 79 -91 94 -999
-87 28 -999 29 10 18 77 -96 -999 -91 79 55 63 76 -54 26 -10 70 73 99 -70 -29 -8 -50 84 30 -53 72 90 86 -91 -40 -83 -999 -23 12 -97 13 -999 -999 8 -79 2 -999 77 42 91 70 -999 -11 -33 -999 60 -82 -26 -999 -999 81 -66 -999 -999 -999 85 3 -999 -99 7 -24 19 90 99 14 -68 -999 -42 87 13 -16 88 -28 11 -31 25 62 99 -8 -77 -999 -41 -65 -999 -999 4 -27 66 -45 -999 -89 10 17
-57 -10 -11 6 -72 -20 -29 -100 -999 -75 97 -78 84 70 -20 39 -999 -40 1 -76 -999 -999 67 57 12 54 -34 88 88 88 -18 82 -999 -63 44 14 0 -78 -60 -71 -8 -999 -999 -999 73 21 32 -77 15 26 -25 96 -48 45 20 -45 -14 -24 78 -85 -79 89 35 -61 77 -999 -999 -999 -11 -72 -32 -28 36 59 21 -86 5 -999 -999 -83 99 -29 36 83 52 -999 -999 23 57 16 54 -999 -7 -32 64 37 -999 -48 88 33
-2 -43 95 27 -13 65 69 13 -53 -62 -54 -91 60 -999 99 -999 -96 -999 -999 -12 -999 -25 -18 17 -12 13 98 -46 -62 43 58 -999 33 -999 -38 -13 20 -47 3 58 -67 45 -91 -94 -999 -56 -77 -96 -20 -67 -54 33 -25 1 -5 90 -27 -26 56 72 -30 74 87 -64 96 87 -28 88 -22 45 4 -6 -5 45 -999 -98 -999 6 55 -999 48 77 -999 -56 -999 -90 -999 73 -999 -999 12 44 80 -999 -66 -86 91 57 78 63
-91 -93 -93 -999 0 42 90 -999 -999 -66 61 49 -71 -13 48 85 -999 72 -999 -999 -76 -45 -80 -10 -73 -50 98 -67 -10 -999 64 -999 -999 -23 -74 -80 66 -10 -50 -55 -62 -39 86 -55 -10 -999 12 -56 -73 -999 -80 -999 -999 -999 -36 86 -32 76 -36 9 38 -62 -999 -76 -23 7 69 4 -999 -78 71 2 -92 17 -28 57 49 97 47 -999 3 99 -999 24 22 -11 -35 -999 88 15 16 -999 9 69 22 -1 -72 -22 6 19
44 -999 68 -22 -40 -999 -61 -79 -93 23 41 93 -58 -57 80 -33 -999 76 -999 -8 -16 -71 -999 30 93 -999 95 39 -13 -80 16 -44 55 56 -58 87 -999 -999 71 -999 -99 -999 82 -83 80 82 -56 -87 8 -999 100 -999 12 2 -1 -999 77 68 21 33 77 97 -86 84 -21 84 -9 38 64 -22 13 39 -32 -999 47 38 -999 -72 54 -55 78 13 -53 -63 -999 -100 -9 33 91 14 -12 -52 -23 -999 3 54 -999 41 6 -999
-999 -999 -65 -86 37 -999 65 -4 -68 29 69 -2 36 63 0 29 -999 -999 -73 81 54 -999 44 -19 63 -999 -79 -23 71 76 0 44 -93 -49 -37 18 28 -94 -26 -57 -999 -999 -94 -999 44 -54 -71 -96 77 -999 78 -6 -999 46 -32 -82 -52 -59 -79 48 -34 46 3 38 50 55 -999 -49 -82 -46 -999 -80 66 -63 12 -999 -999 -37 90 10 -999 -16 96 -999 -999 -999 31 -30 49 -96 86 -97 -13 17 28 58 -10 -23 99 -38
94 79 -999 -23 -26 -999 -10 96 86 82 35 47 90 78 -38 75 70 89 -9 -14 -49 83 29 24 -77 49 -14 40 12 -100 1 -30 30 -2 -30 -6 -96 -34 -93 95 -999 -999 40 59 -41 71 -96 12 87 49 9 54 -74 46 -85 -76 -57 80 -88 94 42 2 -56 87 -58 25 42 -70 53 -44 -9 34 -80 71 -23 -53 -46 -999 -42 -80 -33 63 -83 -34 -999 -999 -999 -999 -26 -86 -999 -999 -999 -999 -999 14 87 37 -26 5
33 28 -2 -999 -999 33 -999 41 -56 83 24 -83 -24 -57 -89 22 -48 98 -999 -92 51 38 26 -999 -61 51 -44 -32 52 87 27 0 95 -999 -999 -63 -4 -73 86 -47 67 96 32 34 -81 -68 -999 -49 -13 95 -32 4 -92 -47 -42 -3 91 53 -40 -999 82 -999 -999 83 -79 -79 -81 76 59 27 25 -94 -999 -74 -52 -7 -28 28 -999 38 -999 -79 -999 -999 48 70 -1 -999 28 -46 94 -41 31 58 74 23 -999 -34 93 72
58 -8 10 90 94 -80 -79 7 -999 25 -999 -24 -100 17 -24 -30 73 43 57 -999 -1 -999 -999 -37 93 -23 -16 -999 -999 -22 16 14 66 41 -12 13 11 -95 -76 -999 -67 81 70 -999 -100 33 -68 88 84 -39 -46 40 24 4 15 -4 -26 -72 0 -16 2 -64 59 -57 -999 -999 49 -79 22 -999 75 -7 -46 -999 -89 -999 -999 88 8 -81 -999 -47 -95 -79 -53 -18 82 -72 87 -18 -63 82 -52 90 -8 13 -98 -999 -999 0
-999 -999 80 -100 23 -90 51 -48 -99 29 -6 78 -58 98 -43 56 -999 -33 -999 -999 -999 65 16 -84 -47 91 90 99 -999 -55 -84 -83 -999 -69 -79 21 -4 1 93 -96 -54 -79 -999 12 -999 3 -91 23 -999 68 63 -48 -49 -999 100 -999 -65 31 -2 80 -999 -11 96 -999 -42 -999 20 49 -1 93 6 15 -34 -88 56 -999 -41 -90 1 83 24 -999 88 -73 35 71 58 2 -10 -999 15 88 -999 42 52 -42 100 -999 -51 -999
-48 1 13 -22 -6 -73 -91 -94 -96 28 -22 -999 -6 -39 -999 -4 63 -34 69 24 -89 -999 81 -85 50 -999 -999 -39 -999 -999 14 -999 -18 42 -999 17 -85 -999 -68 -83 57 -999 -27 27 -12 -31 98 43 -16 -96 -57 77 -86 -68 -4 6 52 78 -14 -38 46 84 15 -999 11 -77 29 -17 -8 41 26 -57 68 93 -999 93 51 -67 -100 -13 -98 -70 0 91 -999 19 -89 -999 14 -999 10 -999 -999 -18 59 78 -999 85 -18 -5
-999 -999 -45 -31 -85 -96 80 54 -999 -999 10 -999 -63 83 -999 -38 59 10 -999 100 3 75 -44 -97 -83 -9 39 -21 -98 -21 99 -84 34 -999 63 76 26 -17 -999 22 4 -999 -21 55 -999 18 -43 77 5 -999 -15 -38 17 -9 -22 88 -999 -77 78 -999 4 -999 60 88 -999 -999 -999 15 -77 -81 -999 27 -35 -100 -78 -87 -72 95 80 -16 95 -999 -21 97 -22 78 -27 -94 40 -40 -21 11 -80 -65 -999 51 76 -30 -999 98
12 -92 -45 -999 97 47 100 33 -74 -999 -64 -999 -77 88 66 46 58 18 77 58 -999 19 -3 19 42 97 88 14 59 -70 9 9 -27 -999 -999 -4 -999 26 95 -95 -62 -37 -30 52 -42 -999 -76 62 -72 48 -999 -999 75 -8 -95 11 -999 75 -62 50 -999 43 -73 -57 -26 12 0 -999 -39 76 -44 -100 -999 -999 63 -999 -999 -100 -95 -80 12 80 69 -94 59 93 -41 52 -81 -69 -25 18 -39 99 -85 -36 40 -74 -96 53
85 -45 69 35 -77 36 45 -52 -74 -999 -26 -999 -54 -30 40 -67 2 -9 6 99 70 75 -88 -45 15 96 -43 87 -999 85 71 10 27 -999 -999 -87 -999 -37 -81 -93 -20 91 89 -41 90 -22 15 -41 7 39 -10 -34 56 28 -999 9 -34 81 -29 -32 -82 35 -999 -999 -69 -59 37 34 -13 60 92 35 -32 4 -50 -999 -78 -4 11 -72 64 47 -999 81 13 -42 5 54 -999 -98 14 0 65 -52 -999 36 -29 -22 40 -67
-56 44 -32 -29 -999 -999 -78 65 24 2 -26 59 4 -12 88 -999 -54 69 -999 -78 63 31 -79 97 -9 -55 -6 94 68 44 -10 97 -22 81 21 -46 -54 14 -96 -999 -86 -27 -7 -999 78 -11 -78 -26 -999 8 -96 5 -12 64 15 57 -999 33 -23 -62 27 -999 67 -34 -999 -35 70 -29 -68 -68 -72 46 -999 -999 -83 -77 3 5 8 12 74 31 31 -26 18 51 -999 -47 78 -71 21 83 -999 74 97 41 90 -88 -92 -999
-84 -57 -999 -3 97 33 22 -35 89 70 -47 53 -999 85 -999 0 41 -999 -999 43 32 -88 -52 -7 76 -999 50 53 80 73 26 -66 -999 64 91 -50 18 75 95 80 37 90 -70 -40 69 54 -999 87 -36 -64 51 -35 51 68 25 55 52 15 89 -54 73 10 -999 23 92 -999 81 97 -67 -999 2 -999 -999 -62 98 57 -81 -999 18 72 82 -52 -20 96 -45 -999 -38 68 -999 -999 57 -3 70 -999 31 -30 -61 11 -999 83
-999 -999 -999 -999 -79 74 -33 -32 -85 -999 -39 -69 -82 56 -59 -999 -999 -73 65 -56 -81 16 84 88 -82 -999 -999 -8 73 43 -999 94 19 -66 -59 -999 93 11 54 49 -94 -999 -25 71 27 13 -61 -39 -92 -999 94 -999 34 -37 65 -22 -1 -999 99 -60 -999 -29 14 -999 4 -69 -999 -46 -88 89 -999 67 38 -93 -75 -999 49 -999 -79 1 -999 -95 100 -36 76 -999 61 -999 -3 33 -999 -999 36 -999 -999 73 -20 62 46 -999
-999 -19 -10 -49 -60 -999 27 -18 -61 35 -80 -85 91 -999 -46 -34 -49 -999 100 -52 -999 76 -999 83 -999 -3 -69 100 -999 -999 -33 38 -49 -74 -999 -62 -999 -17 27 -21 77 -999 -23 87 -87 -78 -999 -42 65 90 -87 6 61 -100 -11 81 24 14 38 29 65 -84 -38 -26 68 -5 -74 -999 -99 -33 52 99 -63 40 41 -77 -60 -39 83 30 -999 -999 -83 30 5 -999 -32 -44 80 -4 -25 -999 -999 100 -4 29 -53 -11 19 51
-999 21 -42 22 -999 83 -34 -24 -94 -37 -39 65 -46 25 -999 -999 36 -999 -24 -85 -999 -74 -999 -64 86 -999 -26 97 7 -88 64 86 -32 -95 -999 -999 33 75 -999 -999 -81 35 35 -73 13 -5 -999 33 -18 -7 -999 48 -79 100 -24 27 32 82 25 -999 82 -999 -95 -999 11 -999 -4 -18 -999 -49 -86 -31 -999 79 33 -3 -44 73 -2 -59 100 -6 19 -999 54 -999 46 25 -21 90 -38 -82 18 50 -999 -89 -17 -63 90 80
45 59 25 -75 -19 94 -27 -11 9 7 -49 -20 72 -100 -36 -13 63 -14 -1 -999 82 -56 -999 6 -999 -70 6 -11 -50 21 89 -999 -999 10 60 -999 -94 69 56 -1 -21 -24 -46 9 -999 -10 -26 -65 -97 -999 75 1 -999 27 84 7 -999 -999 78 -79 -42 20 -90 -999 27 -92 8 -83 35 -71 -9 15 -88 27 -999 84 85 -24 49 92 -999 -89 -45 20 -999 39 72 100 -13 4 -28 -90 11 87 -999 -999 88 26 -999 -999
-999 73 21 81 -999 -999 69 82 84 -11 61 -98 -11 -999 28 8 -79 -70 -96 -100 2 -85 21 -999 -999 -2 -87 26 -999 -84 -31 -98 -15 -999 -999 33 -999 -999 -10 18 -999 11 -73 32 -4 76 -71 35 -27 25 38 -999 -75 66 -69 -52 -63 -11 -19 -58 -5 -62 -96 -56 -999 -999 61 -12 -38 39 -94 -6 24 -87 -999 -89 -69 -93 69 -39 -3 6 -44 54 5 31 -31 66 64 -999 -24 -47 -999 -999 -65 53 -999 58 -92 -97
-999 -55 34 -83 -9 -60 -999 84 -3 33 -999 -15 -29 71 66 40 60 -39 -999 -999 35 12 -59 94 -10 96 -89 -999 77 7 -68 -50 -51 -999 61 91 -42 100 -999 -47 -999 -10 -2 -999 -83 44 -999 -18 -999 -999 48 -999 88 -79 -999 42 39 -999 -999 96 -89 -93 -79 25 -75 -999 3 57 -999 -16 -65 97 -59 -999 -10 -74 -53 -999 -27 -14 26 -46 -41 53 -85 -6 10 -4 -10 -26 -50 -999 86 -67 -20 -62 90 -4 -43 -45
-999 4 40 56 -49 13 13 -31 -23 -20 18 95 -44 -999 59 -14 -93 -95 -30 77 -15 -45 -999 -999 -16 -999 -999 45 -28 -999 -83 -96 -24 -88 -77 -7 49 -3 67 36 24 51 -999 31 -999 -14 85 16 29 79 -50 -71 83 -999 27 -77 -999 -999 84 0 73 0 22 9 13 60 21 -999 72 -999 31 -999 99 -999 62 65 3 36 36 -11 81 -999 90 -999 4 -999 18 -37 29 -36 -999 54 5 -91 -34 46 -98 91 31 0
