100 100
0 -13 89 -94 -24 -95 -999 90 -49 -999 -999 -24 80 83 -999 43 -999 2 -999 -999 -73 -45 -4 22 -34 -95 -999 -999 -999 56 41 -79 98 -999 -65 -89 36 -12 13 -999 -2 -82 -999 -999 -58 -84 -78 -999 -6 -999 -85 -8 -61 -67 -999 -40 21 64 -74 80 -17 12 -45 90 -999 -45 -999 -62 -999 -64 -55 42 -26 -57 -80 10 50 -76 32 -38 42 -34 -999 -97 5 -18 -19 -79 19 -41 99 -47 -999 -5 -16 34 88 71 20 65
-62 89 -99 -83 12 -999 0 -59 52 -66 -999 -33 99 -65 76 92 42 -34 -63 -23 -999 -999 -34 51 -11 -26 32 -999 24 -999 -999 74 -999 -100 -72 -66 66 -63 -999 -97 8 -100 85 -999 -32 -77 -97 84 -33 10 -999 -999 21 47 -11 65 -999 57 84 55 -50 -1 -2 -95 -999 -5 -93 -81 54 -999 74 -999 -19 33 -999 -27 87 -29 -999 -59 49 14 -999 14 -30 -73 -999 -999 85 -2 -59 -999 29 -999 37 -63 -7 -82 -999 -999
-10 -62 48 87 -78 -999 -999 -6 -999 -92 -43 -71 -83 21 -999 -100 -40 -999 -29 -15 -999 82 -98 -9 -7 -46 -999 60 -96 80 -52 -17 -999 83 -48 -999 -51 42 -999 89 -99 22 -999 -999 96 -999 91 -999 57 20 -26 15 84 12 26 34 61 17 -56 23 -40 -999 -999 -70 -50 -25 8 42 69 -48 96 -80 -70 -999 -999 -98 -999 -53 -97 -46 -62 70 -999 42 -9 -82 -19 84 11 -999 70 4 80 -99 71 46 -49 41 -999 -62
-50 -56 -999 -999 -76 37 19 21 -85 -6 0 -38 -44 17 73 -52 -45 -80 -999 -89 88 73 43 -67 -73 -999 80 -76 39 57 19 -53 -95 -999 -42 -999 -84 19 48 -36 7 25 32 -999 65 34 100 89 74 98 100 -25 -66 64 61 -71 80 -999 30 40 -60 -66 -17 -36 -73 -6 8 -999 23 -19 71 68 -94 -81 -62 -100 82 -73 38 73 -56 -76 12 14 -47 -3 47 -999 -64 -34 -37 -17 -11 -79 8 -79 91 -999 45 77
-999 51 13 100 70 82 -14 86 -66 -97 -999 -999 -999 90 71 -74 -88 40 58 82 -97 -14 94 -1 -5 -999 70 22 7 -2 -71 -13 -60 -78 -999 -32 -999 -999 -55 93 0 -83 24 -30 -43 -13 -93 -85 -52 72 -64 -999 -58 74 -55 100 -49 -17 62 -999 -7 52 -999 27 53 -22 41 36 -63 -18 40 -999 14 -16 -999 -83 6 57 91 -24 40 58 -22 -94 -999 99 22 15 77 -999 -43 -999 -5 11 73 -93 -65 71 -999 -80
48 -28 17 -1 98 -13 -68 60 -999 -1 -59 88 57 -999 48 -97 69 -999 -999 -50 24 -999 76 -999 84 71 46 78 66 53 -999 -37 35 -999 -69 -999 -34 55 -56 -999 21 19 -82 -85 -73 56 99 56 -999 -999 -71 10 35 -999 17 36 -56 -63 -81 -999 -20 4 -999 -6 -16 98 9 11 98 18 -42 60 80 -1 -6 20 97 -999 -20 84 -999 11 44 -12 13 99 -17 28 -90 -96 -19 -999 -999 64 -999 -58 -9 68 -999 68
12 50 -999 37 -49 -99 54 31 -51 -6 13 43 -999 49 -63 26 -999 -7 37 -7 -999 -999 50 -999 -33 -999 -86 -47 -61 -96 10 92 -79 -70 -999 39 -999 0 -93 70 32 -999 -999 24 -999 -33 -97 10 46 -65 -9 73 91 -999 -84 1 -28 -97 -6 -34 -999 43 -89 -999 4 -46 -57 -23 98 -100 -94 -96 49 -58 -47 36 -92 -73 38 -39 44 -57 -999 63 -999 -47 69 -999 65 30 -48 18 -999 -41 -48 -64 -999 49 50 -31
-14 97 43 -30 13 -12 -38 -32 -5 -38 -94 -96 -999 -98 -999 96 76 -48 -67 -7 -20 72 -9 -999 28 -35 -999 29 -79 -12 -54 -96 1 -90 -999 93 15 92 -69 63 -73 -999 -52 -999 36 -16 100 13 -59 89 -95 -999 -47 17 50 -999 18 41 95 -76 46 100 -999 9 46 89 -999 -999 0 -999 -61 74 -999 16 -999 -94 -999 99 -34 100 -95 -999 -89 -999 36 52 -999 4 94 81 -62 -57 29 -86 59 94 41 -96 -999 54
-1 -93 -27 -91 -55 -999 -32 -90 -70 -999 85 -98 -1 -99 -85 -83 -78 0 17 -999 31 -59 -999 -999 -67 0 -52 64 -51 -18 -95 -69 52 80 26 -47 -999 4 -58 -999 91 90 93 91 45 34 -999 -47 -999 -999 68 -39 -4 -14 -999 -999 34 70 -77 63 67 54 70 -999 -23 -999 34 66 -3 8 85 -87 -12 56 -999 57 68 68 79 99 3 -999 -999 46 -78 100 -56 17 96 58 -10 -14 -12 -999 36 -62 83 -58 -999 -23
-68 -17 -99 -90 -999 32 -19 73 -51 -42 -999 -88 -999 99 9 42 41 -43 50 9 -69 48 -74 -7 99 42 -76 32 -4 -62 -3 -44 -73 31 -999 -999 41 -82 -95 7 -999 24 12 -39 -23 -999 -2 -10 -999 -999 -50 92 38 31 -66 -60 13 -13 6 32 -95 -56 -29 -999 58 85 -999 -9 -29 16 -999 -999 75 -2 11 67 -999 48 6 -5 100 -74 22 -90 15 26 -999 -999 44 -4 -22 -999 -96 -3 -71 -92 88 -999 -38 -82
66 -24 31 -999 -76 84 100 -8 33 -66 -999 11 -999 71 10 70 -1 79 -60 38 -70 41 -69 87 -34 -45 39 42 -999 -55 12 9 -999 -76 -90 -86 -999 54 -999 13 68 29 93 -40 80 57 -999 -54 67 60 46 61 83 -80 43 -38 36 -25 74 -999 -14 22 -999 19 1 -25 86 -59 -63 -86 -40 10 90 -99 39 61 -27 45 38 -61 20 97 69 -92 -999 52 36 30 85 90 -62 -999 78 -75 -96 -77 -87 -69 -63 -999
24 -21 -26 91 -19 20 -999 -16 8 49 -53 -999 54 36 -74 -91 -10 57 -63 91 -56 -16 -10 -999 68 1 -35 -999 -66 -13 -999 27 -999 -75 61 -2 22 97 80 -24 -8 -999 -32 -999 20 -999 -999 -999 -90 -999 -999 45 98 -999 -60 -85 -72 -84 18 -999 -92 -31 -88 47 -15 -54 34 -59 -39 -999 -999 -75 -72 -97 48 -999 -21 -89 -999 47 61 -32 92 84 94 -999 -999 64 -999 -68 -29 -83 -89 -46 -999 -999 7 -50 -999 -15
-17 29 -999 32 39 -7 -999 8 98 87 -1 -999 -46 -69 -14 71 -92 -43 -999 -999 -17 -999 28 83 -999 -29 -999 -999 -999 40 -999 58 -47 -79 5 -75 -73 100 42 -999 -999 -54 30 5 -999 -93 -5 -999 -999 -71 12 100 22 11 -100 -99 -100 34 -14 20 -999 58 -46 -13 4 -81 61 16 -22 94 -27 -81 37 71 -84 -67 42 45 32 6 -61 -30 82 -54 0 -99 54 -47 16 -20 -999 91 -22 -54 42 -999 -91 -30 -3 -56
-71 -999 69 55 46 23 71 -27 48 31 -999 42 82 -47 -96 -999 -100 -8 -999 -63 -42 -39 -999 44 -999 35 -28 63 -28 55 43 -7 -43 -56 -999 57 34 43 -999 91 -100 -43 -61 -37 -71 -94 -86 6 -999 49 -999 71 70 46 -999 -999 29 56 -29 -999 83 -999 -999 34 -40 -49 -66 -14 86 67 76 98 -60 77 -71 2 83 -19 -999 -999 -98 53 53 62 79 33 -6 -61 92 7 -14 -82 -999 -999 -92 44 -34 93 75 -29
-74 -999 -7 63 -999 -63 -43 -43 -16 -60 40 56 -57 79 23 77 -2 100 -25 -999 4 -999 49 -37 -41 46 73 65 29 -999 -999 34 -999 -999 -75 84 60 82 99 -52 -999 62 -11 17 -36 -999 94 -999 -61 -3 -999 60 -999 -999 -16 90 -51 -999 32 100 -50 -41 -58 -999 -999 77 39 -31 37 -999 -999 -10 -74 -23 -999 -8 -44 -76 54 -999 -66 -36 -11 33 88 -12 -45 -999 71 -999 -4 -52 61 16 -84 -55 -68 -999 29 3
91 -10 67 -39 -999 -56 -50 59 30 51 88 -82 -999 39 -999 87 -33 -1 79 -999 -999 91 -999 -28 -20 -999 61 -22 -999 -31 -82 -999 6 -96 24 -999 -34 33 75 -999 -999 -41 -54 85 -64 100 -39 -29 8 -8 76 -999 -24 24 81 90 -98 97 -27 -999 -999 89 -999 -80 -999 34 -55 -58 -999 -18 -999 -34 61 -35 -999 -999 76 86 -999 -42 90 27 93 3 -999 71 -88 -80 41 95 -999 -58 38 10 -82 -14 51 -82 -63 59
-36 -999 -80 -49 -3 60 -73 14 6 81 -999 38 -999 -999 22 9 -2 8 -999 -61 -999 100 21 -39 -41 -57 -98 11 20 -58 3 -21 -15 -82 -999 -93 25 -2 -999 98 38 49 -46 -999 -53 10 -21 27 95 -90 -83 78 91 8 -999 -999 -66 35 77 -86 23 83 -19 61 -66 47 -999 1 81 -91 -96 -4 -999 -999 38 10 16 -999 22 -55 39 11 15 -1 -51 78 24 40 28 -37 -90 -999 71 42 -999 14 86 40 16 -44
31 87 -999 25 -68 -999 26 -999 -84 -999 -66 67 -79 -999 -48 100 -10 -95 78 -57 -50 -999 -61 -56 -999 -85 -999 -999 67 -16 -76 -999 -24 -40 97 -999 -999 -999 -81 55 -55 20 -999 -65 -999 -43 18 -78 -40 -36 89 45 -9 95 -54 -999 54 97 41 45 34 12 -42 95 -999 86 -24 -85 75 -999 99 -6 83 30 -999 -93 -77 -66 35 100 -20 -999 0 22 -11 23 -14 37 -59 -94 -999 58 -999 -71 -999 22 3 -33 -999 -8
57 -34 -14 -90 -93 81 49 -59 -93 78 -999 -86 -24 41 -50 38 -39 -999 -2 -88 -76 -44 -75 -16 27 -82 -43 90 -16 30 73 54 -999 -57 -8 -74 -999 73 92 -84 -93 -999 76 -29 -999 -59 3 48 -999 -29 37 46 77 -999 -999 -999 -999 72 9 80 -36 45 -65 7 55 60 30 -999 -51 -24 19 -95 34 -999 1 46 -81 18 -87 6 -17 15 -61 -46 -69 -999 19 58 -85 -999 -29 -999 -2 56 -4 -999 -999 82 -89 29
74 -67 86 -91 -51 98 -999 -94 -72 -45 4 -53 -999 -99 10 98 94 -999 14 -999 32 62 65 -73 66 78 -14 -999 -95 -46 -9 94 -79 87 12 70 -10 -94 -70 35 -55 35 -19 -56 15 -29 -34 99 51 88 72 6 24 8 -999 -85 12 88 -66 -71 -5 -58 40 38 -999 13 -64 -32 82 45 4 13 -80 -27 -999 4 1 -95 -68 -999 -81 44 94 -999 45 -81 33 45 -28 -999 18 -999 -98 -14 -44 -999 38 44 92 9
18 16 -999 54 -999 -999 72 -999 6 84 -80 46 -64 -999 -2 -26 -97 -999 -84 -14 -68 -31 -94 -18 -999 -63 52 -78 62 45 -999 49 -83 -999 68 -91 45 38 -36 -87 -999 -92 -999 -999 -32 -999 34 -20 -15 -999 -29 -51 -999 -999 -81 -68 -89 -90 -13 -78 33 43 -92 -100 25 -999 -72 88 4 -20 71 43 11 -999 59 -49 -999 -1 -5 89 33 89 -999 -14 94 -999 -999 -43 -16 27 -999 -30 78 74 76 -65 -5 -99 91 -18
-53 -999 -999 -93 4 -40 61 -999 43 37 40 -100 -11 64 -999 70 -999 9 -2 61 -999 -93 89 -999 14 9 46 -67 -76 17 -69 -999 -58 62 93 -999 48 -42 -999 100 -50 -999 42 -58 83 -54 -999 82 63 -1 -65 -46 62 -23 -999 -30 42 7 -35 -76 -999 -31 -87 62 71 -66 -26 46 -98 82 30 -999 -999 -44 65 -18 -999 97 -999 -75 -39 -999 -56 95 68 -8 -30 7 70 -26 16 -999 -999 -31 -58 49 -32 -999 29 72
82 55 -999 -999 72 13 51 -999 -13 -26 -97 62 79 -96 16 -7 26 -80 -17 -64 100 63 -45 -54 99 41 -49 -98 -40 62 -100 -1 2 -70 12 -999 -999 -999 78 90 59 0 -3 -999 -36 48 -65 -999 -999 4 -51 -13 -999 -41 81 89 60 -40 -63 -81 25 -999 -999 -33 -999 -999 14 -999 -17 90 58 -999 -999 -999 -999 -999 40 -59 -999 20 49 91 -5 -999 -999 91 -15 -56 17 -3 -42 -999 37 -999 25 -100 -26 -28 64 22
34 -999 -69 33 58 51 -999 88 58 41 -90 87 39 -30 0 -12 37 -14 -30 10 -35 -90 -52 50 -999 74 -999 -999 -23 61 -30 -73 -38 -41 -999 -999 -999 72 -44 64 -5 69 54 -76 -999 -53 -54 -26 -23 -20 -46 -8 -5 90 89 89 -64 50 -15 -52 -92 26 -26 94 -999 -72 -92 68 -999 95 30 -999 -89 29 -46 -999 32 -999 0 -71 -999 92 -999 -67 71 -999 16 -93 -9 -32 -29 -86 -50 -53 40 81 64 -999 -999 47
-52 47 -61 -999 38 16 -999 -91 24 41 30 85 34 -999 99 -7 59 -13 -87 -999 49 -73 -42 -24 -46 -88 65 23 81 6 97 -93 68 93 -23 -54 32 -999 -999 -999 -87 -25 -35 39 -999 -26 39 -999 -999 -38 -23 43 82 -81 61 88 -999 94 12 -54 100 93 -4 -999 38 -95 -24 -59 4 -999 -90 85 -83 -9 -59 -86 -74 85 -999 81 -999 31 -60 50 -67 -66 35 -999 -999 -999 24 -85 -79 31 -37 -15 -44 -999 12 14
52 -84 65 -98 -999 -79 -94 -1 99 84 -999 58 77 -72 -46 -999 60 -3 16 43 71 -23 57 -999 -54 97 93 -43 65 -999 -999 14 39 20 34 -999 95 -51 39 56 47 24 15 86 -999 -999 35 33 -999 -999 7 68 -7 87 33 -87 4 91 -999 -86 17 -999 -999 -999 -999 99 -999 81 -31 -999 78 -26 -45 53 62 -999 70 58 70 93 55 69 -96 -37 -33 77 -83 70 -74 89 96 -999 35 -92 -78 30 52 -999 -73 9
70 -999 -52 -77 26 8 52 71 -999 20 66 -999 -79 -59 35 -999 52 -53 -45 5 -999 -7 91 17 -50 -29 -14 17 90 14 -87 15 -63 -10 -49 -48 100 -74 27 90 -999 -64 -79 86 80 -2 54 41 -70 -49 89 96 -45 34 -999 -29 72 -74 7 -71 36 75 37 -99 16 -56 -66 -999 95 2 11 54 -56 -44 -999 43 19 -75 -59 33 85 -82 1 100 6 -92 -63 42 70 3 -999 -999 51 -999 63 -53 89 11 22 56
-999 35 14 -15 37 -42 -42 -55 -999 89 95 -94 -73 44 -61 -76 -999 -42 43 -999 55 17 -999 -999 74 -999 37 67 73 71 -3 -21 -999 19 74 -63 79 8 -999 -5 91 -999 -50 -86 -89 72 72 63 38 5 -999 50 100 -999 -9 -999 -21 46 21 -43 91 -999 36 -83 -51 87 -44 -68 -83 -90 -999 97 30 100 -12 27 -999 -999 38 29 -69 -999 -999 -999 29 -999 44 -57 67 23 53 -43 -999 72 -999 -44 -999 78 -999 33
52 -74 79 87 93 -56 -22 -17 -999 -999 67 -999 -999 15 65 11 -90 -95 -999 -999 -999 -69 46 -56 -999 33 22 54 13 17 -999 -999 81 -19 99 95 -999 -26 -96 74 -31 -57 -85 -98 -999 -83 -999 70 55 -51 -999 68 38 65 20 -999 -999 -8 40 -18 -75 -62 -44 13 20 -98 -10 64 -100 -999 -99 -62 92 -999 -999 -999 -999 -74 -999 22 -65 -999 -8 50 -15 19 93 42 27 -31 -59 -91 -71 -16 70 96 50 91 83 82
23 -999 -20 -999 84 13 -92 3 32 -45 -5 18 -999 -27 -999 -1 -41 -999 23 -30 -66 -9 55 -1 35 -77 -3 -62 -999 8 -56 60 -56 58 20 63 -7 -67 4 90 14 -35 68 -999 26 72 -999 94 42 2 87 -68 25 67 -42 -22 15 38 -99 -999 -999 -999 47 -7 36 -67 20 9 -999 -999 -5 -67 -99 -18 -999 5 -35 -999 -87 -26 65 -57 22 -999 71 87 -4 -90 -82 -12 -999 -66 -999 -999 -999 61 93 64 -39 -30
8 -69 27 -999 48 -58 17 -999 84 -89 -75 4 -3 2 31 -80 -5 -33 -12 -15 53 39 43 52 -999 66 78 -18 -90 -999 -999 65 -999 -999 21 -52 6 -20 -999 -2 57 14 -70 34 -78 -999 -31 -999 -32 12 -91 -37 86 -999 -60 52 -38 75 85 -999 85 -999 56 -999 43 -44 -999 81 44 64 -29 -70 -91 82 -5 -63 2 73 61 -48 38 -34 -999 27 27 -999 -89 78 23 11 3 -16 4 63 47 -35 -66 -46 -83 -21
-53 -999 55 -999 -12 -29 -999 -20 31 -5 11 73 -81 11 63 -76 11 -82 94 -82 -999 -999 -12 33 10 -999 33 17 -32 0 -999 -81 -88 -30 -999 17 -999 -54 -999 36 -999 76 20 -999 47 82 75 -999 96 -46 -999 34 -33 -84 79 -15 6 -999 -999 49 -3 32 25 -999 95 -46 -999 -999 -27 99 -999 -84 5 -999 59 61 -94 27 -999 -999 -999 -999 75 -100 -999 -999 -9 -52 -59 -14 -60 6 -999 63 56 53 34 -10 -999 -999
8 -999 -73 49 62 79 19 31 -4 100 -82 -999 -28 -999 74 10 -10 -89 36 -70 -999 -22 34 -999 -999 73 -75 -93 55 86 -36 -16 -51 -71 -999 78 13 -5 46 -58 -46 -999 22 -90 -27 -71 -999 -999 9 -999 -88 -999 19 -54 -87 67 -6 -66 -22 28 25 -7 -26 -26 -70 75 -99 42 -999 42 50 -41 4 52 10 77 -39 61 -999 87 -85 -98 84 68 42 73 -999 64 -39 -1 98 -46 91 -30 -75 -999 22 55 -61 -29
-999 -999 -65 -4 37 0 -999 -94 -71 60 77 -20 100 -98 -67 -56 -48 69 -77 90 52 39 -67 -22 62 -13 30 -53 100 38 29 98 56 -29 62 -999 -1 -999 79 85 -22 -999 25 -999 94 -999 -999 26 -46 -86 40 -67 -73 -999 54 -999 10 -80 18 6 69 -61 -61 79 52 63 -999 46 43 46 -70 -12 87 -26 -28 -1 54 -41 18 -63 27 -69 -999 -999 -999 -63 11 67 -87 99 -11 -2 -37 100 21 -53 -16 -61 45 -999
75 -999 56 54 39 36 57 -29 -999 27 -60 -82 50 15 89 -50 -999 -999 -18 59 100 97 -58 48 -999 -999 61 -36 20 -29 -17 49 16 -97 -57 58 0 -999 42 -24 30 55 -999 -999 17 83 4 73 -99 -28 69 37 24 -999 -86 -85 -999 -5 6 -999 -999 -63 -999 -43 -999 77 -999 -56 -999 -30 62 -99 81 9 -999 84 46 -9 -999 -21 50 -16 55 -67 -44 39 49 -70 -999 13 -61 -999 -999 -39 34 -999 -52 42 16 -70
-999 -999 -999 11 84 -69 -42 56 54 -10 -95 88 -44 -94 -999 -92 -999 -40 -98 100 0 53 -999 6 -999 -999 -33 -999 -25 61 -81 92 40 -57 60 -29 -61 -21 -100 21 79 78 -999 -999 -999 -73 -999 -999 6 -999 -59 17 79 -59 -999 35 -50 81 -23 -999 88 -999 47 21 53 -11 -93 43 -14 -29 41 -999 93 -99 41 -40 -46 -64 -42 -29 35 -999 -32 94 -13 -72 87 58 5 2 -4 84 -87 -38 -32 0 -999 -76 3 16
-39 -999 -59 48 -25 90 -65 -59 11 -83 -36 46 -80 -73 -14 -68 88 -22 10 -70 -999 -40 -51 -76 -75 35 -77 -999 51 94 -40 8 -999 -48 -21 -999 -92 -87 -17 -39 53 48 -57 12 -38 -76 29 -79 44 74 -80 -999 -44 50 -29 -13 85 -999 -17 100 -999 29 -6 -23 17 -26 -999 94 -25 19 -85 33 10 -58 69 -50 -999 81 59 -999 89 39 52 -3 -14 -23 -999 -999 53 94 35 39 63 -89 -91 -999 51 -45 -31 -88
-79 -999 59 51 -999 -999 27 99 -75 11 84 -63 -92 -999 -61 60 -6 53 0 22 -999 -999 -999 -41 -999 -50 32 -44 -85 -16 3 36 -999 -999 38 70 -74 -88 -81 -58 24 -11 -94 -56 86 -79 -999 33 36 -78 28 -999 -38 -999 64 -62 -83 -999 26 67 -68 58 21 19 59 98 -56 -7 -39 -88 -999 64 -999 -999 -999 -999 11 4 -999 -999 77 78 100 73 7 -98 -14 -94 -999 12 -4 -16 85 -3 -999 -96 -90 89 -999 -4
77 -75 77 86 -999 -13 -999 79 -999 -85 -34 -14 51 30 -61 -98 -999 -93 48 99 -59 -999 -7 -999 3 -92 -68 -2 -34 -999 -23 35 -999 25 -999 98 -100 1 -31 28 40 -999 65 15 54 -22 -95 -33 7 49 50 -46 98 -97 47 -75 -999 17 13 37 20 -76 50 -999 -79 -78 85 -999 -76 -16 -58 -95 7 17 -999 -17 -51 -37 9 25 37 -999 13 -50 -76 -15 -79 63 81 -96 -47 -39 -74 -83 -62 93 -51 -999 42 30
-41 -73 -79 12 38 52 -4 -92 93 -999 44 -999 5 -58 -20 -83 -22 45 -55 -17 87 -999 24 -999 2 37 95 -23 -999 -51 -999 54 -95 -999 95 -999 -26 -999 79 -999 -50 12 -999 -76 -999 -74 -37 -96 87 88 -999 -15 35 -999 50 -56 47 -99 -42 82 -999 -999 -80 7 -66 -99 -999 -70 74 21 -83 71 -999 -13 -62 22 -33 2 -32 18 -96 -21 -9 -999 -90 -999 -55 -97 -100 -50 -7 -4 28 -999 -999 -999 -999 58 -999 57
-999 -12 19 -999 -999 8 87 68 -999 -70 -100 18 43 -999 -42 -81 -87 -1 11 -46 25 -999 -34 -2 39 -999 56 -54 38 -999 70 -98 31 -999 -77 -40 1 45 -25 61 -999 11 54 -51 -7 -49 20 32 90 -26 38 -999 -999 5 -999 21 58 89 -4 18 89 -4 4 -82 -2 -999 -100 -73 30 55 61 -999 -98 83 -60 46 -10 -57 -73 -999 -71 4 -88 -999 32 84 -77 99 -72 -999 81 31 78 98 -1 55 -31 -72 -73 -60
-75 -51 -13 88 39 -999 -97 14 -999 22 -999 26 -999 -999 -999 -61 -999 51 -43 -53 -54 -45 -65 -81 -86 100 -999 -62 72 23 -999 -999 -999 76 -54 -10 -72 100 23 33 -22 90 -999 -45 -999 88 -999 -24 -999 84 71 -30 17 -54 -999 -48 -999 -75 -92 -11 -14 69 -29 -90 -74 -82 34 -21 -14 41 84 -999 36 -32 -31 -50 -999 62 74 57 -45 -99 4 -999 5 74 -999 -999 -16 -90 -61 -83 67 -34 98 32 59 62 -999 51
-76 -3 -63 96 77 93 52 -999 69 -38 -84 81 -62 -999 -72 -77 -22 -999 -999 -49 -96 60 33 38 75 71 -999 11 46 36 -97 -46 85 -999 -999 -999 -68 58 58 62 59 35 -56 13 -36 -3 23 -48 -999 -30 -39 -68 -999 -999 -999 -999 -71 34 -92 -58 -56 84 97 -96 -999 45 -77 -22 92 37 7 -80 -32 -5 64 21 82 -86 -88 -87 -999 -999 -999 12 -21 57 69 35 12 -999 46 -50 -999 2 -22 -92 -64 -999 75 -31
-29 24 81 -99 51 7 -1 84 68 -999 -51 60 -1 -999 -999 83 -9 -999 -999 -23 -999 4 12 -87 52 39 -66 49 42 -45 -82 4 -999 -78 -999 -88 12 9 96 15 -14 -85 63 -999 16 -46 -999 -9 79 -21 83 -18 -79 69 81 -34 54 -85 61 36 0 -91 -999 -44 -7 -76 -999 85 83 69 71 16 -7 -35 -15 14 -6 -999 -76 -4 -999 50 -999 -81 74 -39 -53 90 78 -999 50 -999 -999 59 69 -2 60 -68 4 -999
-999 -5 -20 -62 97 65 19 13 -84 -999 -95 -14 -27 -23 -999 54 -999 -35 87 -70 -14 -49 70 -61 -999 76 -25 31 -74 -71 -9 -999 -35 -50 -55 80 5 -35 -999 -9 13 -999 92 -1 22 17 -85 -999 -100 28 74 -59 11 -999 -45 -9 -30 -99 -34 -999 -25 -43 42 38 -26 13 -56 -999 -90 -39 70 -42 18 70 69 96 -999 -999 -48 48 61 -87 28 9 -71 -53 69 -70 -40 67 -62 -999 33 45 -12 -999 -999 -29 1 70
-999 -999 44 -6 -29 -21 73 47 -999 -41 83 -999 64 -67 -75 -83 -63 23 3 1 -47 -999 0 -999 -20 8 16 -84 47 -38 8 -8 90 -999 36 -11 89 99 -999 -87 -47 -999 12 -55 28 -999 -999 -66 -999 -999 -999 -60 -26 -999 -999 -62 67 -27 -999 64 -63 -73 -99 12 -69 -34 -32 -999 -999 -999 -52 -999 -92 95 -70 -68 -9 -30 -78 -999 -999 33 90 -41 -27 67 -50 -999 -999 -999 53 -99 -7 64 -31 20 29 42 -38 -999
86 -999 98 83 -94 28 -5 -14 -38 -999 -55 58 -62 -41 68 -39 14 18 34 -999 -999 -68 -85 -41 -999 -88 -999 19 -80 89 41 -999 -77 34 12 23 -91 -17 -75 -999 75 -999 6 -999 -25 -999 32 -999 89 -999 -999 69 -100 -70 -999 -999 -3 60 61 -34 40 19 -31 -83 -34 -62 -90 -28 -100 -66 -78 -999 54 -17 72 -999 78 -50 -21 -99 2 -999 -74 57 -999 -16 -999 44 87 9 70 -999 61 -999 -999 32 -18 86 39 12
-999 97 49 95 7 -999 59 1 37 55 -98 -45 74 -999 -999 -84 -999 53 -35 -71 -999 -999 -50 -38 -24 22 60 82 77 -999 54 -33 65 31 38 -999 23 -66 -62 -999 -999 -53 -999 76 -999 -999 22 -34 41 2 -85 87 96 -999 -5 87 -43 -999 -999 67 -999 -52 -87 98 27 77 9 -10 89 -77 51 -21 49 37 17 25 -999 54 60 -100 -18 37 -77 30 -79 -31 -20 69 99 84 -999 -82 -58 -47 95 43 63 -999 -999 -999
69 -61 100 -999 22 -999 -11 12 57 92 13 -70 -14 0 28 27 -999 -999 -42 -10 -999 -999 100 57 76 -999 -999 -73 -78 -999 25 -91 -39 -999 37 -999 -999 -99 -25 0 13 -999 -99 -27 23 33 0 -16 -999 -41 14 71 75 75 -97 21 -32 -999 -98 -88 -68 -999 39 -999 -90 10 -999 -37 94 -73 -44 99 -999 51 -999 6 87 -53 -999 95 -16 -84 -999 68 0 -93 -999 -999 -52 26 -999 -86 26 -999 -85 -999 57 -17 -999 -46
-88 58 -999 53 -24 88 47 23 -67 63 -999 -16 -85 91 60 -999 77 24 -999 -11 60 -54 -999 -89 -999 29 -79 -77 13 98 1 -37 67 -89 -999 -31 52 -46 -87 -999 -64 1 -999 -36 -999 -12 93 -999 -999 -23 -55 8 -73 -999 -999 -98 -19 -999 75 -16 -100 94 -20 23 -999 -999 -999 -48 97 -3 79 -84 -48 9 -41 64 -999 -999 -999 59 -75 -999 -23 -999 57 -999 -99 -33 -14 -999 3 -999 -999 -999 91 -999 68 97 21 4
62 -999 -999 90 71 45 -93 -5 -10 -57 -12 45 -31 10 -999 -999 -999 80 67 -999 64 -24 64 90 -20 -19 53 3 74 -999 -999 -999 12 -999 -78 -12 92 -69 -11 -999 82 98 -61 -999 -999 -55 22 82 99 37 59 14 39 24 81 88 11 -999 -16 40 8 -96 61 -92 34 -999 -999 74 -999 -44 31 -76 94 -88 55 -69 58 59 -999 4 -999 -93 45 -999 54 -999 57 -999 -999 64 -49 -75 56 -64 -66 -999 -65 -13 -33 -999
-22 65 -58 -999 -72 11 -62 -999 -999 55 -20 19 87 -999 -999 -60 -49 -999 -999 87 55 35 63 -999 -999 -999 96 35 48 -27 -82 -999 -999 -46 48 -30 -62 35 72 -999 -99 -75 -999 -999 69 -26 61 -999 87 -35 85 4 -4 44 -70 -5 -999 -999 -57 27 -52 -1 86 -8 1 -21 -39 -999 -999 -23 -16 72 3 -24 96 44 -999 23 -3 -999 70 -45 -999 85 -76 -60 30 6 57 -54 23 41 -999 -999 23 -28 -39 43 14 -999
-999 86 -39 -61 -999 1 -40 -97 10 -999 -11 -999 33 23 12 -999 -999 65 68 50 1 -40 -23 -45 81 -999 -48 78 94 -76 97 -30 -999 47 -999 -999 4 15 72 -999 -999 -18 -999 11 5 -63 -75 99 72 35 -62 34 -31 -92 61 32 -999 -999 -999 -999 -999 73 -77 -76 88 -27 -999 -55 92 -999 49 -76 -43 90 56 -89 61 56 -15 65 -999 -999 58 -94 -999 -81 -40 -49 -999 -60 -22 -39 -33 18 -3 69 48 -999 -78 -88
-100 -20 -80 35 -70 6 -37 -6 83 -84 -999 -61 50 29 -15 50 -999 -100 -999 -17 -999 -50 95 42 90 -999 -11 -999 -999 92 -87 65 -89 -999 -43 17 -999 64 41 -66 56 36 -999 95 23 -999 31 44 -999 35 -71 22 -999 85 87 -92 -11 -999 -82 -98 68 -85 -46 9 -999 -999 -71 27 -999 75 -999 15 -42 49 63 23 -3 -999 67 -999 -29 -41 -999 -999 24 -999 -74 -20 97 10 -33 77 -999 99 -7 -999 -999 -21 4 90
43 -13 -20 -39 -29 89 24 -86 -98 10 -999 -999 12 -999 35 95 -68 82 -77 88 8 39 -999 -14 -999 21 75 1 -97 97 49 42 91 -999 87 -999 -70 -80 25 -999 -68 -85 -12 44 76 -999 -77 -47 48 -67 -29 -100 37 26 -12 -2 -8 -999 -11 -999 -100 -999 -31 38 -16 -53 7 11 33 -36 -56 40 10 -36 -999 52 -999 -999 -27 -54 19 48 47 50 -999 -30 35 27 10 -94 -89 93 21 21 18 -29 87 -999 -92 66
21 -999 -32 40 -79 -82 63 -21 -7 -59 -34 -30 72 -999 43 -97 -4 66 -999 -999 19 -999 92 -14 7 27 44 -69 -999 38 -100 -7 -10 -55 -85 -83 79 62 -58 -91 -999 -26 85 -999 -999 -999 -52 -83 -41 28 -10 -70 -70 9 84 -34 -3 -15 -97 90 -78 -999 9 -999 -75 68 -999 -78 20 -999 6 -36 3 16 73 -999 -9 53 83 -999 24 39 -7 -999 41 -100 -5 -42 -45 -10 3 43 20 25 -85 25 -66 71 -53 -55
26 24 -84 -999 46 59 -999 42 -21 -64 -5 -66 88 7 -999 41 -999 -28 40 -97 -30 30 48 -999 -999 -48 -57 -22 -92 42 62 28 -7 -9 62 11 -999 7 -1 100 -999 -66 66 -36 -4 44 -43 -19 -37 14 1 -999 -1 -76 -999 87 -23 42 -18 -999 -30 53 -999 93 74 -86 46 11 -29 64 99 10 87 -999 -999 -63 27 -999 52 10 -74 41 -3 -999 74 87 -80 -999 27 12 86 -17 -84 52 27 -89 53 76 -37 -999
-97 -999 -26 91 -28 -999 4 -999 96 -999 -999 -65 -999 -78 52 -34 -44 -88 -999 -999 -49 62 45 -89 -56 -999 -999 -999 4 -12 99 -2 -999 -27 -62 -47 -999 39 -15 -999 -42 81 67 10 -27 11 88 32 -47 42 -16 -43 47 -999 -46 -32 -999 -94 -999 20 -33 -999 53 62 -89 18 78 -999 11 74 -999 64 -86 -999 -46 -74 -999 -999 -39 88 -55 -83 -33 -999 -63 -40 -999 -999 -999 -36 -6 80 -25 30 69 -56 -999 -70 -999 91
30 99 -72 78 -18 -60 27 -999 43 -999 -999 83 96 -76 -81 32 35 -70 49 -96 93 53 -999 64 -7 -999 51 52 -999 -47 -999 88 -69 47 83 -91 20 -44 89 -23 64 -999 -999 -31 -4 -999 59 76 -77 54 92 -7 51 -999 99 -35 28 -87 44 33 6 -6 -999 6 -39 52 89 4 -97 -63 -15 77 35 -8 -999 -999 -999 66 -72 63 100 -75 -48 -19 -999 -31 2 -72 -38 -52 -17 75 96 -41 46 12 28 37 -999 59
-100 -4 -999 -999 -999 -24 32 80 17 -49 1 -18 -28 74 -27 -11 30 -67 93 -86 -78 48 25 -16 -999 -999 79 28 -56 60 -69 -999 -13 -999 -999 -23 -72 5 -75 -28 -36 -77 -999 -13 88 -999 -94 94 -999 -999 -15 72 -999 -999 -74 40 3 80 97 95 -999 89 75 -999 29 -28 -31 -9 33 75 71 -999 -999 -999 20 -47 29 -999 -999 -83 -69 -999 -999 30 -31 -89 -36 -999 -13 -999 -30 -24 89 -54 75 -58 -78 -26 40 -15
-32 33 -999 -999 -44 18 38 42 -999 -999 -76 -51 -8 -3 -999 82 48 22 0 84 14 -67 -71 52 24 86 58 -50 100 65 -14 -999 -999 65 37 68 43 -999 -999 -999 -10 55 -13 -39 94 -62 -999 -44 99 1 -999 -54 37 42 -999 -43 -14 -65 -999 -999 12 21 -999 76 60 95 86 52 29 -999 3 23 -999 96 94 49 -46 -9 -82 -999 100 64 -999 -55 -51 -58 -7 21 -39 -30 48 41 -86 -62 -76 -77 -69 -999 -999 -51
-79 51 -61 -999 -15 -18 70 66 -76 13 93 31 -88 -70 52 -25 -999 26 -84 -63 72 -100 22 -36 -34 99 54 36 42 -73 -999 8 -999 -70 -999 -999 -74 34 68 -70 31 40 -83 -52 -93 0 4 25 -38 -999 -999 52 -10 33 30 -90 -999 -999 24 -999 -999 -999 -999 -42 30 -88 89 88 -999 -999 -61 43 17 28 -37 -8 -95 96 10 32 -999 82 -999 -999 -999 -999 41 -77 73 -7 -29 94 -999 -4 14 0 44 -999 -999 71
15 68 8 -40 34 -999 49 64 -34 -52 -999 -38 -90 -999 -999 59 33 -57 -44 -999 -999 -83 -89 96 -999 -999 3 -38 47 5 83 40 -999 -999 67 56 -90 38 -92 23 -999 -67 -999 7 -999 -999 -999 18 -999 28 -999 9 46 -999 56 46 67 -999 -29 11 -20 55 -66 -999 -39 -10 -71 22 -999 13 -80 -999 11 -999 -13 -999 -5 -999 -1 84 -4 -999 -999 -999 40 61 -999 61 94 -999 -97 -999 -999 41 40 -999 -76 96 -999 -999
-81 37 78 8 26 -999 -79 -999 -64 -999 89 -999 -999 -19 -89 58 -999 -999 -17 92 -66 53 -87 98 80 85 40 -93 3 -89 -65 -6 80 1 -999 -999 -98 21 -72 -999 -999 -999 -999 -93 56 -999 -33 -20 -13 8 75 -34 -4 23 0 94 86 -999 100 -77 -999 36 -999 -44 46 -52 -67 -999 40 -999 -60 -4 67 -97 -999 -999 -45 -54 -999 -2 -43 -999 92 -999 -71 -2 -999 -19 -999 -50 -999 87 -24 91 31 50 -999 -87 18 35
59 -999 -37 -45 -25 10 81 -54 -999 57 84 13 -47 5 -999 -999 24 10 -999 28 77 7 7 -15 -2 68 -42 81 46 26 -40 -999 -95 -999 91 -999 -68 81 21 -20 -999 -999 90 2 -19 -79 76 -999 28 -999 -56 14 -999 -999 -77 77 -999 -99 -999 39 93 -999 -2 -37 35 9 -8 -999 -63 -80 100 -80 96 -39 11 13 46 17 -100 98 -999 49 -17 -38 -15 -63 -46 -1 -94 -24 81 -68 -66 -999 -12 71 65 -10 79 99
-999 -30 12 -999 -4 46 -22 -49 70 29 -999 96 -22 -999 -73 69 50 -7 36 -12 -999 -999 69 4 -999 -999 -3 15 -90 -71 -999 65 -46 25 38 -2 -80 44 -74 -49 -12 -16 -12 -26 -999 34 73 96 -999 88 60 -71 75 -30 10 12 -999 36 -999 26 -66 -999 -999 -65 -95 -58 -999 -999 -999 -90 33 13 -64 -46 12 35 18 -999 -77 97 -21 -1 -52 6 96 -76 -999 4 -60 -999 68 -25 13 -69 88 89 20 -88 -64 -7
-87 -999 33 91 42 14 -35 69 -44 -32 -87 -62 -46 49 -69 -100 22 -55 -64 72 57 66 -999 -55 41 2 -999 11 30 57 -999 -59 64 -999 -93 -999 18 -45 -65 -63 -72 15 62 35 10 -20 -999 -67 97 66 -999 84 24 -16 -96 -85 32 -999 -95 -999 -12 94 -4 -999 -77 -34 -999 28 -33 21 86 -100 30 -67 -50 40 -1 -66 -32 -999 19 -16 71 28 -999 21 19 71 75 80 -51 64 -2 59 13 74 -999 25 -64 -49
-45 -82 -999 -64 -26 -999 91 -79 22 -21 47 -78 75 74 28 -999 -2 -60 18 -50 48 -70 65 -95 -999 60 -69 90 -46 -999 -999 -85 -1 -12 37 -999 25 11 -96 -60 71 82 92 -999 -26 -999 35 -999 -42 -48 -999 67 41 -999 4 -76 17 -6 -55 -999 16 5 -18 -22 55 -999 -13 -81 -999 69 -31 -58 5 -41 -999 -999 51 25 -67 -65 40 -93 -999 -29 20 -999 -999 -999 0 -74 -999 -5 39 0 75 -10 50 -71 -56 -17
-39 -58 -999 87 -10 13 -93 23 62 -95 -5 -999 -999 -39 -8 -999 25 -3 -999 56 -999 -999 82 -68 -11 -999 97 36 -15 21 -999 -999 5 82 100 -999 -74 -999 -5 -999 -999 77 -12 -29 -70 -25 -38 -999 -71 -23 -999 -28 -74 -89 74 90 -55 -76 -999 27 15 50 70 -57 36 -999 27 41 44 -999 -77 56 -999 -24 -2 -42 -35 17 -999 -22 22 20 -999 -50 -999 -999 -91 96 -82 91 -999 -999 35 6 -999 -999 90 -70 57 -81
-999 -89 -999 -9 44 21 48 20 19 -999 -999 53 -999 -21 32 -999 -73 63 -999 25 79 -29 -999 -53 -999 52 -54 44 1 -999 -999 19 -999 4 -999 -999 -999 69 10 -69 -999 73 -73 80 -5 -999 -999 -999 -999 22 -1 14 -83 -999 -7 -81 35 67 50 -51 -47 48 83 78 -1 -41 -82 -14 24 38 -999 -39 42 -16 -999 87 -17 -91 -999 -10 -999 -38 -84 -999 43 -2 55 -68 51 -45 -999 -90 -19 44 100 9 89 37 -39 15
-76 41 58 75 98 -22 48 -999 -5 -10 15 -46 -999 -82 -4 83 70 -68 97 -25 -25 78 -48 -26 -22 26 -98 -999 58 57 -63 -91 -6 -65 77 68 5 14 -999 -999 -26 -80 88 91 51 -999 80 43 93 46 -999 -6 -999 25 57 -999 84 6 -24 -61 -999 -40 -35 -25 -26 55 6 28 -82 50 57 -46 94 -999 -999 9 41 91 31 -999 58 -64 -999 -57 -5 11 -999 20 -71 88 -98 -999 -23 -96 -999 -999 -80 50 43 75
-66 11 45 22 -999 -32 6 -61 -20 87 -999 72 -58 -999 92 6 -999 59 -37 -6 -9 -85 92 -5 -24 35 -999 -21 84 -999 -2 -999 67 -45 -70 38 43 -67 -999 -32 20 -999 -15 39 -1 27 -100 -90 -999 35 -31 -25 -999 58 48 -77 -1 -30 -999 43 -999 70 18 -85 32 11 -999 100 -71 42 -999 79 50 65 -88 -999 -999 -20 82 94 93 10 -55 26 12 91 60 5 46 -45 -41 -999 -24 -999 -999 49 75 -42 -14 -19
-27 20 65 -43 -999 -26 -82 -999 -47 2 -34 32 -999 68 -999 26 -999 -77 11 70 16 -999 -75 -64 -999 37 -999 -37 -999 -999 98 -999 -84 33 -99 -66 -999 37 76 40 -999 -999 19 86 -22 77 67 -44 -999 -999 -13 99 -999 -999 19 -69 -999 -44 -999 -64 -35 71 89 -1 93 84 -89 78 -5 84 57 39 -32 -57 19 -99 -11 71 -999 -999 -999 -82 98 -999 -999 -86 -31 -78 2 94 17 -47 -20 -34 31 38 -14 -33 52 -999
82 -999 -66 -50 -999 -999 -28 -94 -70 -48 -999 41 -51 -999 -29 32 2 -56 -47 -50 -999 -43 13 100 -47 -999 -999 39 6 -79 -100 -999 67 49 33 53 -999 76 51 -83 -999 74 66 -999 -96 29 -76 -12 91 -50 25 17 -80 13 -42 -58 46 -10 -999 -999 -999 -87 72 74 -13 26 -999 84 -9 -15 43 61 -29 -69 6 -999 -999 -86 -38 -62 -68 -7 56 -999 98 -25 -81 -85 -999 -999 96 8 -36 -65 47 21 19 -13 -13 -999
-999 -9 -17 -86 6 -8 -65 2 -93 -42 -87 -999 -999 -76 74 -65 -92 -999 -64 -91 -29 -999 -88 -46 -90 9 -20 -93 39 -79 -58 -91 -18 -17 -999 73 -53 -999 -54 -72 -85 -64 -72 -42 -75 -58 86 -999 1 83 81 82 -11 63 -999 -999 1 48 -32 39 -63 -24 -10 79 40 -22 -24 71 -29 98 86 61 -999 -80 -999 8 82 -35 98 56 -62 -42 57 58 -74 -999 84 -999 -999 -999 -999 34 84 -100 -14 -999 -999 96 13 -15
-66 11 -54 -29 -999 -39 96 -999 -50 -999 64 -7 -74 95 -6 24 -26 -98 -48 -49 -53 36 97 64 -14 -999 -84 -90 -34 85 75 56 66 -66 -56 -84 66 87 22 -60 20 -75 -53 -999 -12 -29 -999 -999 -34 -999 -999 -30 11 -87 16 -19 46 -91 -999 -70 81 18 -24 -77 -32 -46 8 -999 -92 -999 -90 -79 1 -999 -56 -10 -15 67 -999 43 -17 80 -9 -21 -74 -35 -88 98 -33 -999 -999 77 -999 10 -999 57 -999 -27 2 42
-22 78 50 -999 70 -27 27 -6 16 -999 -76 -14 22 -31 38 8 -999 -3 -10 -82 18 86 -86 -999 -83 -63 -999 -27 -38 34 -11 -999 -40 -28 -999 -25 -78 56 -74 92 -24 -60 -61 -81 -30 12 60 -53 -999 -83 -999 -5 -2 93 78 -999 69 45 85 -87 99 -13 17 33 0 93 20 84 2 -62 -999 97 78 16 72 64 -10 60 -22 -3 -59 -87 -52 27 70 10 -999 -999 91 -999 -999 -46 62 82 74 -90 1 -23 31 -999
-81 -999 -999 -62 -57 -87 25 -999 -78 -33 -59 -100 -9 36 -999 -999 -999 4 -12 -999 3 -27 -999 81 -999 -90 -999 93 -23 91 92 -24 -66 -34 -999 -48 14 -999 52 6 -64 -999 -59 42 -91 -999 59 -999 -99 -81 8 -50 -29 40 12 54 67 -17 -3 -66 52 -74 -999 51 -57 -999 -999 30 92 -74 -23 -92 36 -80 89 -96 -68 -14 51 -99 30 -61 -70 -999 -999 -999 94 -78 92 -47 -999 -46 -999 20 -999 -65 51 29 14 -999
69 -87 -1 -999 4 -999 -55 -63 -999 10 -999 28 99 -36 -999 -999 43 -37 62 -999 15 82 44 -52 -32 -999 -16 30 53 59 41 58 -15 -76 -35 -64 -38 -81 87 64 -17 -29 -29 67 -999 -25 -999 85 -90 -51 -4 50 -30 78 -999 94 39 81 42 -4 -56 -52 3 12 -96 25 -37 -53 60 55 1 -43 26 -999 6 36 -21 -999 -999 26 -12 -44 21 -4 -42 -79 99 -15 90 -33 83 66 -50 74 -999 -78 -99 -999 47 -999
-999 -16 -999 -999 -999 -999 -62 -999 -999 8 -999 -999 34 -54 33 -999 -999 70 81 56 -75 86 -999 -60 -65 -80 -100 -12 -100 93 -47 -56 16 -83 93 59 -20 -999 56 -64 93 70 -95 81 58 35 -999 80 -55 5 -78 34 -999 58 2 67 5 61 -82 11 94 98 -86 -999 23 -999 -999 31 -999 -79 26 -89 37 4 -47 36 -81 44 -999 13 -54 67 17 -60 53 -91 -83 17 -80 -26 84 0 -24 -76 56 -83 23 74 -31 -999
-83 -999 -3 48 54 -999 -85 -91 -999 -16 -999 -68 -999 -79 -999 -77 -92 -999 83 88 -86 67 -90 -999 -20 -72 -2 -999 73 71 53 -68 -9 70 -39 5 -7 -38 -82 -73 36 -90 91 -94 -999 -65 72 -66 -40 -999 -999 -19 54 72 -999 80 20 -26 -999 -39 100 74 78 68 -33 34 -999 -45 75 47 4 46 -999 -33 53 -38 -999 -999 88 78 -25 58 62 -29 8 90 -39 -999 -92 -16 -53 -72 -24 -999 17 -68 -999 -82 -76 -29
-999 8 -999 45 8 96 -55 69 26 -22 -12 -999 -83 35 -3 60 62 -999 61 -39 -60 40 -45 79 -78 70 2 -999 -999 -23 -37 -50 -22 -49 -999 60 -999 1 89 -52 80 -999 -71 50 83 -70 59 -5 -999 -999 56 42 -60 -99 -19 -999 -999 -15 -999 -999 -79 13 53 61 -48 -999 -15 98 -26 16 -999 21 8 -999 -999 -8 -999 51 11 -999 1 9 64 -60 -20 -86 -44 -5 -82 28 -999 46 91 21 81 8 -49 -3 -999 -999
61 34 -33 99 -999 92 95 -84 -69 -81 54 0 59 11 16 -39 -36 2 -3 -5 27 -67 25 25 87 92 -999 -27 -5 -17 -999 28 -4 18 84 -999 13 -84 -52 53 -72 -47 5 86 -81 -19 55 9 -29 -80 -999 33 45 -30 79 -11 -5 -999 -52 -14 -29 -999 -48 34 65 29 -88 -22 68 -99 -62 45 27 -52 -999 29 -999 57 -999 -90 -78 -67 -999 86 -9 -90 35 -24 -4 -9 59 -16 -62 7 -33 -51 13 -999 41 -66
-1 -999 97 -999 41 64 -49 -28 -999 28 -31 14 -56 -26 -999 -17 -30 -22 79 28 -99 56 6 -47 -76 93 -10 -59 76 57 -54 46 -81 -999 -99 -999 -59 -999 -56 -76 2 -95 66 -67 -23 -5 -61 -999 -7 -999 -54 69 79 -999 36 11 17 -76 27 26 -94 43 -31 19 55 -999 -47 -999 -36 -66 46 -70 -999 -18 -32 -40 7 -12 -999 9 -4 -999 -39 -16 19 13 5 66 92 43 -999 -999 -14 -96 2 -999 0 95 -999 -88
82 80 -41 -999 1 -19 1 -7 -21 -999 -999 -81 11 -999 4 -10 35 -28 98 -32 19 94 50 -999 -999 -999 -77 -999 -999 9 18 -25 79 83 99 -60 -89 71 -73 64 7 -46 11 -999 68 77 -86 83 -93 -33 -999 73 -999 31 19 -999 18 -58 -51 -999 -6 -999 -1 -999 -999 -1 57 5 -47 -63 12 -999 -31 -79 -95 -11 38 40 77 -72 -66 -21 24 -10 81 -999 66 51 -96 -41 36 66 32 -57 25 -28 -68 -28 25 55
-15 -23 22 35 -5 -999 -15 -999 -65 -60 -999 -999 -2 -46 92 -999 -999 -999 -39 55 -12 -999 -82 27 -999 -999 67 -95 -26 -999 -999 -1 -70 -999 -22 -37 -49 58 -50 -67 -30 -999 -999 -29 -96 25 -78 -50 62 30 35 -999 -16 -76 -999 -90 -95 -36 2 -77 29 -90 -999 -21 6 -80 -47 -87 -38 -70 47 49 -999 86 -17 -24 -12 77 -999 -999 73 -88 -25 63 -48 26 9 -23 -89 -13 88 -94 -999 100 -30 -999 73 -55 66 12
73 9 -999 26 -999 -8 42 -999 -78 -17 -77 86 34 53 -89 -999 -999 48 -69 63 -89 -41 -999 55 -999 -95 -999 -80 -55 20 -76 64 81 -999 -78 56 -999 70 42 86 -15 40 -32 57 -53 -999 -999 49 11 79 15 -999 95 9 68 -29 -999 66 -6 50 85 50 69 -46 99 39 -999 -65 86 -999 56 42 32 -21 -96 -83 -31 -999 82 84 56 -23 68 -29 -100 -56 24 53 -46 -53 44 -75 -52 -999 83 31 82 100 -999 27
76 -90 -43 28 -999 -999 -43 -100 65 -999 -999 -97 -73 95 -999 -66 -14 -85 -999 78 -999 -70 28 -58 30 -999 -6 49 27 -999 -999 27 -97 51 -999 -47 77 37 97 49 -88 -72 -11 2 78 -69 -43 -73 66 -18 -52 43 -75 -999 65 -41 -6 -20 6 -999 72 -47 16 -15 35 -28 -38 -15 97 58 -87 -999 -999 -3 -100 -95 41 -999 49 -39 -83 42 55 85 37 -999 89 -999 32 79 -999 -47 -999 -27 -86 -92 46 -1 30 47
-999 -15 -31 -32 -38 -82 -89 58 -2 -62 -81 63 44 -33 -999 -999 -74 -54 39 -45 -57 19 -20 -92 40 61 53 30 -999 -12 -81 -11 85 -999 89 -47 -999 -71 92 -41 19 -88 -80 -999 4 -70 40 18 93 -999 59 65 -25 98 -49 45 -69 -68 -66 99 41 -37 30 -4 -97 -94 -999 -62 -999 -67 -31 -55 76 69 -93 56 -23 -92 -3 -46 -80 -76 64 -81 79 96 -82 -999 -999 92 -999 31 -999 -999 -46 -999 94 19 85 -57
70 83 -77 -999 -34 -96 72 -42 55 -51 -45 76 -26 37 83 35 51 97 43 -54 -77 -99 -33 69 -999 63 -999 -1 -999 27 -83 -11 -999 -8 46 -999 10 -999 11 67 75 -999 -999 42 48 -8 92 -62 -89 2 -999 62 23 -999 -999 51 6 41 74 19 -67 -999 -77 -77 -16 -17 25 33 -51 28 72 -999 -56 -46 -97 -999 78 -6 12 89 -999 55 -999 -999 58 80 -999 -22 -1 -999 0 -16 28 -999 -69 -21 83 50 -999 -55
-999 -89 -65 -36 53 -47 -51 -46 24 -999 -999 50 73 47 27 -999 -99 -26 -38 35 -61 68 81 -94 -86 -9 -999 -86 -83 -999 -27 -5 -5 -999 -999 -32 -26 -23 38 -93 -77 19 51 -8 -4 -999 -999 -43 37 88 -999 -17 -999 13 -88 -999 -87 -999 17 -36 -90 86 -999 55 -24 -999 -999 -26 98 56 -999 -999 -83 -14 -999 55 -51 -70 -999 -59 44 -60 -36 -54 -37 43 42 -63 -46 15 86 -999 76 41 -65 96 -999 70 -999 -999
-85 -16 -999 -83 16 -32 -17 -999 67 -60 -999 7 -999 -42 -7 -999 -48 -79 -999 -85 56 -53 27 -20 40 -999 -100 -57 -999 -999 -999 -999 88 49 -32 -2 -89 54 -45 -58 -999 -79 24 64 50 23 86 -10 -999 -999 43 56 0 -1 -999 -999 -23 90 86 11 13 -71 -22 -999 45 10 -1 -83 -65 87 82 -61 -66 82 18 -999 29 -999 -999 -55 94 -999 -5 -999 -999 -999 -100 40 -49 -54 -77 -18 -51 21 -41 -999 -999 19 83 -66
88 -89 4 -28 -72 46 92 -90 -13 50 -999 23 10 50 -999 2 62 -73 -999 58 0 -66 3 75 -69 -73 81 -999 2 -3 -81 -36 -999 73 -23 -91 -999 63 -100 -999 -44 -81 92 4 -65 44 -36 -2 30 -39 -15 1 -999 20 -37 50 31 13 -999 -12 -3 70 26 -999 33 72 63 -999 51 -68 -999 -22 -999 13 92 37 77 -999 -61 -55 -88 48 -9 -76 33 -999 -14 -15 65 56 -999 87 -49 -999 -91 -61 -57 52 -999 -50
-78 -24 -52 -999 -23 40 -8 45 -68 63 -999 -33 -30 -999 40 -69 93 -999 90 -999 -999 12 98 -95 -3 -36 -92 13 -999 -62 -999 -999 43 -37 85 -85 87 -80 -86 -999 2 98 41 -3 52 -47 61 -999 -47 7 -999 47 99 -999 -48 -999 65 -999 -19 -21 -999 84 -65 79 19 -55 56 32 -999 98 -64 -52 -19 -92 -999 -46 -51 40 -999 -94 44 -54 -999 87 93 100 -999 -95 86 -999 -55 88 -999 -47 7 15 -999 66 -54 18
-49 45 57 35 -69 27 51 10 43 -999 78 22 -42 44 69 -999 16 63 -999 -999 36 -30 -999 17 -30 -18 -36 -999 41 -76 59 -999 25 -2 7 -999 -999 -97 -999 -24 -43 -40 51 -37 59 13 -19 95 71 -49 -999 -999 -999 -13 89 -96 -90 60 -999 -44 -63 -57 42 -35 20 -18 -999 -85 -999 -47 -77 -67 -999 16 -999 -70 -999 -999 24 83 -47 40 56 40 -999 -15 -999 59 -20 -99 -98 -80 -999 63 -39 -47 -27 72 50 -27
-999 -25 -999 44 -27 34 68 -33 -999 42 -31 -999 27 -999 -100 -55 77 39 -76 49 12 76 64 -2 -999 -999 -67 -82 96 87 -5 84 -999 91 -90 -81 -999 11 37 38 31 57 -77 70 1 -86 46 67 -999 35 99 93 11 21 -999 -6 -26 97 46 21 30 -999 -9 -63 46 4 14 64 -68 86 -30 89 -999 -91 -999 -999 -20 28 24 37 64 -9 -999 29 -97 48 45 26 -18 -999 -21 -35 98 8 -13 -18 31 -999 16 -999
87 61 -999 -2 -21 97 45 -25 -33 -999 -99 -76 62 -6 39 -43 20 48 -84 -43 28 -7 75 95 90 -85 92 27 -999 -999 71 -49 51 -85 -52 -32 -98 -99 -999 -999 -999 -999 -999 79 -69 -999 -16 -1 -999 20 -999 -999 -92 12 35 21 -58 -999 82 -39 9 63 -27 69 -999 -999 -86 -10 0 -89 90 59 -15 37 46 -4 -1 0 -999 -999 61 80 -56 -22 -57 16 99 -13 72 47 2 22 -41 88 -1 -999 -18 -75 -91 -99
36 -1 -96 -46 -13 18 -999 -999 -999 34 -12 -999 -86 -52 -25 75 52 60 30 -20 -999 97 -999 -4 23 -999 -33 -43 30 -999 -999 26 -999 -68 71 -4 -34 87 40 -18 56 -999 -999 -90 -999 33 -2 -2 -72 -63 -22 -35 -53 -3 -54 -10 -33 -62 -37 32 -20 -36 70 -88 -999 84 -999 74 44 81 -24 74 100 -999 -70 49 37 -76 58 -999 54 -999 71 69 81 -24 68 -49 79 -24 -999 -27 -87 -999 -999 35 85 42 90 87
-63 99 -49 29 11 -79 19 -999 -74 -99 -39 27 59 59 34 -56 -91 -74 -999 -999 -13 -999 -21 -63 -999 51 45 38 18 -999 -999 -1 -57 83 -19 -60 55 10 -999 -42 -57 28 41 76 -33 -12 26 -66 73 -53 46 71 87 -32 -78 94 77 42 -8 -42 76 52 -25 77 -18 -15 21 -999 -999 -999 -19 -95 -84 38 -45 -16 30 -999 -999 -70 34 -86 32 -63 96 -999 -999 -25 43 -999 -24 46 1 38 67 32 -39 33 -30 -34
-999 29 28 -51 15 -11 -999 13 -77 17 -80 -999 -26 -30 -96 -999 -85 58 -2 -999 47 -92 -24 35 61 -999 -40 -38 78 -7 63 3 -999 -7 -999 -62 98 -99 67 -999 -70 34 -999 -999 -43 -63 39 1 56 -45 81 25 -4 -77 26 -20 92 -3 -65 -999 -19 6 -999 -999 -42 -88 10 -999 -91 12 22 41 79 -79 43 -26 83 -29 82 55 -32 9 -15 33 -51 31 97 7 -12 -60 -999 -45 -29 57 38 8 -69 80 35 0
