100 100
0 -999 -90 -999 -999 -62 -999 -90 -999 7 -6 19 -35 -75 1 -96 -999 -91 -24 63 50 -47 78 -999 -999 -67 71 -999 69 70 -66 98 93 -17 44 -20 64 -999 -999 -38 60 42 -999 87 37 97 -100 -999 76 -83 -52 95 16 -58 -98 58 -90 -999 44 30 -99 -49 -999 -63 4 13 28 -999 -18 -999 87 -77 28 -32 -999 65 2 -57 0 -62 83 51 -999 77 -29 -87 -999 -999 -39 65 -999 31 -48 56 44 -67 6 -55 -3 47
0 25 -999 -85 -999 94 -999 21 11 54 -52 45 44 -49 26 -31 -72 -999 -12 -999 1 -100 -999 59 -999 -72 -67 -999 -78 -999 86 -19 64 -999 -41 -16 -999 -75 -4 -999 65 -85 44 -50 37 28 28 45 88 -61 36 -68 15 -4 -22 -66 45 10 -27 -999 -70 40 47 -34 -60 -56 -91 -92 -999 -999 87 -68 -85 16 91 72 -89 81 98 54 90 -999 -999 8 -52 -999 -999 -999 -12 -100 -16 36 78 23 -65 -84 -49 78 -999 -999
-999 81 -999 -999 -83 -46 51 84 -13 -63 -999 23 42 -999 -999 -44 63 -93 97 -10 -999 -100 59 48 -96 -73 -999 -90 -999 67 51 -76 79 -89 -98 34 26 -999 -100 -87 -49 -52 -999 -28 38 -76 56 80 -90 -35 39 14 -999 -42 -100 76 72 60 -53 -999 -999 15 93 48 -999 26 -999 -39 6 5 33 63 -999 -999 -999 -999 -70 -65 -999 35 -999 50 -27 78 -999 -35 82 55 -84 6 -999 59 20 69 58 -33 -999 -999 77 -73
-86 85 -999 62 68 19 -999 -3 -32 -999 19 81 84 32 48 -77 85 100 92 69 -999 -46 -999 -63 95 90 18 -62 43 93 -999 -999 70 -83 -999 86 -58 85 -67 28 -999 0 27 35 21 14 -81 -37 -999 89 -88 29 92 6 -62 -23 -5 -68 90 41 -18 37 -65 -44 -42 -48 -69 -5 15 57 56 -95 -999 -34 71 40 60 -999 -65 44 67 -76 99 -10 13 -100 -78 -88 71 -85 -999 -999 90 81 -84 -33 82 -34 -80 -12
40 29 7 -999 29 18 99 -999 85 -24 -999 -34 -29 -56 -999 47 -999 -5 -17 -29 26 -17 -43 6 78 65 -90 28 -67 22 -15 65 54 54 -13 -999 51 -78 55 -63 0 -999 -57 -999 -85 -999 3 76 -2 -999 50 -999 60 100 -84 35 -25 -36 85 -34 96 -999 -81 16 -86 58 54 76 -999 -16 -76 -59 18 -77 -35 -49 -15 -72 100 -999 30 1 -34 8 -999 -999 29 -90 -999 38 54 -999 -76 -92 -14 -1 63 -17 23 31
4 27 93 -999 -30 91 48 -62 -999 -32 -999 67 -10 -12 28 97 71 -74 -999 -999 -999 -83 -76 0 -93 -999 -70 -999 30 -999 -37 26 -18 -999 59 -76 39 16 -999 -22 -45 86 -999 -96 -999 25 -999 13 9 -2 94 16 -87 -999 -999 -999 -93 -67 36 -999 -999 55 68 -999 21 -999 -999 91 48 19 -89 -68 -82 -25 99 31 -13 98 23 -15 2 -70 61 -91 -4 -59 24 7 14 63 -37 74 -38 26 -15 -22 0 70 -5 -999
-999 -16 -81 19 57 -31 -37 58 57 -62 3 63 -999 52 -65 -999 29 -71 43 -34 24 96 -72 -999 -37 55 42 -62 -1 -28 -999 25 -83 67 -32 -66 -1 -23 -82 -74 -63 -18 -61 13 29 63 64 -16 -1 -999 -66 5 -59 85 -999 -999 79 -999 -97 -38 -16 55 78 88 -999 -28 -51 -8 -25 50 -999 40 -21 -999 -34 -88 -999 -87 -999 62 55 -14 -27 93 -999 -20 -30 13 73 15 -999 51 -999 -52 13 54 47 -999 92 -4
-999 -95 5 23 -999 35 35 39 69 -90 -80 -999 -38 50 -22 -999 -999 -49 49 -999 64 96 81 -999 41 -999 38 100 -7 -51 76 -9 -88 79 -74 -36 -999 46 -999 -4 -2 17 20 67 59 65 80 -43 -53 30 -38 -999 -999 -999 -999 -71 18 10 62 50 75 55 -57 57 67 -999 74 -999 -999 -21 -4 -50 -56 89 43 -1 -999 93 88 -10 86 -999 71 49 -86 -1 47 89 -999 51 -22 37 -87 -999 99 -999 -94 -999 99 83
-92 28 -999 -87 -999 32 -93 -93 58 75 -999 -100 -47 86 -999 1 67 74 -999 -999 -4 13 -999 -83 -11 -94 -88 -999 -38 48 31 71 43 -999 75 -36 16 -999 -25 1 -999 -27 34 39 -999 -87 -999 -30 38 57 -39 -999 34 -83 48 -999 48 10 84 87 48 -999 75 60 34 -86 -91 67 4 97 -8 14 79 -999 -17 -999 18 -5 24 -97 -49 -49 -22 80 -81 -65 -999 -63 -96 -16 -999 -999 -999 -45 -83 -999 -999 -89 -71 -999
45 4 4 65 -999 91 42 -97 -999 50 -999 76 -999 13 33 -61 -999 62 -999 -999 -999 -20 92 -78 -999 -999 31 87 -83 -1 -18 -84 -999 -100 -50 -999 -999 -999 -77 73 70 -999 -999 68 -999 -54 97 -97 -43 -999 -16 -999 -999 73 -999 -9 -80 -71 97 -52 -999 -96 74 -51 -93 99 -31 69 15 -49 63 -999 -11 16 62 -27 -33 -56 -67 -999 54 -16 -999 -57 -999 28 30 76 -46 9 90 28 93 -999 96 58 38 -999 95 -51
-999 -999 -55 -999 -999 -81 3 97 -30 -40 71 12 -12 -999 81 -19 -21 9 78 -49 -60 -99 52 -999 -82 -999 -16 -98 -999 -62 -999 -68 -48 -96 21 -22 -99 -32 86 -57 37 35 -80 -79 -76 -999 -999 -21 -65 16 -59 -64 -999 -61 5 27 -43 79 -999 -999 2 -70 -64 -16 99 -18 -88 68 44 -65 -58 -999 34 59 -999 -93 -999 52 18 49 38 -999 -85 -91 45 -999 92 -6 92 -25 74 95 -999 -96 22 -22 -83 59 -59 -56
-999 67 31 95 -18 -999 -999 -999 -999 -96 66 -999 74 41 44 -2 -80 7 -72 -20 41 0 -999 -21 -92 -64 -999 13 -29 48 -11 13 -28 -46 -87 -73 -999 48 -999 -32 -999 88 52 -67 -50 -56 -999 -72 -52 -17 -999 61 -999 -11 61 -95 23 -53 -15 -999 -999 -57 -999 -999 -2 -14 -44 4 -22 -1 83 19 -16 -35 -82 -5 -93 26 93 -27 89 18 -63 -30 -999 85 -999 -11 13 -93 67 -92 35 41 -100 73 -26 34 -44 -65
-999 -95 -72 27 -70 -31 -999 -999 -40 24 0 50 -36 -100 -999 29 88 -49 18 -48 57 15 -31 85 47 98 -69 -999 -999 -78 35 53 10 -999 -999 -86 -999 -999 78 73 4 11 -65 -68 0 -22 -46 69 65 55 45 5 8 17 58 -18 -91 58 83 32 -74 41 -28 84 -68 16 -999 45 37 -21 -49 -2 77 28 5 16 -999 57 1 42 -34 44 -999 87 11 -11 -96 -5 -11 14 -59 -83 14 -90 -1 -33 33 -19 20 -999
26 19 -52 -75 -90 -99 36 76 19 -94 -999 45 -90 99 20 -999 -64 -999 -6 -999 49 71 -14 59 -56 -55 -22 98 40 -61 -999 -17 -52 -10 -999 41 -999 92 41 -999 -999 -999 28 79 -76 35 36 -13 66 34 -70 -29 -16 -86 78 87 46 -49 93 -999 47 -999 -97 68 -17 -999 17 -74 64 -999 -88 -64 -24 -64 -90 85 70 67 -999 46 -999 49 67 -78 -98 -69 -9 46 -83 -999 -999 50 -999 82 -8 -999 66 75 13 88
17 26 -999 -37 -999 -999 28 90 -999 -999 -4 5 -45 -87 -999 -999 -60 -999 -999 -41 -40 -999 -15 -73 -41 90 35 -33 -59 -97 65 -33 -999 -54 95 60 -10 40 -999 13 -82 -91 -52 42 -75 -40 -25 -73 -56 -999 6 -7 -999 -999 33 -999 9 -999 -70 43 69 -67 69 97 51 86 -999 -35 -48 -8 -999 26 31 60 -40 -9 -64 -78 73 -999 -999 78 4 -999 -100 31 -7 -96 -43 -31 -95 -999 76 -999 -95 88 -35 52 -57 40
10 -999 53 -95 -999 -999 -999 -11 36 81 3 -67 -999 13 76 -65 64 -64 80 12 -73 -67 -22 -999 82 -52 38 -36 -67 -74 28 74 -999 51 -999 63 -18 -999 67 23 -49 -23 -30 -16 -4 -999 87 -41 -45 73 -42 34 80 33 53 87 64 94 97 -93 -42 45 -7 60 -40 -17 -33 -999 -999 79 -999 -999 31 -11 -77 -999 97 -64 40 25 -80 -90 -64 -6 -79 15 30 -999 42 -52 -92 88 -999 -77 54 -13 -999 18 76 -85
-85 -25 33 -68 -999 -6 94 -999 4 3 -999 -999 -2 -41 -27 -65 -999 -22 -24 53 -27 88 23 -93 92 12 41 -999 10 5 -12 51 -48 -36 33 58 94 -24 -36 -51 -999 -42 54 57 -97 -999 -999 -32 -999 69 -999 -98 -999 -58 100 -72 46 -55 61 -25 1 -53 -999 -97 -37 98 2 91 56 -65 6 -82 23 97 -95 -47 70 -2 -999 -14 22 -84 -34 -96 -999 -9 -999 18 -999 99 41 77 88 -76 18 -17 -72 26 -999 -50
-35 54 -999 -999 -999 -74 -12 45 -999 99 -91 -65 24 -999 5 71 -999 61 -1 -999 -999 -1 -44 -38 47 -72 15 -19 9 96 -999 89 -84 -999 -999 -10 -999 -999 -999 -45 30 19 -66 -10 -84 -94 -999 -47 1 -81 78 -999 -999 -999 -45 -17 22 -13 5 95 96 -77 -34 -39 -44 28 -999 -999 -999 47 6 34 -999 -45 -79 -999 100 -70 99 -45 13 -999 -44 -17 32 74 -999 54 -999 -63 40 -999 -999 21 -63 -11 35 5 26 17
-999 68 43 -65 43 -48 34 -999 15 0 -39 -62 -56 50 -999 44 -999 40 -31 -999 -999 -90 -59 8 -999 -6 -36 -999 -94 -99 -83 -61 44 -22 -94 82 14 44 -80 -19 -999 65 -83 14 -18 14 -96 -61 -999 -35 47 -50 -61 -71 -999 80 74 -999 -52 55 50 69 82 91 -67 -999 -64 -97 -56 19 -999 40 77 -85 1 -28 19 -11 100 -84 33 74 -94 -90 37 58 54 -20 31 -7 26 -999 -999 -68 -55 20 -67 -6 68 -50
-54 -39 3 -999 63 -999 -88 -54 41 85 -71 72 74 16 20 -999 -999 99 -93 -999 -53 -25 -74 -64 -55 39 -999 59 -51 -66 49 -45 86 48 50 -11 -999 51 53 27 -14 -999 -999 -48 -2 41 52 -67 -57 -11 -22 -999 8 16 -999 -22 -999 -60 -32 96 -11 60 74 -32 -999 -30 79 -999 -54 47 11 -87 -70 -72 -65 -28 44 -79 -59 51 -92 -3 18 -999 -30 -37 -32 37 -5 -94 49 61 -22 17 -54 -54 -18 -96 33 82
-999 37 -999 -11 -17 -999 81 55 92 72 -999 -81 2 -20 43 -98 67 -89 -999 65 74 36 -45 91 2 78 90 -999 15 72 34 -31 -59 -1 61 -999 -999 -999 -52 28 99 -46 -999 16 -55 -39 -999 12 -24 61 -72 64 -98 -21 -999 96 73 -41 -21 68 -89 -78 49 -73 8 -61 5 -27 -11 100 -999 9 7 62 52 66 -42 -32 1 -10 -25 100 -22 15 61 -1 -39 27 -999 -87 57 -26 -64 -19 -999 -999 -43 58 52 38
16 -11 -69 34 -999 39 68 -89 58 52 -83 70 3 -999 -25 -100 -25 -32 48 -64 -72 30 61 -6 -999 -32 56 -45 51 -37 -87 19 62 -999 64 -59 21 92 -33 -999 -25 89 -47 48 51 -999 -80 -999 24 -999 -98 -19 -999 46 46 -46 88 87 68 -29 -999 26 -12 -999 -28 -4 -98 76 -81 51 -999 -999 -39 62 -999 -12 51 -93 -999 -48 -999 -89 10 -1 -25 -88 69 13 -31 -999 -8 92 14 -50 -2 -999 20 -99 -999 -17
-999 -999 -75 -80 -999 17 100 53 -62 -85 -13 35 -82 70 -999 -999 37 5 -92 -90 -62 -43 87 -52 -999 62 -86 -999 61 -999 26 -20 81 82 -999 -999 -96 -77 100 72 80 -31 25 49 75 -16 -999 29 -84 70 100 78 -89 -999 0 -12 -999 -36 -43 31 -999 -999 4 64 -74 26 72 -80 29 -999 -63 49 61 -14 50 -999 -96 -999 -999 2 49 -55 -32 -65 -45 -999 84 -75 51 28 -66 -83 93 77 -31 -41 91 -37 -999 22
8 -8 -96 -999 21 -18 -999 -19 30 -62 -999 -23 -999 -72 64 17 -29 -999 -24 -36 -31 -999 -999 -999 -35 -999 9 -27 -999 21 -70 58 23 98 23 90 -999 -34 66 28 -92 52 -17 -23 -50 37 -79 55 41 -50 17 -999 -65 -6 82 -999 -54 -96 -14 31 58 85 -22 -57 51 91 -11 48 -68 85 77 51 -59 -56 -76 31 52 -84 88 -21 -51 -44 -999 -23 -999 -10 -75 -98 23 -86 73 52 -999 -999 6 15 5 54 -89 88
20 -65 -25 100 38 -55 -47 47 -999 -999 -17 -16 1 80 15 4 -33 -22 18 33 30 -14 -5 -77 -999 -92 -34 -59 -30 -999 -999 -999 87 -48 14 -999 -35 -29 27 26 -99 -91 76 -65 -999 13 -999 -999 70 -77 -45 96 -80 -37 -57 -48 96 -52 -84 19 65 19 -44 44 -999 -58 -72 -94 -13 72 -1 -28 80 29 -42 9 97 -9 -12 -999 33 -74 90 52 -999 -45 3 -999 53 95 17 -16 -999 -54 -999 -41 -100 -36 -54 67
-58 68 100 99 -999 -999 -96 54 48 -999 99 -10 -999 -30 -98 5 -75 -999 -34 -999 -22 17 -100 -95 26 -77 26 66 -999 -33 -92 67 -23 -999 60 -53 88 8 -95 -76 11 31 -98 -28 46 -84 -999 72 -999 -29 50 49 39 -999 35 48 38 -41 49 -5 -81 66 -999 92 -12 30 11 57 28 -999 -999 18 57 45 -999 -85 -70 89 -41 -96 57 -999 16 -999 -68 17 -999 61 67 -999 6 -999 63 -3 23 -30 70 57 56 -67
-47 86 -22 -999 27 64 -13 56 46 -72 -50 -999 -39 -95 -95 14 80 -14 -999 -999 -68 24 -66 92 -999 38 -75 -999 60 -35 25 -999 -999 -999 7 -14 -45 -47 -22 -999 -999 -999 -30 -999 -57 0 -999 -999 -34 -5 42 -10 65 -999 -1 -55 -91 -76 -88 -14 14 -62 44 -14 52 0 -999 -999 1 -22 -49 70 32 56 -28 57 -53 -96 -999 8 -999 -30 99 42 -27 -40 -79 -999 -36 -999 93 -999 -46 -12 -999 92 94 -32 -59 49
51 -999 68 65 -999 -999 -999 -30 -75 31 -15 -49 86 -999 -60 -59 20 -999 10 65 -77 -21 -91 0 -2 9 -999 -70 -84 -24 92 -999 89 10 68 23 1 83 67 -85 10 -999 76 80 9 45 81 -68 88 -999 -999 65 -85 63 -82 -80 -69 92 -30 -60 -65 3 81 13 78 87 -70 -38 -999 93 10 62 -49 88 -67 -19 -61 -999 28 4 28 1 -22 98 27 -85 -38 -999 -80 20 -12 -999 -999 46 -94 17 51 -16 81 -999
-72 -55 -999 23 93 -999 -61 -999 -999 27 -72 -28 -63 80 -51 -999 69 -999 94 -999 66 -999 20 -3 -98 -999 -999 10 -999 92 -2 96 -20 1 -8 85 86 47 38 13 5 -67 -62 -61 -69 19 -16 -36 -12 65 -81 -77 -80 24 -999 -999 48 48 39 -999 -65 41 -999 -24 14 94 31 -999 -1 -999 -999 12 98 21 22 -999 -88 84 -999 -57 6 7 26 -999 5 28 -13 52 -53 -999 -999 -24 -999 -83 -57 -18 24 34 31 29
42 36 27 41 37 -999 32 -9 4 -999 -31 -999 -22 -7 0 -81 -40 32 -96 -69 89 86 -30 -89 -24 55 -999 -82 -999 45 96 -999 11 -51 -42 97 7 23 -45 -999 54 91 18 -999 -67 69 -74 -66 46 -58 -16 -67 34 -72 80 81 18 -999 84 -62 -27 -68 1 -999 48 -3 48 -999 37 -73 -100 -98 6 -999 15 -22 -57 67 53 5 -74 -65 -7 -85 42 51 25 3 36 -79 37 -999 86 -98 -999 88 -999 -16 -69 -91
71 98 -29 -999 -19 -999 -96 46 65 -999 -50 -34 83 93 -999 -40 -4 81 -999 4 50 -96 -19 -999 30 2 -52 70 -999 -999 -6 -65 -53 -30 12 -96 -89 -1 -51 -999 -76 -100 16 -4 19 -60 -999 -999 -999 -69 56 -65 -63 -92 -5 -30 12 95 80 5 -69 -67 -999 -999 -3 64 50 -83 -999 70 51 34 49 -49 64 -999 -13 -31 -85 -80 -999 -23 19 -12 -999 -999 -16 39 -999 19 -65 -48 -999 -84 -58 -80 -999 7 -999 -25
78 -80 -56 -44 68 79 13 -58 -14 -96 -84 60 -15 -53 38 92 -999 72 -69 11 -69 -26 34 -29 -49 79 77 10 -94 -999 64 -37 -69 -25 64 -999 -999 63 -59 -999 -18 97 -1 -70 37 53 22 -34 19 -82 -999 -999 -95 -29 -44 -999 92 -999 -28 68 -40 -999 70 -88 -999 -90 -1 -19 -999 -999 85 -66 -50 -999 1 -61 -98 77 -44 -59 -50 -18 61 -999 5 48 -4 77 -999 -66 63 -999 -13 -999 33 -999 -46 -999 -999 -25
-999 -75 -24 10 -999 8 -10 95 53 -999 -29 -16 -999 -25 78 -23 -16 -59 -999 -68 -999 -23 16 -90 -999 -92 30 -999 -33 -7 -80 -999 -42 -999 -26 77 29 -20 -49 -61 -98 35 -999 -10 -31 47 21 -85 -2 -56 8 -999 31 -28 -25 -33 28 -999 -53 42 -89 30 -999 -3 -87 60 -82 -999 13 -85 66 -14 59 -14 -21 -999 -15 -999 85 7 1 -35 -999 -66 -5 41 11 -60 25 59 -78 -76 -54 -86 17 -88 28 -999 -18 3
65 -999 29 80 56 -55 -58 41 -42 -999 -91 -999 91 -999 24 17 -14 95 -71 -999 -69 93 7 3 84 62 12 -71 48 13 -45 -83 51 -52 -44 -43 64 -63 -97 -46 54 -999 -58 15 -999 -41 -72 -62 -999 -999 5 -48 -57 -92 42 -90 34 7 70 -67 81 -99 15 -61 -70 16 -999 55 -71 8 -999 99 -71 -98 47 70 -42 -80 -86 -77 -999 -2 49 -50 -2 31 -999 -8 -6 -37 -999 -999 4 51 -19 -6 62 -28 -61 49
36 14 -999 -999 61 42 -18 21 -28 19 3 -69 -999 -999 68 -999 -59 39 -59 3 94 40 100 -23 9 -999 -92 -999 -44 -6 -81 -999 -30 -999 -999 24 -999 -6 -64 -999 -999 17 -53 82 -26 -999 -38 -2 96 34 71 100 -77 -42 -26 99 -999 19 17 -18 -55 84 4 -34 -999 -13 63 -2 35 92 -72 22 -7 77 11 -43 -999 -45 94 3 -7 -999 96 -42 28 14 86 39 32 1 2 85 54 -91 -42 35 71 -999 40 -999
-1 67 -90 -21 -999 42 -54 -87 100 -98 -999 65 70 92 -999 17 -25 -53 -999 -999 -999 -88 -94 -999 -999 -999 59 -100 -89 17 -999 -999 -62 -60 -999 -62 -65 -999 26 -66 -999 -999 -57 -22 15 96 34 51 -17 -78 -69 -87 -999 13 14 -39 -999 -48 35 -999 -999 45 -55 97 93 37 -54 66 46 61 18 50 -73 -32 -63 31 63 25 -5 -21 6 -999 -53 -57 -999 -999 64 -86 -28 -38 -63 -94 28 -999 -94 -95 48 63 -999 3
-45 41 -34 -77 -49 -73 97 -999 -999 -63 24 -999 -58 -999 57 -32 -999 -34 -89 94 -999 8 -999 -999 58 37 -999 68 -999 -57 -999 -999 -17 -34 -60 37 86 -97 -72 18 -999 -37 73 61 -24 -97 -3 -38 -999 77 -2 3 -72 -90 60 32 -999 64 -20 -999 -999 -51 -59 -999 -999 4 -999 -999 -14 -999 -40 -86 51 76 -24 -999 -43 81 -999 86 82 83 93 83 -63 -86 -999 -9 47 42 54 -999 43 -13 -7 -62 -99 -55 57 24
-93 92 -31 28 -25 -15 75 0 -69 -15 -13 63 -85 -999 -9 -32 55 -999 23 -69 -67 -54 -78 60 -18 46 84 -25 -70 -999 95 -999 44 27 12 88 86 62 -44 44 -4 -67 -33 -999 90 -80 48 -999 -13 -999 44 5 -60 72 55 -999 82 -96 10 -999 85 -58 1 24 32 -91 -999 -74 -21 98 -24 -74 -999 49 -81 97 7 75 -48 -56 -999 -33 -34 -95 -999 11 -8 -16 64 69 -56 85 -33 -63 27 -2 19 70 -83 -999
6 39 39 10 43 -999 7 -999 -90 36 48 -25 44 -59 -9 30 26 22 67 27 -50 -61 -32 -999 49 34 7 -999 -54 -9 58 14 48 58 79 55 -25 100 -17 -48 -83 -999 39 -78 -83 -3 59 -999 -43 -91 -83 74 -91 -50 -43 77 -7 24 -999 49 -54 83 -81 25 -999 -999 -93 -63 51 -7 12 -999 80 -999 56 73 64 10 51 94 45 52 -42 40 -999 -999 19 67 -999 78 -94 -999 -999 -999 -11 -999 -11 -999 9 -999
-999 50 -999 -59 -87 6 6 11 -35 22 1 -76 52 -30 -999 44 -25 -97 34 -2 80 -83 9 -999 -29 -999 48 49 -999 29 -999 -999 55 -999 -38 0 -89 -23 -999 -57 -999 2 -5 -999 69 -86 -22 -999 49 56 -999 56 -30 -58 -4 -999 -87 30 94 -999 7 93 95 -87 72 -72 -3 80 -81 -21 61 28 -91 -999 -99 -2 -56 -77 51 34 -61 55 68 -6 9 73 24 -96 -96 -999 62 -57 17 74 -49 -51 -57 -999 -84 79
34 -29 85 41 94 -25 4 49 -999 -92 -999 -999 -68 -72 85 91 43 60 -999 -78 93 -19 93 -38 47 -22 -999 -44 77 -999 71 35 -29 31 19 -31 -10 -7 -999 -999 75 -44 -78 75 -999 44 -74 -89 81 -999 -999 -76 75 -43 21 50 13 -85 -999 -96 -999 -76 -12 33 -999 -52 -999 18 98 79 -999 -999 -999 15 23 -999 -999 -999 -999 -51 65 85 -48 -4 -999 28 -999 -56 -999 90 14 10 92 0 43 95 -98 95 10 -54
-6 65 -33 -82 -63 78 2 32 -23 -999 -47 35 -24 13 -10 89 -15 -999 -999 -999 91 -6 -18 52 -66 -10 46 66 67 -73 -36 -999 38 -79 -999 -65 -999 -999 15 -999 -999 41 18 36 -999 -38 -5 -100 74 88 -21 -19 -95 -24 -999 34 -22 99 57 -999 -85 -71 -999 0 65 -59 21 -88 22 -999 -42 -37 19 -73 74 -999 -999 -4 97 -14 -70 -91 -59 -38 81 -43 -999 -32 -6 9 -61 35 62 -13 -96 -999 -999 89 24 -2
-999 -35 21 -5 -17 37 43 -19 42 -100 -999 55 75 -999 52 52 -999 12 -35 67 28 -84 -40 33 -999 42 -95 -19 -81 -999 42 6 51 -59 20 -999 -66 -78 90 -55 -999 -53 -4 -999 -999 -999 50 -84 57 -999 -999 -11 -40 -30 -29 -10 -43 -37 -999 -57 -53 -44 -999 -48 -999 -28 -999 91 82 -999 4 59 75 33 -90 72 -90 -49 -93 4 -999 -9 -66 -89 -27 -41 -39 -13 6 95 -999 70 -39 57 -40 85 -42 -44 60 -23
-999 67 27 -75 60 69 79 99 -33 -98 -19 -999 -999 -8 -999 98 74 -79 80 -66 -999 12 12 42 -28 -23 29 -39 14 64 -999 -85 10 -999 -27 -25 -95 -999 100 -12 62 20 -7 -34 -999 -999 23 -4 -90 -33 -69 -999 80 34 -999 -5 40 -61 -51 -10 -19 -999 -24 32 -999 91 -999 -999 -999 -27 55 98 64 -90 -999 62 -999 -999 -70 -87 15 -62 -49 -58 -999 -999 -75 -24 23 -40 78 -999 94 -73 94 -999 -99 -999 70 4
94 -10 -100 22 60 -77 -70 -65 -61 -38 -100 -13 -33 -23 13 29 27 -999 -37 -46 -999 33 18 -26 -999 45 23 78 -3 5 -22 -999 20 -55 -999 -94 -77 -999 34 29 94 4 -86 -999 -74 -3 31 -38 -96 -65 -22 100 20 -35 -81 69 58 68 -77 -53 -5 93 12 -62 -82 -61 89 -999 -22 2 -36 -999 -999 70 75 60 -14 -25 80 60 12 -9 -999 -95 -11 -21 31 -19 46 -999 -999 36 68 54 45 -64 82 -57 44 4
-99 -999 -75 -56 -2 2 -86 -999 73 -42 -26 86 -50 90 -79 92 -30 -999 -36 -999 -86 -999 -53 9 15 49 -10 -999 -999 -44 -51 -999 -999 -999 32 -55 81 0 -49 98 -999 -51 -14 12 -26 -78 74 -41 -18 9 -35 -999 82 -36 -65 -40 48 -83 -80 50 45 -999 -85 64 25 -96 24 59 47 44 38 84 54 -999 38 -64 88 8 -999 36 -23 -999 -79 -100 68 82 -999 -25 28 -30 91 -14 -28 32 -45 -63 89 34 -999 -85
-7 -19 -19 7 -999 -70 -4 65 -48 -999 -999 -80 -47 -999 57 -14 87 -91 64 -999 -12 -2 -42 80 -29 45 -33 -40 7 72 41 69 -56 98 -23 62 79 69 -38 -69 12 -999 -999 8 -18 -35 34 -999 71 -33 -76 17 -19 -999 19 -999 71 -64 51 96 47 99 35 66 22 -7 -75 -97 -84 -21 -7 99 -60 30 81 -5 -68 -999 -49 0 -36 -65 -999 25 -53 88 -68 -73 -67 -999 62 67 -87 44 53 -999 34 -999 5 68
-60 29 50 -36 -15 8 -63 -999 2 99 96 -19 -999 -92 24 -81 -54 -999 88 -14 -15 -46 95 -61 -11 -80 46 60 -999 -24 79 20 -999 -10 -32 -100 5 -95 13 37 -999 2 -48 -999 -999 30 -17 -999 -999 -999 -54 44 -999 -55 -15 -91 -25 40 -18 -999 99 66 14 67 -16 -999 13 -27 -97 -45 -999 -999 92 87 -32 -98 -999 -999 80 40 -999 -22 -45 38 84 -17 -65 99 10 -999 -19 -57 65 -18 99 40 -100 19 -29 -999
-999 99 43 36 58 9 92 33 100 19 -999 73 -15 62 -37 -17 -4 48 32 -999 8 63 -999 82 55 -31 56 -40 -100 -94 65 -11 63 58 -84 95 96 -999 -8 -999 56 90 -65 76 -70 -12 -999 68 19 -22 69 -62 -999 65 81 54 81 49 -95 -29 -999 -99 -90 47 -91 -48 -999 80 -999 66 50 -10 -84 -29 -62 34 88 81 -58 8 57 -70 60 17 -7 -87 34 59 -999 81 -999 -18 -7 -71 63 87 -999 -36 -999 88
-3 -999 -65 -999 -60 95 -80 -36 -999 62 41 -33 -999 -999 -999 -39 -7 -999 -69 -44 -999 81 -999 -28 -70 32 54 -41 -999 -19 -15 -999 71 -999 72 -73 -999 -16 53 -32 43 -71 69 -2 66 75 -19 -99 -23 38 -91 -40 30 5 -93 -57 -76 -999 94 -72 -999 98 -999 78 -59 36 72 -24 30 -5 94 -999 78 14 -999 -80 -999 59 -999 55 -73 -72 -999 -22 -999 -31 -83 -999 -89 94 6 32 -999 -58 -28 -71 39 -51 9 34
-14 19 -999 -6 -999 -999 39 -999 -75 82 -10 61 -38 -19 -40 -70 -52 45 56 -2 98 -77 68 92 -38 -999 -999 -15 82 -999 -999 -999 48 -6 27 30 -999 -87 23 22 3 -97 -999 82 -54 87 -999 7 74 -999 42 -68 -28 -999 -999 16 -999 -999 -69 -999 41 39 13 -68 -999 -999 -999 -57 -80 97 15 -74 -999 -43 85 -90 87 82 21 -21 -14 -30 -999 97 35 81 -999 6 -999 -32 94 -74 -999 -30 -999 4 19 -91 -999 59
15 -999 -85 16 15 92 100 -91 42 4 55 -999 66 -999 -20 -17 -37 2 -13 -9 -999 8 91 -999 34 -62 -999 79 -24 11 -51 -83 77 -67 -86 -999 -41 -999 -95 -999 -39 -999 60 78 79 -2 -80 -52 -43 -999 61 83 -999 89 -79 -66 -999 -999 68 55 24 10 84 -13 85 24 -95 -999 -999 -95 -15 -9 -53 -20 60 -62 -24 -999 80 -25 74 45 46 59 29 53 18 -999 36 69 99 15 -87 57 -77 -44 70 -62 9 -66
21 48 -47 -5 -999 -999 -999 -79 -999 -32 -999 98 81 -999 -90 33 -999 -22 27 -70 95 17 -999 16 -55 -6 67 -86 -48 -76 28 -81 51 -999 -55 -71 -999 -999 -32 -999 -53 -86 -999 -999 57 -39 -999 -63 -999 49 -78 52 -23 73 -12 46 9 78 76 57 -96 21 -77 -10 -999 41 -33 -20 -32 58 -42 25 -67 -50 55 71 -33 19 -62 -93 63 37 -44 82 -63 -55 80 28 -95 77 10 -17 -97 25 -85 -34 14 16 -97 -999
-999 -22 -20 -31 61 -88 84 64 77 81 -999 10 -86 18 -43 31 -87 -98 -56 -14 -999 -21 69 -999 -999 -999 -49 -36 -83 -999 46 19 -92 -60 -70 99 26 -999 47 49 -74 54 -9 -51 -86 -7 -72 73 -90 -999 -5 -999 -999 -999 44 -999 27 -32 -19 -999 -999 -34 -44 -50 -999 -79 -999 -34 92 36 93 -2 -999 -40 -999 -84 -62 -2 -27 94 85 -11 -90 87 88 -12 100 0 -999 -25 74 43 25 90 -18 7 66 77 -51 -999
-95 -75 25 -100 -999 -999 71 71 -72 -64 45 -43 -61 -40 -24 14 -11 33 -54 -999 9 -15 -999 71 50 38 99 78 -67 -91 -38 -95 -1 71 22 -41 -90 -999 -999 -64 -63 -11 -40 89 96 -46 -64 -999 -63 68 21 -34 -87 -86 -61 -65 -999 -6 -65 -67 -35 -44 61 -85 -999 63 -74 -93 29 43 -999 -999 -81 11 -60 -76 -999 28 -43 -86 34 52 -10 87 55 47 89 9 99 -51 51 25 -999 -94 -83 -999 -999 -999 28 -94
90 -18 -61 -5 -27 17 -6 25 -999 -999 8 7 -35 98 63 -999 -24 63 66 -71 -84 -32 86 -56 -999 -66 23 -999 3 56 71 -82 -86 -31 -63 -91 -66 -79 -27 -999 -77 38 -999 9 -999 -26 -37 -21 78 97 23 -22 -20 -74 -999 -51 64 -49 90 -37 -24 96 -43 30 52 -999 20 14 93 34 -50 10 -86 -999 58 94 -999 77 -50 -999 94 -999 -28 46 89 64 -95 -87 -999 -68 6 1 -22 -999 -6 42 3 -999 4 -71
-22 69 -35 75 86 -999 18 100 -51 0 -48 -999 -999 -999 60 59 -999 90 -63 -999 48 4 -94 86 -13 -999 -19 -64 -999 80 -12 -93 39 -59 -99 -57 -72 -999 29 31 2 -41 48 70 -10 16 90 4 -50 62 -999 -999 -61 -65 -15 54 -40 -999 36 -4 -999 95 -999 -83 -82 72 -95 -999 -999 -7 85 42 -999 88 98 100 22 100 -999 49 82 99 -86 -999 -999 -21 55 79 -59 -71 92 -5 68 -83 -82 26 28 96 34 -44
-9 28 -62 59 -13 53 -70 -75 -1 18 -999 -999 61 -94 79 -16 -82 -94 -4 29 86 -999 70 -56 -95 -100 79 4 -34 -999 -999 69 -11 34 -78 81 44 55 -999 -6 82 83 88 -999 -999 -31 -25 83 -999 -999 -999 96 -999 -79 12 -21 -85 -999 -28 62 57 -45 -97 -89 -999 -69 96 -999 58 -70 25 -1 -99 -33 13 90 55 75 0 74 -999 -98 -999 -999 11 -21 -60 -999 -64 77 99 -92 29 55 -100 -86 -999 9 25 -77
20 -999 -999 -20 99 46 -999 77 -34 -95 53 -999 19 21 0 -82 -13 -999 -80 29 -999 39 45 -999 -72 -64 49 -4 -999 -67 -50 -999 -65 97 -30 -94 -38 68 -999 -999 -91 -999 -58 22 45 34 25 74 2 -999 -81 -999 -16 -999 -94 -999 -999 -999 7 -999 33 -999 -92 -40 -999 -999 -51 74 -999 -57 -72 -999 -59 -999 78 -35 -72 -76 -83 6 -56 -45 42 -22 73 21 67 -37 72 -12 22 39 -999 -7 -28 -44 -59 -27 25 -999
-46 -999 -999 66 -86 -999 23 -68 72 -1 -999 -51 -84 17 10 72 -84 -22 -999 -999 16 -999 23 85 74 -999 -39 -75 -999 -7 -42 -53 -97 93 -12 -44 -99 -999 -16 -62 -999 49 15 56 58 47 5 -12 -999 -999 -999 61 -20 -999 -999 86 -87 33 48 -999 -999 -72 57 5 -44 79 -65 -77 6 -999 -30 -999 -20 -85 -999 -31 -39 -29 -999 98 42 93 -999 -34 48 14 70 10 35 23 -79 -70 -39 -71 -77 -20 100 -24 -61 -73
69 50 100 -61 -3 28 -999 60 -22 -999 41 -999 -40 -66 -40 -999 26 30 58 84 -72 64 35 23 -27 -46 94 -30 50 -68 -79 -999 47 -45 -26 -13 -1 -999 -93 49 61 -11 -999 10 -999 -2 -29 -92 49 26 -999 95 -60 84 36 40 -999 -999 -12 -65 -94 -46 -35 87 -47 -999 -35 -67 64 15 45 23 16 45 -999 -40 -96 22 5 -51 -999 -5 83 -42 69 80 34 -34 -999 69 -999 -87 -4 -91 66 -999 5 -999 -93 -88
-999 -52 82 57 72 -29 -83 56 12 71 63 58 -39 -999 -92 32 -5 -38 -6 14 -999 58 -39 -999 -92 -29 -73 -27 -93 -999 -4 59 27 -96 89 77 47 -999 -999 -45 -49 -74 -999 -999 -30 54 -53 -56 -5 23 -49 20 19 -45 44 -999 44 -84 19 -85 6 67 -21 33 -58 81 90 63 -999 -73 79 40 89 -999 -999 2 -25 90 -75 35 -52 -17 67 -16 33 82 -17 -999 47 42 -75 72 44 73 -35 -64 68 97 8 -999
-89 -46 80 58 -999 -999 -999 20 69 84 -90 -999 -999 -55 -39 -79 -999 -72 -999 -53 -28 -999 31 30 -88 16 -999 93 21 -999 13 78 -999 54 -53 11 -999 -999 2 76 -999 -999 64 91 -999 84 -68 95 -100 91 -40 -83 -63 -999 93 -34 -28 -87 17 -11 -49 -85 44 -79 51 -999 -999 81 36 42 1 27 -999 -61 37 -999 -999 -86 -78 -999 -38 1 -49 90 99 -999 44 -999 97 -41 -999 10 -999 -38 -4 -7 27 -29 -83 -55
-19 -999 70 26 -40 -58 92 -25 -999 -95 83 -7 -999 26 85 -999 -85 67 -81 -999 -57 -999 88 74 -92 87 -14 -26 39 16 64 -79 85 15 90 -91 88 -999 -999 -999 -999 60 34 -999 -999 -84 -64 -59 -999 -999 63 -39 -67 2 80 -90 87 -67 -29 -19 -62 27 -16 5 -33 79 -2 -999 -86 58 54 29 39 -999 -999 -999 -999 70 -999 -49 -43 -87 62 -999 66 8 24 -94 62 -62 59 -99 25 -92 80 0 -21 91 7 56
20 -35 -29 -91 89 10 -76 -7 83 46 -32 -999 89 -42 -91 70 5 -999 99 -999 -999 -16 -45 -70 -999 -28 -98 64 -40 -15 -70 -999 71 -52 15 -999 -44 -78 75 81 -53 19 -999 16 -999 78 44 93 95 -69 58 -48 -999 -20 2 60 -99 19 64 -48 55 -40 35 30 -69 -30 62 55 -999 -999 48 -89 -64 9 29 -54 -999 -1 -3 -999 -89 55 -90 -32 12 -96 52 22 46 -91 23 -999 -65 17 -45 -40 -69 -23 86 -20
-999 -999 -85 -50 86 21 56 -999 -999 50 -999 92 37 -36 42 -999 1 47 -999 52 -1 -95 -65 -14 41 -7 72 -7 -999 74 45 86 64 -87 43 20 85 47 -8 -69 -95 -27 11 -23 -62 100 -61 15 -31 -999 -45 -999 -61 55 -11 60 -95 24 -48 -999 -999 -999 67 -98 43 -95 -999 -999 -96 13 -92 9 -999 -35 57 -999 74 -79 -999 21 1 -50 -999 56 60 -61 -25 -41 -999 38 -35 -999 -42 27 -7 10 92 -20 -999 65
91 -40 39 -999 33 -999 64 26 14 69 -999 -43 96 -23 7 -5 65 -47 87 -86 -49 35 56 61 7 -21 -999 -39 -999 -999 42 -67 -36 -84 -999 51 -66 -97 -12 5 -51 -67 -999 54 -6 65 85 97 36 -75 -999 -18 47 -999 -19 -999 88 -96 -4 75 -10 -35 -999 -26 -999 -12 -999 23 -72 -68 100 1 -48 -18 -68 37 -85 98 -39 -21 -999 -42 -98 54 -68 97 -23 43 92 0 -20 82 88 -37 -999 -999 -999 -41 -9 11
84 59 -55 38 -29 58 -51 -72 99 23 -94 -36 -52 -999 -42 -23 -97 -999 39 -999 -999 -85 -999 -59 -65 98 59 -999 -21 -999 25 -14 78 -33 -999 14 -88 52 -97 86 -39 0 -999 -999 -4 -999 -999 -44 64 -35 -1 77 -72 30 -82 -18 21 15 34 -17 -90 -999 0 -36 32 51 -999 -47 -999 -999 21 -84 66 -97 -41 -26 -999 8 -35 -15 48 -97 -81 -20 32 14 36 49 -52 -999 24 -999 -999 6 -77 28 -999 -999 -47 -17
-62 -23 -999 -999 -999 -55 -73 -40 -52 80 -93 69 -76 43 65 13 91 70 -999 -999 -42 73 -38 0 66 -64 60 -16 -999 -999 -54 -80 38 45 -999 47 64 75 -999 60 -60 82 -77 -37 -999 -999 17 -54 -999 -999 -999 -90 -42 -999 90 -999 -43 -41 -52 -73 21 -10 -17 54 -7 39 83 -70 -86 -999 -68 31 82 -999 -999 75 -25 63 47 79 -999 -999 92 -55 -999 -67 -999 -999 -13 -999 90 -999 -22 31 -4 -999 15 87 -39 -97
-999 -30 -98 74 -999 21 -999 67 -999 33 -32 -999 6 72 -48 -96 -18 -46 -51 86 -69 14 -999 -79 -84 -999 -999 -78 -2 73 53 -32 -999 -999 20 64 34 71 -81 -999 -71 -999 -7 -999 -999 -999 -999 98 -74 -98 -95 -999 -999 -60 -999 34 -16 -40 -31 -58 43 41 70 -67 -57 -77 83 95 -95 -35 0 -74 8 -76 -1 -99 -26 43 -59 65 78 -999 -999 67 -999 -92 78 -999 -31 92 -999 -86 -57 55 -999 -51 -100 -999 -25 -21
41 19 -50 -46 58 -5 -94 -80 -98 -999 -999 35 9 79 -86 -59 -88 -21 52 86 -999 -999 81 23 -61 -74 -6 -40 0 47 -74 -1 -49 39 68 0 96 -28 5 -999 67 -76 91 -82 28 43 -29 82 -999 -99 63 40 -999 25 -999 9 -75 -80 -43 -70 47 -29 -7 -59 -6 -999 34 -95 -89 -999 33 -51 -36 -999 -97 30 95 -53 -66 -999 95 77 0 81 -24 25 71 17 -7 3 -46 -999 -32 77 -67 29 -56 -27 -74 -19
-93 -999 -79 -999 43 33 -60 6 -31 -999 13 -4 -97 -999 72 -999 39 -37 -999 96 -999 -57 -93 -999 -999 39 96 86 -999 -72 -999 -999 -999 -28 -999 -20 -88 80 -27 -24 58 72 70 -7 -999 -73 32 -10 -18 -77 -82 -999 -20 84 -38 75 60 -42 -88 -999 -999 -999 11 40 -28 -90 -999 -999 72 21 -999 -999 -999 84 54 5 -33 -88 6 -75 -95 67 -999 -85 15 -27 -97 -999 -999 -66 -96 18 72 -999 76 -42 46 21 -999 -999
-32 -999 -40 -999 7 -55 -29 -29 61 -999 -999 -46 -95 -999 78 -26 -12 93 -86 -91 29 -51 -6 45 -3 -74 -55 59 -87 70 67 -999 20 -26 12 -94 -59 73 -999 -40 -999 1 -85 67 -999 -999 -14 -99 28 76 65 -91 43 38 44 -999 -69 38 -36 8 50 54 -10 -7 -999 42 -41 17 -37 -45 -11 -73 80 -27 -10 -999 -999 -999 -27 -52 92 -999 28 52 61 -93 -86 -999 -69 56 6 -999 -45 94 -999 42 -42 -999 86 -93
63 -37 -49 -7 87 66 66 79 -999 -49 -999 -999 46 -19 72 96 100 6 -999 68 -53 48 -71 -54 -999 -96 10 76 -26 7 -999 88 -73 -45 -999 60 -7 79 -6 -23 74 -83 -19 -87 -56 56 59 -90 -74 61 -999 70 -77 -85 -999 -56 -68 -92 -57 -999 -79 -999 83 13 -999 -20 -999 -67 -93 96 -18 -15 -999 -999 5 41 90 -999 -24 -13 -95 -999 15 -999 -54 -32 -999 2 -999 36 20 -45 -66 -999 58 -95 -56 90 79 45
32 77 24 75 -999 20 -999 -21 -37 -38 -94 -14 -55 70 19 -29 93 15 28 -70 -91 -999 -79 -999 22 -999 -52 70 -89 -34 -53 73 -30 -58 9 66 -55 -999 66 14 -44 9 30 -15 23 79 9 1 -999 -999 17 -6 92 -999 -42 -28 -2 -27 -80 -62 -999 -17 -91 -68 52 30 -60 13 74 -999 -31 -41 99 -88 11 -999 -17 -100 5 -34 -6 -999 88 -97 -79 -999 -999 -96 38 73 67 -10 13 -8 -12 73 83 -999 -92 -62
-49 32 24 81 86 -999 92 99 -999 -999 70 -54 0 -47 -2 91 -999 -4 53 10 -63 -999 11 -29 -29 -8 90 -96 -73 -11 -44 50 -999 17 -999 -63 -35 -999 -33 -20 -999 -15 -72 -57 -49 -999 -53 -999 25 -999 88 42 -999 -98 -80 -999 42 -21 -64 41 44 -90 -45 74 62 90 23 -44 46 35 -999 67 48 69 -80 9 -36 44 -75 -60 43 -28 37 -999 -999 70 -68 -999 -18 -66 -21 -18 -84 -82 -22 69 32 -999 -999 -12
-88 56 44 98 -999 53 -999 -24 -15 86 65 -58 -63 -24 -999 100 59 -24 -999 -999 19 -999 -90 -95 -1 -42 43 -33 92 -999 -19 42 93 -58 -999 -999 -9 -18 51 -12 -999 -36 -42 6 42 4 19 -26 -76 -999 -91 -39 -31 62 -23 -63 34 -999 -999 -999 -8 -5 -72 -999 -51 -999 1 12 -999 -25 7 -999 95 57 -49 8 92 51 -18 88 71 13 -1 -95 63 50 -44 61 -999 78 -74 -18 -19 35 -62 25 -90 62 -999 7
57 17 -999 -22 62 46 27 -98 -44 -31 -89 15 -52 79 0 22 71 -97 53 8 17 -999 -17 -41 81 37 -999 64 -27 17 -89 -47 -49 -999 -999 -82 -57 93 36 -39 27 46 98 -14 -26 -40 -999 -81 23 -999 3 43 -999 -37 -999 12 56 -1 -999 72 -43 48 -999 -999 82 60 -96 -999 13 51 41 97 -90 -58 63 -32 -4 94 -68 -999 -76 -999 -73 -999 73 17 -999 -92 -999 -999 -42 -999 -999 47 -79 81 69 -999 -15 -999
-17 -999 -35 12 -84 4 -44 -86 63 12 -60 -999 47 33 -999 -11 -999 83 -63 52 -999 -9 -999 98 -16 68 -999 -61 -57 26 -999 -94 -81 -999 98 54 -999 -41 -50 -94 14 -51 -999 -999 -25 -999 -999 -21 -99 -60 -48 -999 -999 -48 74 -74 -39 97 93 -3 38 -32 98 -86 -28 26 3 35 -999 22 -999 71 -999 -999 93 42 -48 -31 -999 79 25 -13 62 -38 -7 22 -999 4 -999 -44 -81 -999 -999 -32 -999 42 45 -999 -18 29
-93 -999 -57 -999 -98 99 -41 -14 -999 69 5 -37 -10 68 48 -999 -999 32 -94 -76 52 92 -999 13 -59 46 -999 -41 -94 -76 32 7 -999 57 -34 45 5 3 -84 -999 -999 -999 18 12 11 34 26 80 -999 -22 -42 5 -93 72 -999 -38 -999 74 -999 -3 -42 -15 61 -71 -16 70 76 -999 -77 76 -72 -999 -61 72 -96 -999 -98 -42 19 97 -999 25 -999 8 -29 -15 82 -999 -999 -999 -999 80 -31 -62 74 -999 43 -93 -999 59
84 -47 86 2 -34 47 -87 -47 -999 62 -8 -23 -4 -50 -999 81 41 -999 -60 19 -29 6 -999 61 62 -999 87 43 9 -44 75 -46 -23 -31 -44 -26 -24 -999 -57 -24 -40 -999 -999 -13 98 -66 -36 45 -14 -14 29 82 -80 59 71 -34 57 2 42 -83 74 45 -999 1 -27 -55 -999 -5 48 -85 -50 0 -999 -45 -999 40 -40 35 -96 -8 53 0 -4 -999 -28 -19 68 97 -14 -999 -999 -999 15 20 -3 -100 -65 -77 21 -999
-999 8 68 69 -73 3 -999 -83 -999 -70 -9 69 -999 50 26 37 96 -999 -999 -7 -999 17 -38 -999 -999 73 -75 98 93 -85 -999 38 -65 -87 92 50 24 49 40 -77 41 -60 -65 -69 -66 -999 -999 9 -36 -999 -999 20 47 -30 -38 -82 70 -999 -12 72 -999 -999 8 -54 -35 -999 68 -14 -96 -999 -22 -28 -58 -999 60 53 96 -999 -999 70 -28 -19 -999 -999 35 -999 50 96 76 38 -74 -91 45 -7 61 85 78 -74 79 -3
-999 -71 -48 -24 64 23 83 -999 -97 -69 -999 -999 71 100 -71 8 74 -61 -25 35 86 -13 -38 -56 50 -95 -33 80 -82 75 -71 7 18 24 70 -57 -52 -93 -999 71 92 79 68 -999 74 -63 84 81 -85 60 75 8 -999 99 40 49 -18 -79 -80 21 -44 -31 -74 3 41 63 89 2 44 51 -68 76 74 -54 -70 60 -999 -999 -84 1 -3 44 78 -40 67 44 0 -32 -13 -78 -58 54 -999 -999 91 -27 0 59 47 -54
-999 -33 33 -52 -1 -97 93 33 77 -999 -29 34 15 41 70 -58 28 -999 68 44 -999 -64 -76 -2 55 98 -999 -15 33 82 -30 -999 -36 -87 -23 -36 -56 -31 -999 -21 75 -47 71 12 -74 -99 -999 -31 -48 -13 8 -999 -5 -100 76 67 -999 -30 52 76 -999 -999 87 54 -60 -83 -5 -999 -18 -68 7 -12 -999 -999 -999 -65 -999 -999 -46 9 15 -39 7 -98 -999 80 77 -15 47 -44 76 34 -18 -35 -74 -999 79 -37 -72 -53
-999 51 69 -999 -65 -999 -42 -55 -49 -57 -3 -74 14 -58 -999 -999 -64 -999 -999 -24 -69 47 93 22 -999 99 37 -57 -88 65 70 -28 -999 -999 -99 -73 -70 -999 -65 51 94 60 -999 91 -999 58 64 -999 -40 85 -74 6 -29 -999 31 -46 44 -44 48 -25 -21 -11 17 -75 20 -9 -72 19 -999 -87 -11 -999 0 -999 37 -96 69 -70 -10 -20 86 86 -61 -11 -28 -999 -25 -48 -74 -96 -57 -15 -76 74 27 -47 -71 -999 -94 -999
-999 -999 -81 73 96 -33 -88 -47 -999 14 -23 -9 -16 -99 -58 -77 -38 -999 45 91 -999 50 -999 -65 -46 -51 -999 -999 -73 -15 -999 -999 44 -999 -100 -999 -84 38 -69 100 -49 -30 -999 32 -999 8 -999 62 36 36 18 97 -72 69 -50 85 -62 17 -999 100 -1 16 37 -82 -20 -46 19 -999 -66 -85 -56 -98 -10 -72 -999 11 -25 28 -999 19 -999 29 -51 -72 21 -49 100 23 77 5 -59 33 55 83 -99 -55 100 -91 -33 -999
24 62 -19 -65 -999 37 45 -38 -63 -32 -83 -10 -19 -51 -999 26 -999 8 -18 28 39 34 38 18 -95 -50 -75 58 -999 41 96 -999 72 -97 97 -61 33 62 -999 -999 -17 -75 74 -999 -27 -45 -93 86 -999 -999 -21 -57 -999 3 41 -999 68 61 -28 9 -63 -90 -999 -77 67 86 -62 -999 39 12 7 -96 90 99 -69 -92 -999 -38 36 -62 92 -999 -999 -90 -999 89 61 -999 -38 -31 -85 -999 -999 -999 37 4 64 42 -999 -75
32 47 -4 -999 -79 23 37 -94 97 -37 10 71 -29 41 78 -74 -5 10 -74 -97 -92 -83 78 -999 -2 69 58 -74 -20 -94 17 22 -8 38 89 -999 15 42 50 -999 30 -79 -999 -83 -999 83 -999 -77 9 -999 -999 -34 68 8 48 -33 22 -999 -56 -100 -999 17 63 -75 -73 -79 -47 -76 25 19 -19 -74 -84 34 13 -54 -26 -89 -60 -999 -13 -999 9 -58 80 -52 94 78 27 -999 28 -999 35 72 68 -999 -999 2 -15 -999
-999 -92 30 71 -55 -10 -999 -93 42 -60 -4 94 -999 -1 -75 -98 -26 -81 -999 10 -10 4 -99 66 85 -28 19 26 -999 -84 72 29 -88 -999 -999 81 -36 -71 98 -87 -999 53 -999 -999 -60 58 -28 -84 -999 0 -999 -999 -1 72 -11 -999 -999 -19 42 -73 86 -73 7 60 94 -999 50 -97 19 -42 -69 -999 -999 -77 -34 -2 -43 -999 -94 63 -95 -17 -999 -49 -10 -26 -999 -22 -999 -999 -12 63 53 -96 -24 -999 -1 46 -999 -79
70 20 -999 -68 -51 81 77 -52 -999 -999 -55 36 -78 -999 61 56 86 99 -84 -9 -999 92 -999 -28 -999 22 62 73 -86 -999 -999 25 -75 27 61 -9 -999 66 -10 -95 -80 -999 -36 66 62 -999 -19 50 81 -94 23 -25 40 -999 84 31 58 -26 -33 -29 70 32 -8 1 29 54 -57 -46 -97 -13 82 17 28 52 -999 -20 -999 29 63 39 -82 -2 -60 -999 83 -5 -999 -999 -72 26 -16 -999 -999 0 -2 -93 -61 -5 -50 -54
-2 -18 -27 -999 -999 -58 29 -27 100 -999 -71 13 -999 51 -95 -93 23 -63 44 -999 37 -83 -72 60 95 29 67 -15 -7 -999 -999 -999 98 -56 38 -46 -83 -999 -8 84 -9 71 -61 33 67 91 -48 -10 -94 61 -17 -81 -999 28 -999 -30 -14 44 -41 -54 69 -999 74 75 -999 -52 22 -999 98 -47 -999 -999 -999 -999 -999 -4 2 -999 -999 -94 -19 -23 97 -999 -94 -23 -68 66 95 -999 -68 9 -999 -999 28 -999 -999 -39 -82 -999
37 -999 -96 43 80 -83 76 54 87 -32 79 -52 -36 -9 -85 72 -90 -25 -999 5 -999 -87 88 30 85 52 -74 -7 61 -38 59 65 6 -68 -49 -999 -7 -999 -2 7 31 73 67 -999 -20 5 -38 -29 56 -999 68 -26 -999 -75 -999 -27 -13 -13 -999 -84 -75 34 -68 -10 -43 63 73 -70 65 -999 -999 -39 61 -999 63 -53 -46 76 -11 -30 -61 -70 -25 -17 25 19 74 64 36 17 77 13 77 -41 42 -19 3 -5 -74 -64
-60 5 -99 -999 -999 -999 -999 -99 -19 -999 7 14 -72 89 -90 -77 -56 -76 -95 40 -96 -48 -42 46 -86 -16 97 74 -8 33 79 -999 44 -67 14 -53 -999 75 59 44 -999 45 -8 94 9 -999 -22 -87 85 -73 -999 79 93 -12 -32 -999 20 85 15 24 -69 87 -37 -999 23 96 52 -999 -96 -6 -10 -999 82 97 -9 -83 -77 -999 -10 98 53 -26 -76 -74 -71 95 -42 31 -57 -38 -42 -999 -26 84 -54 -999 -81 -999 -43 2
-92 -999 -999 -999 93 2 10 -999 93 -14 89 53 76 -999 -33 -50 -999 83 -999 -44 -53 55 29 94 -999 -999 -999 95 -14 16 -73 22 -999 68 80 -999 -96 4 -999 6 70 -82 28 -15 -37 -28 -96 -20 51 -49 -999 -999 -999 -31 -999 35 28 -48 -999 26 61 82 35 -999 60 98 -7 -60 65 0 -71 74 -999 -999 24 29 -22 4 -63 95 -999 9 -25 -51 55 88 59 -76 64 -28 -23 -46 92 -23 21 59 -21 59 1 -97
48 -4 -91 -53 -999 17 19 44 57 -66 67 -37 79 25 -999 41 -20 -999 -999 -999 -2 -999 -16 -56 -999 -92 22 83 39 -28 -999 33 81 -999 89 -999 9 -999 -999 36 -5 27 94 83 -36 -999 -20 -999 -999 70 -72 73 41 -91 -58 9 12 -40 -999 24 -27 79 0 -999 75 -999 -63 -24 26 -85 86 38 92 -22 -5 -12 25 -999 -23 -7 -45 98 -13 92 15 -999 12 31 -2 -999 -999 -999 66 -33 10 -29 11 -14 21 -999
-69 77 -60 -42 -69 -61 -42 -69 -999 -66 -43 72 73 -999 -85 4 37 -11 -55 -64 -32 -86 -56 93 -86 6 -999 -999 -59 6 95 -18 -999 66 75 -73 59 54 -15 -59 -64 52 -68 11 71 20 96 -999 -25 61 21 -95 -999 58 6 30 82 88 -18 -999 -42 -999 85 -999 -72 -999 -17 -83 -999 -77 -999 -94 -999 -999 3 56 51 34 -65 -88 28 58 -23 -999 12 89 -48 -96 -98 68 35 -999 90 -72 -4 -999 -38 15 90 -999
-87 -86 -33 87 46 -33 64 -68 -95 -26 82 -24 -999 -999 28 43 -24 -999 -83 44 -67 39 -21 -79 8 -19 63 1 -68 -34 99 -19 18 30 67 85 -999 42 -89 -67 -999 -98 -91 51 10 40 17 -66 79 19 -20 -999 -42 -60 34 23 -15 -59 -37 -999 -999 58 12 -49 2 -85 57 -35 62 29 7 5 -53 -41 77 19 41 44 7 -20 -29 -81 75 97 84 -78 -86 2 26 95 -999 -54 2 -999 50 35 -999 -999 -55 -49
-999 -999 36 -999 -999 -999 -11 -78 -999 3 60 -8 -30 59 -67 -999 -30 -999 -8 -999 41 -73 -86 -56 -999 -47 -49 -68 20 -63 -88 69 -11 -89 58 -999 -30 -999 -999 47 -79 -40 -59 66 -9 -82 -999 -24 -14 -999 -999 83 -58 -85 -999 -999 40 -86 -83 -87 3 -72 -71 -999 -999 -49 7 -999 -999 -77 79 68 -85 -1 16 -84 21 49 -62 -79 -4 25 -100 56 37 -7 27 -68 48 -25 18 -60 75 25 -52 -82 24 74 -48 -37
12 57 -999 -94 86 -16 87 -999 -999 21 -89 -999 35 -999 52 -32 70 -999 -53 -11 -999 12 8 52 -25 42 -100 -5 15 -999 -6 -999 -19 -37 61 -63 80 -48 5 -16 -999 -73 -64 14 -21 19 -999 64 29 -21 -999 12 -999 -90 -2 -999 -6 -69 -6 -12 -999 84 32 -17 -7 -87 -58 57 -87 -51 9 -79 -4 7 76 15 36 11 -23 -999 96 89 44 48 -91 14 91 58 -999 33 -45 -999 15 -9 -999 -7 -35 -97 -98 89
-15 -32 10 -90 -999 6 -37 8 -999 90 -84 -64 20 -30 83 -67 -999 -999 59 72 -27 42 -34 50 46 -60 50 13 -4 23 -999 73 91 7 -73 25 -38 82 -999 -96 -999 -9 -87 -49 91 -39 -17 -999 -999 -23 -999 12 -18 48 -24 4 -80 -6 -5 51 -999 -90 -32 -999 67 -67 -999 25 43 96 -92 -999 -98 -39 -35 -80 55 34 -999 65 64 81 -999 57 46 -12 -999 9 -12 13 -73 -44 -49 -999 72 57 93 -999 -70 0
