100 100
0 -38 -999 80 72 -999 95 -25 -3 88 -999 -999 70 -999 97 83 -79 -14 55 -86 -999 52 -999 -13 -999 12 -999 -82 -16 -94 -12 45 -71 98 -91 -10 -1 -77 -38 -76 24 -999 62 -67 -44 -999 -999 -999 -999 9 1 16 -999 -84 -93 -78 -999 -6 89 -84 -999 34 -28 35 -34 -79 -74 -100 -20 4 -91 94 -85 26 33 -93 -69 25 -95 -999 17 -67 42 -70 -6 -999 27 -3 15 -77 0 5 68 42 10 62 93 95 -3 -999
-19 89 35 -11 -63 -999 -85 35 -30 34 -42 86 -95 -28 83 46 -67 -999 -55 -19 -999 -49 0 -999 -52 -999 44 76 -80 -30 -55 -999 55 -999 -55 -62 -29 -68 73 -58 52 34 -64 -62 -999 44 -6 6 0 88 -8 -999 95 42 -30 -999 -24 14 -48 -12 39 -77 93 -2 -60 -999 9 92 -17 -56 -19 64 45 -999 -11 -50 -45 -85 -44 42 -23 25 -79 66 -50 99 69 -93 -999 -999 100 -62 18 -999 -999 12 -999 30 50 61
-999 -27 93 39 79 -26 -34 -18 -999 41 -5 -96 -999 15 -16 -78 78 75 64 78 -24 18 -94 -32 -999 82 -82 -58 -43 -999 33 -14 -7 44 -999 18 14 -999 29 49 -999 -62 -4 -15 -40 -41 -27 -71 -49 52 29 -999 64 -78 7 92 -56 80 -21 -95 82 -999 77 -52 -999 40 -999 17 77 13 -81 -999 -70 89 -27 86 54 -999 -4 -97 -76 66 3 55 -999 83 33 56 45 84 -7 -14 -94 -72 -19 100 -97 -999 -999 -29
-999 -17 -83 -82 91 -92 -999 -76 -91 40 10 45 -83 65 -43 -9 -25 -26 60 39 77 -999 -52 -83 -27 -11 -999 27 -999 21 -6 89 -999 -999 -43 -34 53 -10 65 -999 -999 -11 18 96 42 -50 -83 69 54 -50 93 -999 -10 76 26 -72 -999 54 23 -999 23 -82 -55 -33 95 15 47 -999 43 74 29 74 50 55 -4 52 42 41 81 76 88 -999 -999 -56 38 -12 40 -999 -10 -90 -999 -999 -96 94 -59 -28 -66 -36 -39 35
-999 78 -62 -999 -55 -999 0 -84 -999 -26 17 -78 2 75 -49 -41 75 30 35 -999 17 71 -95 55 -999 -999 -69 -999 -40 -37 64 85 45 -999 69 -62 -999 12 5 -999 83 94 21 67 99 0 81 87 50 -13 -999 -20 -999 75 -4 68 41 51 -999 97 -11 2 62 53 87 94 -69 36 -30 -86 22 82 -70 23 -999 32 -60 68 -47 96 92 82 -19 79 55 -999 39 32 -98 -58 52 57 88 20 10 22 77 -999 -999 18
-27 71 18 98 -75 84 25 -89 -55 -25 11 43 -999 -999 88 -47 -83 -999 -77 -58 55 -59 44 16 -78 95 -78 86 -999 -23 79 -999 -86 -30 58 -90 -45 34 -26 -45 72 92 22 83 32 -21 -92 -41 17 -999 72 -999 -79 53 -29 -73 6 -76 16 -39 -999 54 66 -60 33 -999 10 -12 2 -999 -32 -90 -10 -68 95 94 12 -65 -16 39 -999 22 -999 82 3 -999 -25 89 -999 38 -999 -96 80 -1 -66 -20 -11 7 -999 -16
48 100 14 8 18 -28 -999 69 86 61 -99 -999 9 -84 -49 39 -58 17 35 -32 -90 -999 39 5 -999 10 -87 -999 -22 -38 -999 37 -16 35 -999 83 -999 79 86 -17 -37 29 -65 -79 -61 57 -11 -999 -999 -999 -999 -23 -87 -999 -999 -999 14 -999 -999 96 -999 -8 55 -59 -32 -15 -12 26 -999 100 -74 78 -24 -24 -64 13 -999 52 -77 -21 39 29 -51 98 100 5 51 96 49 -999 -50 -999 -999 72 2 -70 -4 -999 -64 78
-63 -80 4 -22 -39 -5 -61 -4 -76 -78 -38 -14 -21 -32 83 -16 -35 -68 73 58 38 28 47 -95 -91 9 85 43 -9 60 77 -67 37 58 -56 -17 -999 -999 -89 -55 57 100 29 62 -1 76 71 -7 -999 -999 -13 -19 -4 -999 30 -28 -7 3 -999 53 14 -65 -999 45 -42 -999 -59 -999 -999 -27 -999 -999 -999 -11 31 -999 -62 -999 88 93 -6 -17 -56 55 7 -999 23 31 -11 85 66 34 -91 -8 83 -999 -21 -10 -61 -21
74 79 46 -47 61 16 -74 7 -4 -86 22 -33 -999 73 -86 -62 -33 -80 16 -44 -999 63 1 64 -38 4 -33 -60 -999 55 23 -15 -999 35 31 0 74 9 -1 -999 38 79 -999 100 -999 7 -41 -999 61 -59 13 -67 -96 42 -999 -71 -999 36 -21 -50 19 -999 35 -88 -60 -38 44 -37 14 66 -999 64 -73 76 43 -999 -999 -999 -52 -999 -999 -2 71 -999 10 -999 -999 -999 18 -53 -2 -999 -999 -83 65 67 -999 -13 -999 -999
-999 -20 23 -90 -999 -999 20 -40 -84 -999 -96 -97 -21 69 -89 2 61 -90 -65 -25 -65 -15 85 -94 93 7 -47 -7 95 -64 -15 -999 -999 -999 95 -11 72 -33 -999 74 39 80 -18 -25 -999 -999 -100 18 94 -999 69 -51 -999 19 37 26 -999 -999 -51 -89 10 38 -999 69 -999 -15 -999 35 -88 -999 89 54 -999 86 -93 -999 -999 57 -30 73 -57 -999 -999 81 -78 44 -999 45 -40 -45 26 -15 2 -999 -999 -43 -999 -999 -999 -59
26 -16 8 -43 78 48 -69 -26 21 -11 -32 19 19 11 95 14 69 -85 -40 92 -67 34 -999 -999 28 65 -33 32 80 -78 1 75 -999 -999 -33 72 -999 54 -83 26 80 -34 -53 -34 -20 41 -4 -999 -68 31 -22 -999 57 16 74 -35 10 -90 10 -56 -31 0 -27 96 30 -13 80 -44 64 -4 57 -999 16 -25 22 -31 78 82 -25 -999 -31 -8 93 58 68 76 53 86 -999 47 33 -999 -59 -51 5 66 -56 58 -999 -81
-999 25 28 -999 -63 -77 -63 -5 13 -60 54 2 76 36 -999 -999 -21 -98 -18 -12 -65 17 92 -39 -75 81 -4 -57 -999 40 -92 81 -999 -999 74 -999 -96 -28 38 24 -999 -44 -999 -999 49 -999 -75 100 -32 -19 -46 -29 22 77 -87 -85 -52 -37 -46 -999 -999 8 -999 -999 -999 -999 -999 35 94 -29 26 -999 -50 45 11 22 -79 -999 -75 20 -999 53 -999 22 -91 15 6 52 -50 -999 -999 78 -38 -57 -58 -999 25 7 -14 74
-48 93 -74 -7 -999 -12 -999 59 -999 61 -86 90 37 82 91 85 26 -55 -999 -43 52 59 41 94 -85 11 -89 -46 -62 -52 -2 58 -76 23 49 -66 -82 100 -999 -999 -51 -18 46 -999 89 -999 -13 14 58 41 -999 -999 74 13 44 -999 -6 -999 -65 -999 -999 -999 89 -1 -99 -41 -71 94 -97 -17 -13 -69 92 -999 19 -46 -3 47 -999 -999 -999 -33 63 61 0 -999 26 80 -40 27 48 -20 42 12 -66 -999 26 -93 -34 -78
0 67 -66 -50 72 -17 63 -999 -40 -24 -64 -30 29 -999 -7 -17 -90 -86 77 -25 20 -27 78 -3 79 27 -1 52 49 -999 -12 -77 47 85 -999 12 -40 -999 -42 -96 -87 -999 -999 -999 -999 -58 -37 -69 -999 -45 53 -61 54 96 -999 -999 -86 -21 -53 55 -999 8 86 71 -96 -84 26 36 -40 -96 -999 -14 20 -999 40 97 84 -11 -999 -98 35 -36 22 42 61 2 35 72 -84 55 -999 71 -999 -67 -37 63 -999 -999 -86 -999
-999 -999 -999 -999 -67 -100 91 38 -999 73 61 48 50 63 -999 -32 80 -87 -35 74 -5 -20 88 -11 -64 -32 -3 6 -92 78 -999 -82 -999 -999 -68 -999 11 -51 9 -999 -46 88 -999 12 -12 -999 -44 -93 -6 -20 87 49 46 58 -999 -999 -999 -79 -59 83 49 71 -55 -55 -71 91 63 -35 -70 -999 -999 -58 -93 80 -999 -85 -2 -52 18 71 -59 -62 26 14 -62 58 -84 88 -999 -69 -7 51 79 -45 -999 -95 22 51 -80 19
-31 80 2 58 -22 -68 -58 -48 -87 30 80 -41 -1 -58 -999 63 86 -39 -999 -64 -45 -89 -43 28 41 17 -69 59 14 -999 -43 -35 -17 43 53 91 -24 17 85 -21 -60 15 14 -999 -60 -69 90 69 -999 -80 -43 -88 -83 -21 28 4 -95 21 87 -28 41 41 -999 -999 -999 4 -23 -999 -24 -79 18 -54 -63 -48 16 -999 -93 -5 -999 -999 94 -37 -49 57 -32 -92 54 -53 -39 94 85 75 94 -31 -999 70 -17 -81 81 35
15 -44 67 -999 7 99 27 -999 -57 -57 47 81 -999 -64 -83 51 -99 -25 -96 43 18 95 -12 98 39 -22 97 74 -999 -52 -999 0 -60 55 -85 -48 51 -75 -35 -27 93 35 -999 90 -999 34 -78 -999 81 49 76 -999 -999 53 93 -19 -98 38 -48 87 -26 -999 23 -999 -999 96 -88 -57 -74 -76 -83 -9 79 -43 -999 -999 -27 27 82 74 17 -999 -70 -999 -65 -9 -57 -999 76 2 -83 17 34 -57 91 39 30 27 -61 87
47 -999 -79 59 -999 -90 -999 -999 93 44 -82 -49 -34 -84 90 9 -60 50 -35 -12 5 26 31 3 -999 -35 -999 -999 97 -16 -70 71 40 -84 60 -999 -76 -94 -82 -27 -4 -35 -87 45 65 53 67 19 -45 -72 27 78 59 4 -36 69 -999 -84 -999 -32 80 -2 20 64 -12 -18 -21 96 -51 99 58 97 -66 50 61 40 51 50 -52 -63 -999 -999 -999 -94 98 94 18 82 -999 -63 -43 -42 79 -96 59 -999 92 43 -20 57
-999 41 36 83 19 -50 -96 -88 34 34 54 50 61 -12 83 -68 65 15 19 -37 96 -21 -20 -9 44 -41 -53 12 -81 -40 -93 -2 42 42 -45 97 23 -20 -26 -999 -999 -59 42 -999 -41 -999 -99 45 -999 47 76 -26 -72 -32 -27 31 -46 -999 -999 21 -999 -999 56 26 95 -999 29 61 20 14 -53 43 52 -71 -999 40 -56 90 -35 -999 -23 -49 -89 68 -26 55 -82 -999 -55 -999 66 -85 51 49 35 11 69 -3 -65 -999
59 -47 -57 71 -999 -5 97 -43 29 -24 -46 66 -97 28 -22 -20 -999 31 68 11 44 -999 -999 25 5 -15 24 90 -53 35 -95 -43 -80 43 -91 51 -999 -999 -999 -47 -999 89 -66 8 51 -999 -39 53 -97 -100 16 -81 96 -32 25 99 -4 -22 -98 0 99 -15 56 -999 -999 -41 12 -33 5 90 30 -999 -61 40 -999 -98 -999 20 44 -98 -85 -999 -999 -999 -999 -85 -61 -5 -999 96 -33 24 36 -64 89 -71 -81 -78 -79 -999
36 -81 -27 -27 46 -33 93 -999 49 -17 -6 10 -69 17 78 -22 82 -34 -999 -999 -999 81 64 -999 53 -94 -999 -999 38 90 -999 95 12 -30 -71 49 -45 30 -999 -999 -999 -39 -999 -44 24 -96 26 1 -47 34 21 -999 23 -72 100 -76 -999 74 8 -25 -999 -66 32 -999 -999 -999 -999 51 73 -26 77 -999 -999 -14 4 -32 -999 61 -45 -31 -68 -90 -999 74 -79 -69 -77 -94 -99 -999 98 68 -80 -58 -78 55 2 -75 85 20
26 37 57 -79 -65 -999 23 -999 -28 45 64 -99 -76 33 81 3 -61 59 12 95 -999 71 -56 18 -47 -89 -999 96 13 -3 -77 57 -37 -88 -999 -999 -999 -999 -18 -22 -10 -65 37 -999 -999 76 -999 -28 -75 -53 32 -65 -25 -46 16 98 -29 -999 63 19 -73 -88 -70 -999 -999 -31 100 100 -60 0 17 -15 27 55 13 77 54 16 -83 -59 32 -70 -66 -999 -999 14 -999 -65 -999 -999 25 19 -999 16 -999 -25 70 -999 59 -57
-16 -61 98 -999 40 -55 -999 27 10 4 -85 -10 99 56 43 23 -999 -22 8 69 -51 7 -999 40 3 -999 -999 -62 -8 -86 36 22 -999 58 2 -999 -56 -22 -78 90 -999 -29 -999 25 -91 83 94 70 -87 -999 51 -35 45 66 61 -999 -999 -69 0 34 -38 51 -76 -45 -999 96 -54 83 -17 -85 -999 -66 16 -51 35 -37 -71 -16 68 -999 54 40 64 -999 -65 33 -72 35 34 78 63 -999 78 46 -13 -40 -14 -47 -85 77
-42 31 -999 -999 -85 -46 -999 -28 -45 73 45 45 -70 14 78 32 11 -48 -5 49 77 89 -4 8 -77 20 40 -28 -90 -1 66 -999 70 -62 -1 -21 -20 32 -76 10 -999 -35 -62 63 -89 35 82 -29 16 -999 32 -9 12 -63 66 -98 99 -45 67 -999 78 64 19 -999 -999 -25 21 -97 34 -89 -10 -55 45 -7 -25 72 -999 -74 -34 -47 -77 -999 -98 -999 42 -999 -999 44 -44 49 -16 97 61 -32 96 72 96 11 75 -999
42 -91 -999 -20 79 35 -2 40 -6 -92 -56 67 98 89 51 86 81 -5 -4 51 14 -56 -95 74 -67 -99 -70 -44 -999 26 -999 74 73 53 -33 88 -49 -52 74 -999 65 81 -27 86 25 -4 -999 37 -999 -86 -999 -999 -70 8 -88 49 -83 -98 -11 -74 -66 47 -9 -44 -999 -63 -69 -53 -999 -30 -999 43 22 -86 13 -52 57 -999 -28 -89 61 66 -62 -60 64 -53 -999 -999 -31 -7 -999 1 -57 -4 6 45 73 -999 -999 -999
76 -74 -999 -62 -89 -61 -36 -999 -63 -22 -68 -999 35 -999 -999 -999 -91 91 -999 100 -69 68 -999 -999 -95 -37 -999 -36 -44 60 -96 -999 73 -999 -39 -999 -61 -999 -999 -91 83 33 87 -68 -999 86 84 -999 -16 62 72 -7 -999 -999 -999 36 44 -999 29 -1 -63 -999 34 -77 68 -999 85 50 51 -20 95 1 -23 40 -54 -999 -999 3 -999 -999 -999 -999 10 -999 -999 -67 27 -92 -98 -92 56 -72 -999 -30 89 56 -15 -27 -999 -84
93 -999 -999 -89 -999 7 -36 -999 -999 29 4 35 -76 -43 -999 -15 5 35 52 -7 -21 74 33 -68 -999 26 -999 14 55 85 -39 -5 -19 -69 -56 -28 2 -6 -76 -75 -999 92 -87 -14 50 30 -98 -95 -55 16 -52 -60 -13 21 70 85 -999 -999 47 82 -48 98 -47 -27 -999 13 -24 -6 -96 32 -64 99 -33 65 27 -999 -999 -76 -77 34 -24 -999 -24 -13 -27 3 -17 -99 -999 -69 -999 83 84 27 93 10 -50 99 -28 65
15 -69 -2 -41 3 -999 56 34 -999 -999 -999 15 -89 39 13 -2 15 75 -999 58 -999 99 -62 -57 -999 -51 31 -999 -21 13 -15 -61 -999 31 -9 -32 -999 6 -23 -999 74 -89 65 -74 -28 87 -38 -1 -999 -9 -999 -999 24 -999 86 86 -95 -31 89 -7 79 -999 -89 91 -84 34 -44 -87 62 -999 -84 33 -999 46 50 -61 13 94 32 -58 -61 -80 -33 -82 -54 -86 -71 21 -999 -999 1 -5 -14 67 -39 -999 -65 -999 -999 82
40 13 63 54 94 -999 -45 -999 84 88 -89 -20 -999 -70 94 24 69 46 28 6 94 48 -999 8 -2 -999 59 50 4 -14 100 28 6 89 -11 -18 -1 11 86 -83 -999 30 20 23 -71 -999 17 -999 -27 90 89 -999 23 -999 -999 -56 -94 59 -73 57 -74 -82 91 29 -999 -74 -999 32 21 38 75 -23 -62 -70 18 -999 -27 -999 11 42 98 -56 -48 -38 -99 30 1 74 13 -999 -999 51 -51 76 -45 -999 78 -30 -999 28
16 86 -999 -60 -75 -10 -92 -84 -77 15 -3 -999 -87 -40 82 -68 -5 36 -32 -999 -88 -35 -16 61 24 83 75 70 -12 -55 -49 -37 69 7 -999 -999 -29 -21 -999 80 -38 59 -999 -67 -999 -999 5 -78 94 -999 -46 -51 18 31 -45 -999 -21 75 -999 -1 87 24 -22 27 -999 -49 69 -48 36 -93 55 -60 -6 92 -90 -10 87 50 7 -999 -1 -999 -80 -69 -999 -999 -9 -999 -999 -999 -999 -77 91 -999 51 -100 -999 -1 -46 30
88 48 -45 -27 48 93 58 82 -80 77 -999 -999 -999 72 -3 -39 98 -999 76 -61 51 -999 7 33 98 24 -67 -78 32 -74 -999 -999 -999 -21 31 -999 1 -90 -12 -21 -47 -69 -6 -999 12 -94 -55 -95 63 59 -47 -37 -999 -999 63 76 -85 -37 54 -56 -13 -61 -999 -88 -47 -999 -5 40 23 13 -59 -53 56 -7 -57 34 -55 -26 84 -24 -999 -50 50 -10 43 48 98 -85 -999 -33 99 71 -7 41 72 -13 31 -96 48 45
-24 29 -18 -99 -81 -42 38 -57 -66 88 -54 7 88 -97 18 18 82 52 17 -999 -72 -13 94 5 -27 2 29 -999 77 82 -18 66 77 96 37 68 -999 -999 58 -35 -48 -999 23 -50 -999 -48 -51 30 88 -88 -999 35 55 5 -5 -63 -999 34 84 -26 24 99 -58 -67 -87 -82 -1 -999 -57 -999 68 17 40 -999 -95 -75 94 81 4 -7 -999 76 52 77 38 -999 4 -999 -999 33 91 77 81 -1 -999 75 -11 -19 12 -95
-39 -73 -82 -80 -86 36 -999 -6 -999 78 48 47 -61 9 28 -37 -89 26 42 95 -79 81 -999 48 0 86 59 40 -59 21 -46 78 -32 27 80 -98 68 6 25 -999 91 45 -73 82 -999 64 -999 -37 22 -25 -999 -99 70 -53 34 -999 66 -94 79 -999 -95 -91 -95 88 -69 11 -48 94 -999 -88 9 -29 55 -999 12 -9 -999 10 -46 54 72 -60 27 -33 -999 3 -999 -22 20 -999 49 35 14 -63 44 20 -36 -38 40 -88
-66 -32 6 -70 63 -77 -5 -74 -7 89 39 13 37 -42 -999 -88 48 -80 -999 90 -999 38 -999 33 -24 -14 -79 -83 -999 -25 95 -51 -23 -98 4 -86 -41 47 78 -40 -75 -83 -999 26 -72 -999 -69 -999 -69 75 -19 7 -4 57 45 -29 -999 -999 17 35 21 -999 -11 -86 -86 92 -999 14 22 -999 28 -97 74 71 -29 -86 5 94 -999 52 -95 48 -999 -999 -86 86 82 42 25 -60 -9 -30 3 7 51 -88 -39 97 -999 -79
13 70 73 -15 -23 32 64 -46 74 -999 -80 -53 -2 -35 -999 -62 99 -999 87 78 -999 -999 20 -60 98 31 22 -34 -62 -28 77 -999 48 -999 -75 -999 -999 -999 20 21 13 -999 -23 -76 -100 61 -53 31 -50 -69 35 -10 -67 -999 45 -87 56 18 -999 59 -86 -999 5 -18 -999 -73 -67 -999 8 -999 -79 26 99 -999 -28 -70 -999 97 -999 4 -71 27 97 -5 -999 67 30 -24 -8 -15 -999 10 -100 43 -92 -88 -97 96 -41 -73
56 -999 59 -1 -999 65 -25 21 -999 -15 -88 81 -71 -52 -999 26 -8 -92 20 -6 -999 59 27 -999 -10 81 -999 38 70 41 -999 -8 -999 -999 -47 33 -36 91 76 61 39 -999 81 -999 82 -30 -10 -999 -999 31 72 24 -91 -999 65 -84 -45 -42 -38 -8 -71 -74 -97 0 -54 -79 -95 18 68 -25 -66 11 52 40 -80 -18 19 72 -39 -89 -999 -19 -999 -99 88 -89 -82 64 84 -999 14 -34 46 -3 -57 45 -55 -999 -999 51
-68 18 -999 -999 21 85 31 -83 68 28 -55 3 -999 88 81 17 -999 -76 -16 -999 -999 66 -53 -20 -26 66 44 -78 4 -999 96 95 -80 1 -999 -41 -83 -33 -97 -23 -999 -30 -47 -38 -30 33 -42 -999 70 -1 15 81 27 -999 41 -65 -82 62 -58 40 -14 -999 -73 44 84 -57 -82 -86 -999 67 -34 74 -6 -999 -53 -13 -91 -77 -23 -999 76 69 11 -21 -47 45 64 -63 -38 -95 27 -20 -59 4 99 -25 -90 90 72 -20
6 -24 77 -28 -35 21 26 -11 64 87 -999 -33 -61 -30 -18 -999 -1 -9 -999 67 1 -79 -91 -29 29 -999 6 -47 57 23 -999 -999 90 -15 -95 -21 92 -17 58 -59 92 -52 -94 11 94 -53 46 -999 -999 -999 -22 88 -81 -90 22 -48 -19 81 -20 59 -45 -5 62 -88 -999 -54 -999 -88 22 -999 -15 -22 -999 -999 39 6 66 -40 -9 -73 -8 -31 -25 -54 -21 -999 -999 -54 35 21 -999 -999 -89 -999 15 -86 -999 -39 -999 -84
-66 -75 -59 88 -999 -999 98 -27 60 -35 -999 77 -98 -55 -999 -56 97 17 84 -4 37 77 79 20 90 28 20 32 -71 100 -999 -70 -999 -27 -999 -66 -46 -78 75 -18 -42 -999 -43 54 51 -999 98 43 50 -999 -35 3 12 88 -999 -81 -86 -95 79 -35 79 -45 14 87 4 43 -999 -87 77 35 -11 -10 -49 -999 43 -8 -26 -57 67 -35 -57 69 -27 88 -49 -98 -2 90 69 -999 -7 -999 -52 -66 -18 -12 -999 23 70 -46
84 -49 23 -999 82 -999 32 93 -40 -54 56 -74 -59 24 -73 -4 42 -25 26 -100 92 -69 -71 -76 -79 -999 78 54 14 -999 -999 -32 28 -999 89 -22 -999 -97 -999 -999 15 -999 30 -999 -26 -88 41 13 44 -3 -84 -999 -76 73 -27 -999 79 -999 -999 27 39 -95 -36 12 -78 90 47 -999 71 -999 41 -38 -21 61 100 31 -48 36 -91 -99 -999 -999 34 56 96 100 -11 -999 -72 -999 -6 -15 -999 -91 -48 18 -999 -50 23 -86
-999 -58 14 -56 41 -5 59 -39 45 15 -999 46 -98 91 -2 -999 -999 -11 -91 94 -100 5 -16 -9 0 65 23 -96 89 -99 -75 -999 85 -999 -51 79 -52 -74 -999 -63 -14 -2 -35 16 97 -18 5 -10 7 -45 70 -999 -90 77 -100 -61 -14 11 43 -999 95 75 -999 -72 -48 -999 -79 62 -999 -999 -95 55 67 46 -19 -999 -71 83 53 -19 -36 -999 70 -25 -49 45 82 -4 -999 -999 -999 -999 70 35 -93 13 -31 83 35 32
57 -999 2 76 39 -68 84 -999 -9 66 -999 -49 -999 -999 76 88 -5 -91 86 -52 44 -999 -60 -999 -18 32 -98 -46 -83 -49 39 90 8 97 4 78 63 98 -68 6 -95 19 1 -73 -69 -43 -1 -999 -999 47 -33 -999 -70 -35 40 68 89 5 -23 37 74 -999 22 -16 -18 -55 18 -19 -999 -88 -63 -999 -999 37 -69 27 -50 -36 81 -999 -999 -999 -999 -999 -999 -999 69 -999 -81 -49 -999 -999 -76 -999 80 -10 -18 -75 -10 41
-999 -30 -999 -56 90 13 60 -65 -999 67 -65 69 27 -16 -999 -999 -60 82 -999 1 -24 -69 -5 -40 -91 -56 63 84 -39 99 60 -999 -63 -89 58 -999 -999 1 -80 -6 72 59 -21 25 43 -999 -79 -34 -99 -98 -999 -999 4 -39 29 73 47 -7 64 -8 -999 -999 -81 -999 -74 -42 85 92 -41 -73 36 26 -51 94 5 -999 -89 -94 98 -999 -37 74 -11 40 9 95 20 -999 -97 -999 8 68 16 -30 -94 -43 -85 -75 -999 -65
-7 88 27 -999 26 44 35 -50 -13 -999 -75 -999 37 -999 43 -999 15 -66 56 -999 -999 -94 -999 64 -999 63 85 -14 39 -84 74 -39 -999 77 -96 -47 -75 -999 72 22 -36 59 10 -40 85 38 -64 -65 63 53 68 87 -34 -36 -100 -1 41 -999 -90 -47 80 -999 -26 -999 94 10 -26 -999 11 -40 -14 -999 -87 -999 75 55 -32 -999 -999 -999 -999 54 -92 30 -35 -61 53 36 -78 -6 9 -50 32 -999 -6 -999 62 62 45 -25
74 20 -44 -50 -70 -71 -81 -999 43 -13 57 -29 38 -999 -72 -999 73 96 42 24 -999 -73 23 37 -93 53 -999 33 -999 -74 53 97 74 -5 -999 -17 -59 10 20 19 74 -999 23 -84 53 29 -33 -999 -999 -18 -41 62 -999 -999 -14 -999 -38 -41 30 -999 65 -82 78 -999 70 -7 -999 87 -999 -999 -45 28 -56 -69 31 -999 -999 3 44 -60 -48 73 42 -999 4 -3 85 -999 -999 50 -5 -43 -25 3 55 -63 -999 68 74 -2
43 58 5 -51 99 -999 14 -53 32 -7 4 -999 34 7 74 94 76 -999 83 15 -56 -60 32 -60 14 17 -60 -60 -20 74 59 -42 -12 -32 -999 3 19 -37 92 -73 81 30 -999 -999 3 29 83 -999 -999 -6 -999 -999 -47 -75 73 74 -93 -29 66 -67 73 -33 67 -999 74 -75 -55 -999 -52 -999 -999 12 55 -36 -999 -999 -93 -56 -999 -9 64 -73 92 98 -26 -35 -999 -93 -33 88 -81 -79 71 -37 -85 -61 46 1 65 -39
-23 75 -85 28 -17 80 -999 -55 25 66 55 -62 -32 67 -83 35 64 19 -20 18 -10 -999 -999 -45 26 -18 -49 -23 -999 -42 80 -999 28 62 -999 47 36 -47 -999 67 -68 -41 73 -999 32 43 -89 -31 6 -39 -999 53 50 7 34 -29 -34 -4 -41 26 -15 -16 32 -1 -999 56 3 -48 -999 -34 -2 48 12 -13 -999 -999 1 -999 -46 87 -999 -65 86 32 -52 55 -999 98 -999 -22 -999 -76 -999 -67 -999 18 -999 -59 -99 -59
-21 66 -83 82 2 -999 -999 49 -64 -999 -999 -93 -999 -20 -999 -75 -11 54 -38 -51 -999 -45 -44 63 41 -999 -999 82 21 12 -94 -999 96 -8 -75 45 80 -999 -69 24 39 -46 -9 -64 -49 41 -24 -90 13 7 -39 -78 -39 -72 -16 98 -87 60 -62 -43 -37 -29 -30 87 -999 -14 -70 -999 63 -999 -37 66 30 -999 31 -21 75 -45 -999 56 -14 -82 -18 -27 -999 -89 81 27 60 -999 -68 -999 -12 -999 42 -31 32 -67 -999 -84
-98 36 -999 88 -52 -78 -999 65 -43 -999 -13 12 46 89 -999 -23 -48 -33 -999 45 91 -50 -12 68 -29 96 13 -61 -63 -12 -999 8 54 78 -13 8 13 -17 51 -38 -999 42 86 -999 4 100 97 -999 -79 -999 43 79 93 -87 -999 -999 58 45 -999 -1 4 -33 21 -49 -80 -33 -71 73 -100 89 99 86 -71 -94 -999 64 -68 74 -999 -999 55 -4 -54 -89 -70 -2 -62 -999 26 -70 -999 -99 -45 74 -999 -74 47 1 -18 20
-60 -999 71 -98 -999 -50 73 -29 -62 -999 -28 -999 -99 -999 -81 -60 -19 20 -7 -41 84 89 -999 83 29 -38 -999 71 8 73 12 -14 -82 1 -999 12 -85 -999 -30 91 -47 -999 32 -28 -74 -86 7 -28 -20 -72 -999 -999 -999 58 -6 -2 -999 99 65 -42 70 94 -999 53 -69 42 21 61 89 -73 -95 54 -93 52 93 37 -23 67 -999 4 -51 -999 -71 76 -999 7 11 27 -999 63 26 -999 -999 47 10 -999 -12 -999 72 77
-1 1 -91 42 -81 -15 7 -999 93 11 -66 92 -999 -43 -66 -999 97 -23 17 -72 39 58 -33 -59 31 -999 59 -999 -19 -32 -86 -33 -26 -999 -2 38 57 -41 -33 5 -30 -34 42 -54 -83 12 6 -51 81 17 6 20 -81 -999 14 5 6 -999 -3 35 -67 -58 -999 57 -999 10 -27 -16 -999 -99 -46 65 -100 22 74 -69 -999 -81 -41 16 18 -999 66 -74 37 71 -999 -999 72 -999 94 -52 -24 -999 89 53 26 51 85 -84
-17 91 -7 9 66 -20 -59 -80 59 90 13 -77 -999 -62 91 -999 -999 -78 -9 -28 51 -27 -28 31 94 -2 -71 -999 76 -999 -48 -100 53 62 -60 -7 -15 -999 -19 56 33 -999 83 -999 -3 -999 93 -15 -36 -999 -41 -68 91 -76 2 -48 41 -999 -48 21 -999 -999 -999 -100 -53 67 24 16 31 70 -97 98 -32 7 -63 -86 -999 -66 73 -999 42 -65 50 -85 62 24 80 67 2 -2 52 -999 -92 -999 -99 -2 -999 -999 92 -999
-73 23 15 38 89 -999 89 -999 -999 -61 15 -59 -81 -66 -17 -44 -31 -69 -56 -67 0 65 -97 62 -84 -1 -48 -999 68 96 14 -16 -6 -999 -999 -6 -78 97 70 -91 96 47 56 -67 -37 -999 -22 99 -999 13 -35 9 17 54 -8 -999 24 -5 -76 3 -999 -999 98 43 -999 -33 -31 -70 21 -54 -13 -47 28 -62 -999 -23 -29 -88 -52 39 -999 -47 -999 -95 -999 -999 -999 -72 -97 4 4 48 15 -82 -999 -13 -91 -33 23 -3
-47 27 42 -91 -999 14 78 -19 -21 52 17 -10 15 -49 -999 63 34 -999 91 86 -15 -86 -38 -25 -999 -59 -999 93 17 47 -99 -999 -87 71 -999 69 -78 52 46 51 -94 -91 -65 -999 -999 -100 -31 63 54 42 -999 92 43 -999 21 31 52 13 -67 -77 -42 -999 -16 -79 36 -39 6 0 -79 89 -100 -82 -28 -88 -999 2 88 -51 -12 -52 -76 48 41 89 -999 77 -96 42 53 -96 40 -999 70 -76 -1 -52 -68 19 10 4
44 -72 -999 48 13 53 -999 -24 10 -79 -999 95 27 -65 66 8 48 1 21 66 -999 -93 -999 39 7 -25 -21 -73 -78 -92 22 -999 56 7 96 -999 22 -18 -56 49 -10 -999 -66 97 -2 -21 27 -24 60 -29 26 -999 80 -999 23 -39 36 -999 8 82 -41 73 -40 -999 -999 -80 10 97 -89 -100 -14 60 46 66 -45 51 -999 52 -999 32 -90 13 100 -2 83 -86 42 97 -99 31 -92 92 -999 -999 -999 -46 -999 -10 0 -999
60 65 34 87 13 -78 -999 -77 10 89 7 -91 -47 -92 87 60 62 -70 -90 38 86 84 -999 36 -75 -999 -43 59 -67 81 -14 98 -999 -999 50 -84 29 99 -999 -999 -999 -43 37 -67 10 -999 84 -999 10 93 17 -55 18 -999 -71 -999 -999 -57 77 31 -16 -999 -3 46 -999 82 -5 93 -999 -12 -39 3 -40 -999 45 88 74 -47 -48 39 -55 -999 -999 -96 -6 95 -999 -10 -52 9 -999 -29 15 -76 -15 84 -13 84 87 -999
-55 50 -999 -24 -3 11 -46 84 45 -91 41 -999 23 18 44 23 73 -8 -79 -14 82 -42 -100 88 -11 97 -999 -999 1 24 15 58 -56 -1 -999 44 -53 46 -53 49 92 -72 -29 -999 87 -999 -51 -96 -999 93 -999 29 43 39 -97 88 -999 12 87 44 -999 -999 -14 -44 -999 -26 -999 33 -80 -94 -6 53 72 18 -999 -48 8 -999 -60 -999 -63 -999 20 -62 -54 -999 -999 -21 -64 43 50 74 -80 -999 -999 -71 -999 74 74 -9
-21 -88 -999 -999 89 74 -97 27 94 -84 -999 -61 99 -999 -77 -53 -999 -999 30 -69 37 58 -999 92 37 40 -7 -33 -999 -999 -97 -39 -999 -6 -33 -999 -3 -999 -34 -999 18 28 70 -999 -999 13 81 -58 -82 -99 96 -34 -5 -25 14 -999 50 72 89 -26 -999 -88 -94 -68 93 -999 -999 -999 50 48 -37 75 96 -999 98 76 -90 -19 -44 13 42 44 43 46 -86 99 -999 11 69 12 13 -999 -16 -18 68 18 -2 -17 -999 79
-16 71 95 97 -1 74 -61 -22 -90 -49 -999 -999 -89 99 -999 -16 51 -57 59 -54 -999 90 -999 -37 -6 78 58 43 -999 -16 -29 -999 -999 -999 -3 -77 -66 52 11 -51 -999 27 32 -62 -999 32 -999 -60 -999 -27 -999 -75 -71 -999 31 0 -999 -80 85 -75 5 -86 -999 -999 63 -22 -100 -999 -43 88 -70 -75 -7 37 -63 -999 -61 59 51 -16 -100 83 -999 -999 -999 -999 -39 -51 -999 -70 -25 -47 35 -999 -65 -999 57 -41 93 51
0 25 -64 -67 -10 -42 -59 -999 -999 89 41 88 30 53 68 -999 -4 -999 58 -38 -999 -86 -21 58 -999 -16 24 -86 67 -999 -999 96 20 12 -96 -999 73 48 12 68 22 14 0 -999 -16 70 62 10 -999 -24 29 78 -74 58 -91 63 79 -36 90 76 12 -999 11 22 -999 -999 -11 -999 -44 45 -999 26 -16 38 -999 -24 79 62 -9 7 53 43 58 54 -27 -44 -78 65 -19 -999 -55 -999 -17 -999 -33 -11 -62 -46 -41 -999
-32 86 -18 -999 93 8 37 -10 99 -999 -87 82 -999 -56 -999 -999 35 -96 -999 -3 -999 89 -29 -26 -14 -999 72 -64 -999 98 -19 100 -95 49 -55 -999 -999 -82 -70 -51 77 -999 66 4 12 70 -8 -85 35 56 -999 -79 -98 -999 -999 -999 89 -36 83 73 16 -82 -999 -999 6 -84 7 -67 12 -999 -93 93 42 23 -37 -999 91 -20 -10 48 5 -86 -17 -15 67 86 66 -999 -999 -60 -999 -6 -80 -88 -999 97 -999 -53 36 -30
14 -999 2 42 52 -999 -83 -999 -999 97 -25 68 1 -47 51 5 -75 -10 47 -55 -96 -95 11 -999 34 -999 78 -999 69 -999 -999 -999 -999 -999 99 -999 -6 42 -81 9 64 -89 -999 -35 87 -999 77 45 52 -46 -999 -999 -999 4 52 16 43 -999 35 -82 74 86 -88 23 29 -98 -81 11 -94 -999 18 -61 91 -999 -8 72 -999 49 -999 37 -30 -999 -35 -999 -88 20 5 -78 -999 -3 31 8 -999 -999 -69 -65 6 -999 -6 29
15 -999 54 -26 -95 -999 -99 -999 39 -999 -999 47 -75 -999 -76 -92 -999 34 39 -35 33 32 100 -56 -100 -999 -999 -22 -999 -30 67 25 -35 -999 98 -999 12 17 93 36 -95 43 -999 -48 74 62 10 69 18 -25 80 31 -999 -42 -67 45 -999 -80 -999 -68 -55 33 -999 32 39 -24 -67 51 17 -37 94 -31 -999 -83 90 45 -999 6 -13 -70 62 -8 85 1 97 -35 11 -16 -71 58 62 5 -73 -13 -999 99 -999 -52 66 67
82 -999 -999 -999 -999 20 -83 -59 -90 91 70 46 -76 -999 -78 -999 -17 -31 71 -48 13 -999 -24 -8 -91 -42 24 -62 -999 38 -43 71 16 92 -59 15 -86 -90 -999 -71 -999 -15 -42 3 -999 -44 -999 -91 82 56 97 -46 32 38 22 95 97 30 -999 0 -4 -999 55 -26 33 -66 -72 65 33 47 -99 -71 -29 -999 99 12 -6 -37 -16 -81 58 -15 72 -999 -27 -999 -86 -59 52 28 -48 10 -66 70 74 -44 35 -82 -52 42
49 -999 -999 -62 -999 -1 90 -13 10 -42 -28 -33 17 97 -16 24 74 -62 -999 -84 89 -56 97 44 -43 -95 27 -39 -79 -6 23 18 63 -999 -999 -999 -43 -999 -80 -83 27 -93 22 -999 -56 11 -999 -97 80 -35 -98 -51 57 -34 -999 82 -68 74 -999 -57 52 -999 -52 40 40 -999 6 -62 -999 -28 74 73 -999 65 -8 -999 -4 -37 -97 -76 -999 46 49 -999 -51 -999 -71 -47 -49 49 -999 -999 36 -79 -999 11 -13 40 19 -80
-87 -62 52 -30 -999 67 -999 8 32 -999 -28 -2 -999 -55 95 -88 37 92 9 35 -999 -61 -999 8 69 -41 62 13 -81 60 34 84 -15 -44 -999 43 98 -999 72 31 -999 97 -30 58 -999 -45 -92 66 23 -87 18 -999 44 -62 -50 76 20 -42 -999 -31 5 83 58 -73 19 3 -74 83 -63 -49 9 -27 -22 96 39 -6 65 63 86 38 0 98 -93 -84 -76 -999 -35 -4 89 56 -30 -19 -999 -68 -48 -91 31 72 -999 -61
-74 -88 -10 -34 61 20 -88 46 25 -999 93 -45 63 51 30 -71 -999 82 -69 -48 -999 71 -14 -999 -999 9 -48 -999 72 84 72 -28 -999 7 -5 6 87 -999 -24 36 -21 48 -99 -95 -999 11 69 67 -45 -45 -60 29 10 -24 -999 -999 -999 -999 92 -999 82 61 58 -68 -63 -23 -999 10 -62 -999 91 -44 79 -999 78 -999 18 -999 33 48 -999 -11 -25 87 -97 55 -33 -999 5 -78 -71 93 -999 71 65 -49 -999 -5 17 -999
25 -999 56 -80 17 82 97 -78 65 -42 42 51 100 -999 34 -72 99 46 -49 -999 -70 -999 47 -999 -53 -2 -999 -38 -25 -14 -999 -13 -62 44 -78 -999 -999 -38 -999 -59 -53 -999 71 -81 -66 94 -33 -999 80 72 -82 -999 40 -999 -47 -83 71 11 13 88 -42 10 96 -999 41 -36 -999 -999 16 -58 -80 -999 94 50 35 -999 32 -80 12 -35 -999 55 42 -11 72 -96 83 17 92 -20 -20 41 -86 -999 -999 53 -75 58 34 -90
-999 -38 71 -999 31 -58 96 55 -94 -89 -53 47 83 -50 58 -29 29 53 -26 -62 -999 -81 -999 -89 -38 4 78 -50 -20 -999 70 -40 -999 -999 -999 -85 -999 -999 -38 11 74 -15 30 -18 -2 -79 46 -26 -97 42 -999 64 33 -52 96 -20 -43 50 -999 55 -16 -999 -69 -999 37 79 20 -999 -56 -28 5 -999 7 84 -91 -30 66 -999 25 50 46 -999 49 42 -93 13 -68 -999 -18 -999 -14 61 35 -74 -24 -96 -3 81 86 -65
59 -1 -5 -55 -12 -15 60 -93 87 -999 -49 -98 -71 -20 -999 -49 87 -28 -20 43 -999 -45 45 -999 8 -30 -8 -76 -55 -61 20 -999 -93 64 -999 90 84 -83 -28 72 11 -10 -61 92 -76 -65 -96 -65 -26 83 -999 -6 -20 -86 -2 9 78 63 65 -72 -999 -10 -26 -96 25 1 -10 44 42 76 -57 -60 -10 94 -17 -94 -31 23 -11 9 -31 47 100 -78 -85 -41 61 -999 28 -79 -22 100 -999 -37 -78 36 -999 18 -999 86
36 -11 -92 -999 75 50 20 49 -5 -89 63 -4 -49 -49 -20 -79 -5 -33 -50 -15 -100 -1 22 -999 18 -41 -999 20 -999 -999 -999 -999 82 -100 -22 -62 -999 -71 -999 -72 51 17 -67 -94 42 -999 1 70 -67 40 65 -78 -999 -23 40 8 50 -8 -999 -49 -36 -50 -999 -5 -999 -60 -38 12 -6 20 60 -999 31 15 -76 17 -36 -93 -62 27 -999 -61 -68 -999 -17 -17 15 -6 46 -57 6 73 -999 90 -8 -69 5 -999 13 47
32 85 14 -92 -4 -999 87 -67 31 40 58 -75 -87 -54 -999 -79 -29 -999 -71 95 37 -999 79 35 -57 -999 -78 44 -999 -16 -999 71 -999 34 86 9 -999 27 -999 -49 -999 13 -92 11 -999 -79 -999 -19 13 -85 -999 10 -3 -999 35 58 -25 11 -999 -999 -999 -50 60 38 -999 81 38 59 -60 -999 28 -75 51 82 6 -92 -12 -999 -100 -45 55 67 45 21 -65 -999 -45 74 43 59 -999 -98 -99 -999 -63 -13 2 -999 34 -999
-83 47 52 -56 -57 39 10 -999 -82 -48 -49 -21 5 -78 -999 -999 64 64 2 -999 -45 -8 -13 48 -6 33 -17 30 -76 14 -999 -999 17 59 -32 38 -999 -65 -70 6 -61 23 92 58 15 -54 59 -14 -999 -50 7 -98 -999 -4 -999 -999 91 -24 -80 -999 -999 -52 74 10 95 -32 -999 50 -999 -86 -81 33 25 55 -92 73 27 -999 -43 2 -82 -33 -93 -47 -33 83 74 -75 -999 -87 -63 7 80 10 -999 -7 -999 40 -999 57
9 63 -16 -46 -43 -1 96 -46 -73 -77 -999 -999 -22 79 -51 -999 84 32 -50 72 0 94 -50 92 73 -87 74 12 25 -999 -999 -999 -56 -999 -62 -13 75 49 71 -88 97 -42 -20 46 -999 -47 54 -56 -91 -999 16 26 -80 -22 -93 95 -43 63 61 44 16 80 -72 40 -999 -87 -94 47 7 -999 60 -38 87 55 -24 -73 60 -999 -999 8 72 39 -999 54 57 -999 -20 -49 10 81 -2 -83 -999 51 -99 94 94 78 -99 43
-999 -17 90 -999 -21 98 -61 47 46 53 -999 26 84 -39 72 90 5 -21 -999 -999 -9 -88 -91 -999 -77 97 33 -40 -96 -28 2 -81 24 -53 -999 -38 8 38 -41 23 -67 42 1 -999 -89 -36 -77 48 -999 -55 -80 -45 -55 -64 -22 -44 -8 -999 20 15 14 -65 -999 -28 -999 -9 48 -999 -28 -999 -999 -7 -999 43 76 -11 -999 -999 79 -999 -79 -999 -74 -18 -38 -24 90 83 -68 -89 0 -999 94 -21 -999 83 -66 39 -9 21
-83 -999 -999 -999 -51 -51 -999 -72 2 -999 50 -92 -999 -999 -999 -999 75 37 78 -71 14 95 -999 71 24 -38 75 5 -999 -999 -999 -999 -91 -17 -999 -3 -88 85 -999 -999 -5 72 86 -52 -50 65 -999 -999 -999 97 -999 -999 -999 -999 -9 44 84 76 -999 -30 78 -46 -44 49 -999 -5 91 -88 -999 -19 74 9 37 -63 -4 -69 -6 -73 51 -28 -32 -82 34 80 37 -999 -86 -76 0 19 -54 80 39 -78 -50 -24 0 -85 -38 -51
26 40 20 84 56 -20 28 22 48 -7 -27 -999 12 -999 84 81 -76 5 29 -999 -999 96 -999 -999 -72 69 -50 23 70 -54 -64 -78 -8 -81 47 79 98 19 12 46 -63 54 77 52 -3 -999 86 -13 -52 -82 19 -83 3 -14 -999 -88 10 54 -65 88 53 -999 20 -59 -58 64 13 -40 -91 54 -56 -19 81 -90 81 96 -64 -999 -999 65 98 -24 -59 22 -999 -35 33 95 20 -999 -16 -55 68 54 67 -999 79 -24 51 -999
-999 -999 54 99 -38 83 62 -75 61 -999 -999 7 -999 -999 -999 24 98 60 66 -93 4 32 -20 -24 51 61 -76 -999 -100 58 17 52 -999 98 -999 94 -30 97 76 -999 23 -21 -999 -92 -31 -72 -16 -999 -57 76 -95 22 -98 -10 -85 -28 -40 -999 -57 -10 -999 -3 -95 -32 -14 -999 83 45 72 -999 -30 -999 35 -999 43 91 -20 -999 45 67 -88 53 59 -1 -999 -25 65 -59 11 -999 -1 -81 29 -92 -2 79 -96 -58 -999 -40
-97 58 -999 18 76 -60 20 -999 -13 62 60 62 35 -87 -54 74 21 86 -99 -30 -92 -60 61 -46 -25 -999 3 51 -999 6 29 39 16 -999 53 63 28 -89 -999 42 12 -92 86 -25 30 -999 35 51 -999 -70 95 -49 -96 -7 -52 -999 -999 24 6 89 -999 60 74 -999 54 -13 -98 46 56 68 87 -999 -999 -42 67 -49 41 63 -70 -999 37 -57 -999 93 -999 -91 -25 15 -999 49 -999 36 8 -3 -999 -42 60 -87 27 18
-999 -999 -999 -3 -81 -999 -26 -999 48 -999 -38 82 -5 -11 69 4 59 -95 -60 90 -999 54 -19 -99 33 5 26 -82 92 39 12 -999 40 -56 96 -99 81 69 14 82 -1 -999 91 27 71 -55 -2 20 -69 -74 -32 -2 -58 -96 -999 -14 31 -999 5 -85 -999 72 -38 -58 81 -61 -999 -58 -98 49 4 50 -999 -999 -17 99 55 -79 -38 -999 -999 10 79 -999 -67 -86 3 -13 -66 85 -95 -999 -77 -999 -27 -90 -999 -999 -52 -23
-99 66 -999 65 -19 24 60 72 67 -18 55 -43 -999 42 -999 2 91 -999 -999 -999 70 -999 21 -8 -5 -999 57 2 -91 -4 57 -999 70 -97 42 -999 15 58 -3 -95 -47 -74 38 -30 -75 47 -999 -22 -999 -999 -22 -999 -999 -999 -70 -999 27 -999 66 -62 -75 -62 -89 -999 -48 -28 72 -95 -47 -999 31 -99 -86 37 -66 39 -84 -95 -80 -31 7 -999 -76 -999 -76 -20 -7 -999 -59 49 12 34 -999 89 -999 11 -999 -999 35 -999
4 90 -64 -999 95 -88 56 -56 13 -99 -16 -999 58 81 11 92 -24 -28 1 -87 -999 -68 94 27 -73 -47 -6 28 -61 97 51 56 97 -61 -44 -999 -66 -999 39 -999 -999 -1 -68 -55 87 36 -31 -27 -23 29 90 4 -21 -23 51 -58 -999 -17 -28 -37 35 -43 24 -21 13 84 -82 -999 51 21 -999 -12 -81 13 -78 -60 -999 67 -11 -999 -90 -27 83 70 -97 -999 -72 83 5 -999 -999 13 75 -11 -999 78 49 21 58 100
-65 -44 74 -98 28 -999 23 -999 -17 -12 -999 -999 -21 -27 56 -30 -24 53 66 72 73 -44 12 -20 31 53 2 71 -999 -8 -55 -64 -89 77 -999 -43 -2 -82 94 -93 98 -79 -72 12 65 -35 27 -999 -999 15 16 -8 -16 97 70 -60 36 -25 -999 -999 34 -999 -76 -999 -43 -6 -999 -33 -999 -13 -99 72 64 -88 31 -15 68 31 32 -999 -6 -84 -999 45 93 -79 -16 18 66 -19 37 100 -90 73 -6 -38 30 36 -999 -44
-999 51 -66 16 -999 16 -999 48 -51 7 -97 -27 -999 -999 -54 98 30 -87 -38 -74 40 -999 86 30 86 -999 -56 34 -24 -999 -38 46 -999 60 -42 -999 -55 -999 49 30 22 -67 82 63 -34 74 -999 23 -30 59 39 -14 -56 -999 -999 29 91 -77 15 -1 46 -83 69 -999 24 82 8 -66 -999 -16 -999 -25 -6 -5 7 41 85 15 -36 -57 -94 92 27 -10 79 -38 -68 -54 -999 -62 54 -20 16 13 -999 25 -14 78 -999 72
-68 -51 84 70 -999 96 -40 84 57 -11 -57 -999 -7 13 4 94 -9 2 27 63 31 -999 -92 -25 48 0 70 -999 -17 -999 22 58 25 -19 86 17 -54 63 -38 -84 -93 7 45 -999 99 -999 10 22 -36 -80 -999 -999 -999 100 55 42 -81 -999 -69 -999 -36 52 -42 -999 67 43 -999 -999 -78 17 69 -999 -999 -97 -47 78 -92 -4 -36 -43 0 -21 -30 66 -33 2 -999 -43 -33 -999 -52 71 -999 -11 76 -999 21 -28 -3 0
65 77 -51 23 -999 -89 -25 23 -999 32 63 42 -999 -36 0 -75 -8 -999 -56 -39 -35 -999 32 66 40 97 -5 25 25 -999 68 -85 -74 -64 -999 20 -999 44 -64 -999 77 82 99 -94 100 -3 -89 -21 -40 -15 -999 -999 -999 -43 8 -95 -73 60 -999 19 46 12 63 -999 -99 36 -32 -34 59 94 23 -999 1 39 41 40 21 -94 -58 -24 81 -55 32 -8 -39 75 -27 -999 74 54 -999 52 98 86 -78 -999 71 -60 -45 -32
-28 -80 -35 -63 -999 -100 -79 -52 -1 47 -999 -999 65 -10 -14 14 54 92 85 -90 -33 46 4 -67 -999 82 55 -999 -999 73 -77 -32 -999 -999 20 53 -82 -999 -999 -84 -30 18 84 5 46 -999 -13 98 15 -999 -69 31 -12 -54 -20 68 -43 -33 17 -999 -25 -89 -69 -39 -5 97 -999 -999 24 -69 -11 -999 100 -45 89 8 49 -7 -999 78 -999 59 -44 -29 -81 -44 -999 -82 -26 -69 53 -76 -999 36 30 -999 -999 42 68 -36
-53 46 35 -97 -999 -92 -74 -60 -53 -27 -96 -999 -999 -87 -48 -34 -999 -100 -95 54 12 92 -999 -999 36 -32 -999 -30 -999 -70 0 -999 -999 16 -81 -71 55 -93 15 -3 -45 -65 -45 60 56 32 -52 -999 -999 -999 -89 -94 70 31 20 43 13 17 -56 -85 97 52 11 3 3 -43 81 -84 20 40 -63 -15 -12 -76 -79 39 -999 -999 -80 -46 -999 63 21 68 89 -20 -999 -15 -55 -81 1 -27 -77 -74 45 60 -999 88 -999 -40
76 42 -72 42 -999 7 -74 -999 -74 -41 -62 -24 -87 -20 15 -71 -59 42 6 35 -999 70 -24 -999 27 -999 34 44 -69 -99 68 74 -999 -999 6 14 -999 33 95 -42 41 -9 -61 -57 -86 -999 -999 -33 -36 -53 -18 -11 -76 12 -40 -999 -999 -43 -999 -999 -10 57 87 3 71 -999 -49 -28 -51 93 34 -999 10 23 73 85 96 -43 54 -42 53 93 -9 -999 -999 -999 67 80 88 16 -999 -999 -75 -96 -21 -95 92 -79 -55 -999
-72 -999 -83 -37 -999 60 -52 -20 -98 8 -999 70 92 93 -999 -96 -87 28 -22 -62 99 -53 3 -999 94 -21 -69 -85 -77 30 -100 -63 18 99 1 -999 -999 83 -39 28 -55 -48 -999 -999 -19 -53 -50 -64 -9 13 -24 26 -999 53 100 18 -45 -999 80 -100 -999 -94 -18 58 -83 -999 87 67 -51 -8 -999 -83 50 49 -48 -2 -999 -999 -999 -20 -999 -6 -999 -999 -22 63 -999 -31 -999 88 -98 -57 -15 -999 -7 80 -47 66 45 25
-5 -87 69 -84 -81 22 -61 -999 -61 88 0 -32 -22 -84 -87 59 29 2 -93 -40 -999 8 -63 97 83 -90 -17 -57 -48 -81 42 -7 -75 -34 -14 48 -999 -65 80 -58 16 -7 59 -33 -999 -72 80 -97 -94 84 -33 -999 67 43 -92 -21 95 -999 -53 -73 -69 -30 -65 -999 -999 -92 2 -29 -999 -42 92 24 -71 -999 85 76 -14 -999 -999 -12 35 -999 81 27 89 -999 -999 -999 -74 -47 1 -999 1 55 -54 -999 -74 11 -51 8
-47 -64 45 -999 33 98 1 49 -21 -999 -96 -999 -999 -36 41 -21 94 67 98 -64 -41 35 -98 -999 -4 2 -59 -999 -42 -48 74 -999 -999 -98 -68 38 -12 84 -100 75 -15 -999 88 -999 96 33 -49 -72 -67 -999 -999 -87 -999 23 -1 -77 29 100 -12 54 -72 18 -999 23 -87 9 23 -76 -3 -46 -90 -999 -999 -999 -999 -26 -4 -999 18 -5 -999 -82 -48 -62 10 -999 -56 32 91 -999 33 48 -999 77 15 91 4 -67 -999 -999
-86 84 20 76 -90 -50 21 -25 -999 -1 84 -38 -999 -10 -999 -8 -46 62 24 -65 -83 29 4 -10 73 -999 41 69 -999 11 49 37 -73 -999 -77 -93 85 -15 -38 3 -39 -999 -55 33 -55 -999 -83 65 -1 11 -40 -62 -48 -999 -25 -999 11 -28 -999 44 37 22 -24 -999 -54 26 -1 -41 2 -96 86 46 -999 -999 -88 -72 -999 -89 -999 -59 95 19 27 -999 95 85 10 42 46 -95 -999 62 -23 -999 39 -41 -90 -86 90 -999
79 -20 47 17 -999 -70 -50 0 -21 -33 -27 -70 99 -11 -999 -96 -999 -999 45 59 -999 -9 80 57 -55 -999 -11 -65 -85 65 -1 0 50 -92 -4 94 -5 -21 -76 -999 -10 -60 28 48 -999 -87 61 9 -65 100 52 87 39 -87 -54 44 14 38 -999 38 18 -91 62 12 -86 -999 -11 -48 94 -999 -999 -999 -9 49 40 -65 -999 -80 -999 44 -84 10 -42 -999 -95 82 14 74 33 50 46 -80 -30 85 85 -20 -84 -96 -10 47
-60 -61 -17 -33 87 -70 -999 -999 84 -88 43 1 90 82 65 -29 -999 -74 46 -999 -94 54 -85 -999 38 13 -999 31 -37 -67 -60 -999 -72 64 66 25 -52 14 -999 -14 55 -86 72 82 -55 -69 93 12 -999 -999 -999 37 -5 62 -999 5 14 -999 -71 -999 72 -999 5 -19 -999 -999 8 -48 77 -98 -14 -74 -999 -999 40 4 92 -999 81 -999 -73 36 35 -23 -61 79 -95 98 -999 -52 -999 -999 -47 -22 78 32 26 2 -999 56
38 -33 -89 29 -999 3 -999 71 -999 33 -999 -79 -64 93 50 20 -999 -43 -999 -60 -85 31 30 -55 -88 -41 -56 -79 -54 38 -999 25 -999 -999 16 100 -999 -999 -999 -91 -999 -98 -4 -999 -2 -999 -999 -28 11 0 16 -71 77 20 -62 -55 -6 68 -999 -999 -999 45 -100 -999 -20 7 63 -999 -999 -999 82 -999 -999 -49 -88 31 1 38 100 77 24 18 -26 7 9 48 -41 -999 89 -85 84 -36 -50 -55 -17 -55 -12 -38 69 97
-45 -999 -80 55 73 26 -999 -93 22 70 -999 -66 74 -999 -999 97 -99 37 -999 58 -100 0 -999 -80 -20 4 -999 75 -81 -76 -22 -94 -76 45 -97 48 18 82 -22 -76 -84 36 -999 22 -999 -71 -999 20 60 54 -999 -999 -999 -36 5 -25 23 17 60 8 -26 94 -55 -999 -91 87 -71 13 -33 -999 -27 73 -24 68 -3 -18 55 -23 -999 -999 35 31 -94 -65 -81 45 -17 -999 -15 31 -999 -40 -99 -9 -19 -23 27 42 -40 42
-55 82 -25 -52 -100 -999 -58 -40 -78 -34 42 -14 59 -99 -999 71 35 11 33 -99 78 -999 96 -34 -78 -81 -4 -97 -82 42 -73 11 -19 -61 60 -999 -57 17 -30 69 -74 65 -36 -999 -19 84 -999 6 32 38 -999 75 -33 89 30 -17 15 -74 -40 87 -999 64 -53 25 -999 -75 -999 49 -21 7 55 -92 -2 42 -999 -999 -46 -23 82 36 89 -100 9 6 -56 -999 -73 -74 -999 3 -40 -999 18 32 -78 -999 46 -2 46 80
9 -49 -999 31 82 -999 -81 -31 -87 -999 -28 -999 -83 -19 -74 -999 -999 -6 -22 -46 -999 -999 -999 -999 60 -54 80 82 34 -94 -37 97 -999 -62 -39 -80 27 -51 72 65 98 -37 51 -72 -999 79 -23 -999 -64 -24 -63 83 51 70 -999 9 -999 21 -61 -999 99 -999 -75 -23 34 -14 -79 -92 -999 6 19 64 97 -999 92 57 -89 88 97 -14 58 74 54 17 -999 -60 -999 -1 -999 87 -999 34 -15 -999 -999 -5 11 79 -80 -87
-38 -39 -16 0 42 11 45 -94 -999 -55 16 -78 -26 -54 35 -96 -31 -45 61 -999 59 -999 -999 48 5 -37 -999 -89 -999 81 12 81 74 33 79 -97 -30 -999 89 -69 -64 -999 -999 52 75 73 78 84 -999 19 -999 -999 32 -999 51 -82 -18 -79 81 60 -61 -999 99 58 -24 60 22 54 -999 56 88 3 58 -41 -46 -49 -999 -999 -1 -96 11 -38 99 -21 -10 3 -83 -19 95 69 18 -999 -999 12 -999 -32 -16 29 -82 0
