100 100
0 -24 -63 95 -999 -55 6 63 -4 -26 -15 -32 -999 21 57 -29 -84 61 -999 93 -67 -30 32 78 -33 -67 66 53 88 57 33 1 84 7 -66 -999 62 -84 65 60 -59 -30 -999 -10 57 -999 35 -31 -999 -999 -6 -48 26 -29 46 -85 -80 42 97 13 -999 79 63 -999 -83 11 -13 41 -90 59 -13 -77 -12 -38 -57 -77 -81 -999 76 -3 -999 -999 -94 97 -96 22 -8 18 -999 -999 -66 4 -92 1 -999 -86 -32 -999 -66 38
-100 -68 3 -88 -999 -51 25 -60 79 -28 53 -78 -84 -999 91 40 33 40 -10 -999 -999 38 18 62 -77 -999 38 72 -999 -54 -75 2 -48 75 -78 62 -999 -999 -5 26 -77 -81 -49 -60 1 -999 -999 2 40 39 -999 -64 50 34 -1 -33 -12 -65 -999 35 87 -34 -999 -43 31 -18 -54 -95 60 41 -7 -999 -999 -56 0 53 93 -70 -26 15 10 -26 -54 -74 89 81 97 29 93 -62 -30 41 -20 -52 -70 -90 -999 51 -999 -100
-43 -13 15 -57 33 -47 55 65 90 -999 -999 -999 84 68 42 96 -26 74 43 -999 -99 -27 -29 91 26 57 -77 -79 8 -999 -9 92 45 52 -93 -999 -999 5 96 -7 61 4 -999 41 46 -65 -95 -999 65 -100 -85 58 45 -9 47 -11 -88 -75 -35 -91 44 3 -77 -999 82 68 -2 -52 -29 40 53 -999 24 -23 94 -999 72 -15 92 93 80 -90 -25 -18 -67 -67 26 -999 -999 -999 -47 -999 -28 -56 42 97 -45 -999 -28 -63
-80 -999 -35 30 -999 -82 -67 26 14 11 14 -99 43 -999 47 96 81 93 -58 -42 90 -37 -29 80 -85 -999 -84 35 -54 -23 74 26 -25 -75 -22 36 -999 -20 -88 75 -79 -40 -90 -999 -55 -22 -999 -9 80 1 -999 -999 -999 71 -9 71 -999 32 61 67 -93 -999 40 -76 -14 79 -40 83 12 56 7 7 -999 8 26 -999 96 61 -999 12 -91 35 -7 74 -32 99 -999 -999 -999 87 96 77 -96 24 89 10 11 -999 -5 -1
-87 40 0 2 14 -999 -70 -999 -999 79 48 59 -79 -93 -10 47 -74 -77 -73 -999 -35 -77 -999 -60 26 63 -18 53 -999 -76 -78 69 -999 -45 -47 -999 27 -45 89 -94 11 -999 -88 -20 53 1 -7 -66 -999 13 -76 -27 -18 -49 59 -88 -7 2 -40 -39 19 16 -13 45 -24 39 43 40 -76 -96 -99 -7 -11 -22 71 -11 28 31 96 -84 96 -85 -86 -2 -20 -19 -999 -79 -14 -999 20 -18 -29 -77 -36 -15 -37 -38 -56 -67
-999 63 -70 16 48 87 -29 -56 -30 65 45 75 -70 -12 8 -999 -13 -999 -18 95 -55 -42 -97 -9 -38 10 4 15 64 18 89 53 7 -83 -51 32 9 -999 42 -999 -999 0 -14 -42 98 52 52 77 -27 36 -50 86 -8 -61 -999 -999 -2 -11 -999 88 -999 86 -81 -999 -51 32 -93 -999 88 -58 52 -55 -62 -47 28 -93 37 -999 -999 46 1 8 -76 34 2 -96 -999 -97 79 -96 -69 -41 -999 -999 77 3 -58 -999 -51 65
-45 -62 -999 74 9 -17 -999 0 21 -5 -34 -59 -35 -3 68 28 -18 -999 -26 -49 -68 47 -999 -83 -43 -74 -8 -12 -15 -80 51 -999 -65 -999 -999 5 -98 -999 -93 56 37 91 -999 -28 -46 -64 54 -82 68 81 -999 28 -999 -999 18 -10 -40 -48 -999 -999 13 43 31 -49 69 -999 -999 -84 6 -22 -999 55 -999 56 -73 -62 -12 32 -66 96 83 85 -96 -999 62 -85 71 -96 -999 74 -999 -7 37 -68 -88 46 -61 -55 -62 -30
56 -999 -37 -41 -28 80 44 -54 75 31 95 27 7 -91 45 87 14 -40 9 -54 -79 98 -999 -49 6 8 -999 73 -56 -37 42 97 -999 -999 -999 88 -57 -31 -85 66 -999 6 -55 46 -22 26 26 60 48 3 2 30 -999 40 -52 -999 59 -28 7 25 -999 34 -999 -999 -999 52 91 -999 24 -92 -49 -72 17 -999 60 -23 18 -65 -69 -39 -999 24 -62 -999 -999 -22 61 -999 23 -999 -25 100 -22 37 100 -999 -97 33 -999 -999
14 -20 -999 6 -33 -95 1 28 -68 41 56 -51 75 41 -75 71 -999 36 -999 89 -65 -44 -24 -999 -999 -999 -39 -65 -65 46 47 -4 -38 -999 -999 -999 13 -47 -87 -999 -80 40 16 -999 -72 -999 86 -61 -99 22 -999 -43 86 -999 -999 -999 -12 -45 20 57 -7 49 -75 -1 -999 -48 7 -999 80 -67 93 49 23 33 -74 -33 -999 3 21 73 91 -98 -81 -11 25 -79 25 49 -999 -79 62 70 0 30 100 -999 -999 -54 51 -999
-999 83 88 -72 39 -61 -999 -999 -95 97 3 -46 0 -999 36 71 81 -999 21 -47 25 9 26 -85 50 89 27 -49 -999 -999 -999 65 -6 0 -68 -999 84 52 20 -21 -27 29 34 89 63 -28 -999 -40 -999 52 -45 17 57 74 -15 -999 -68 -59 -64 -6 78 -87 -84 18 -999 66 -999 -85 7 56 4 -98 -17 -66 -75 68 -81 -49 -56 5 -40 -30 13 8 -999 -76 -11 -6 -77 99 41 29 7 -999 -999 -95 -999 -22 86 -3
-37 -72 -999 -80 -45 -37 -999 89 -999 77 72 -10 79 -999 -999 -999 8 -10 49 -80 -40 -999 -19 -999 -16 -79 -53 64 -999 93 -999 -14 98 2 -13 54 -999 -999 -48 -31 4 -999 1 -999 -84 3 54 51 57 77 -34 -21 61 -91 35 46 39 -58 -92 -70 8 36 -36 -78 -66 42 -91 -999 -999 -999 43 -999 -6 -80 42 -11 -79 82 68 -999 -28 -41 -37 -24 -12 83 63 -68 23 -52 66 80 47 -22 23 -85 -19 -30 -47 -15
-999 -87 -999 -999 -999 -27 96 -58 45 -999 -68 -999 -96 -24 -999 -71 -75 -999 -98 -43 -8 80 -999 17 80 82 87 -999 46 46 -51 -95 -84 -31 73 -94 33 -68 -999 -999 48 -75 61 58 -81 35 66 -21 26 -13 -98 89 44 22 -999 91 -27 -999 -999 -14 18 -80 -999 -11 -85 -999 -999 -90 -77 -999 -77 -999 -999 67 58 -87 -31 59 74 90 81 35 17 -41 -54 98 -999 46 -31 -37 57 89 -53 -49 71 -35 -999 35 96 57
-47 -999 33 -999 -67 -36 -14 16 -20 17 80 -999 -999 -58 -16 62 -89 22 -20 -999 -999 -6 -999 89 3 -17 63 -999 32 -4 -999 -92 -22 69 97 -999 -88 -59 -99 -63 -55 -67 -52 -999 93 -44 -76 -999 -99 15 10 -58 -999 64 -37 -96 13 -84 -81 31 22 -999 -63 4 13 49 -42 -43 -999 -96 -75 -91 65 -8 84 -64 51 -6 40 52 -100 -30 -65 -999 -89 -7 -14 -45 27 42 68 -999 -6 94 -31 8 -1 -999 -999 -999
56 -70 -18 -56 86 -5 42 -999 -3 -41 -76 -7 93 -16 8 -999 -61 -87 71 -999 -95 -98 -94 33 -23 46 -999 -999 76 54 -52 -83 -47 -65 -999 -55 -999 -43 -74 10 72 -52 -81 -999 -3 20 -999 -999 -27 -79 50 12 -29 -46 -73 -56 92 -43 -999 33 41 -33 -77 19 -40 71 46 -999 23 56 -90 8 -31 83 -36 21 -83 -81 -84 -42 -999 18 51 1 45 80 -65 -999 1 83 -96 -999 60 38 12 -999 -68 22 77 22
20 4 -999 6 -999 15 3 4 63 69 47 -30 -77 -78 -999 55 -67 21 -9 41 -999 -9 -999 29 81 -14 -4 -26 24 -97 -72 -21 35 -96 3 -999 -81 65 40 -12 -58 -32 -26 -999 -78 84 66 -999 -55 47 35 -999 -63 72 9 72 67 -94 22 75 70 -999 -999 -999 -84 85 -2 -71 -81 -999 -3 10 30 82 -94 -63 24 -10 -89 6 49 -34 -32 -999 -20 -999 -999 2 47 -13 26 100 -999 68 -999 -47 -999 62 -999 -999
-40 80 17 0 37 -12 62 -999 37 90 -25 36 -64 -999 -33 71 -19 -999 81 91 -999 -22 -999 94 -999 26 -999 -80 45 16 13 -42 58 -81 51 -999 -51 -33 70 -999 -31 -999 32 -999 -36 -9 -82 2 41 89 56 -999 69 -25 -86 -9 -15 -92 -999 -45 1 32 -51 7 81 -60 -999 -999 1 1 -60 -98 32 -89 86 -999 -999 -48 94 -999 -39 50 -69 -999 25 48 -40 -31 -999 -999 -999 -56 99 -56 36 -999 29 -45 -999 38
-999 90 -61 -70 17 81 21 27 -999 4 -47 -71 -999 -50 85 -44 -5 -95 -999 -95 -999 -999 -58 63 -29 -999 -72 55 68 15 31 -97 -3 43 -23 -999 -2 13 -999 27 -42 63 19 67 -18 53 -81 86 38 61 25 -41 24 -22 -999 86 94 -56 -22 95 52 35 -999 -33 -999 8 35 15 92 -999 -999 68 97 -999 -23 -999 -23 -54 74 59 -90 94 -63 -39 -999 -99 62 40 -27 -59 -999 -999 -44 30 -5 -12 56 88 -31 -8
-5 63 -61 -999 72 -19 68 -14 72 -999 5 -25 29 -25 -999 -6 -999 -62 -60 -94 34 5 -999 66 25 -56 -999 -64 22 -999 -53 -69 -999 -999 -999 17 -31 -37 -33 33 90 0 55 -100 -999 76 -90 45 -29 -93 -69 90 84 99 41 73 -40 -14 -41 82 84 -13 51 -10 -999 -18 -7 -999 -62 -52 -74 63 -999 99 -999 1 -999 23 -999 -34 -55 -63 -50 57 16 95 -999 -999 -86 84 64 -60 -40 -999 77 -79 59 -999 -24 33
-95 -999 -47 -46 -49 67 -30 -83 -999 1 -63 34 -31 35 -86 26 -28 -999 -22 -35 57 -85 -95 -33 3 -69 53 83 43 -15 -999 58 -26 -9 -84 64 -31 52 -999 -83 71 -31 41 44 -12 48 -36 -48 71 56 -83 -77 -82 -31 4 56 11 65 44 28 -999 27 -28 41 11 -99 49 -9 -70 17 8 -81 93 36 97 -10 -999 78 49 -999 -35 -42 61 41 -999 -64 -2 -999 -43 83 74 45 36 -13 -34 46 89 39 42 76
-999 -75 -999 -10 -999 -999 -73 -31 -14 -26 -52 8 -999 -64 -999 -93 -999 19 99 90 -69 67 72 -5 40 -52 61 91 20 -999 44 -999 85 62 -64 -999 -49 72 -999 20 40 10 74 -99 41 -999 12 8 40 48 -50 54 -12 35 -24 -999 22 6 16 85 -36 38 -67 77 -68 -19 -999 92 37 -999 53 20 74 17 -999 -73 -27 -999 57 -999 -4 -999 78 48 -999 80 -999 87 -999 -999 7 40 4 -10 63 -81 44 -73 6 -999
-63 -77 29 56 -999 65 17 36 -999 5 -66 -97 13 -37 22 74 -59 94 24 -58 -999 -82 90 85 -44 99 -999 -69 -90 -36 -91 -43 7 10 62 -48 59 -46 -999 33 -999 -77 -32 35 -76 -59 -60 88 -999 94 -79 93 -42 -68 100 -999 -999 39 -79 15 -28 -999 12 -999 71 98 -999 -999 -999 -10 92 -999 -999 -999 -87 1 73 -94 24 -57 6 73 -38 -999 -35 -100 91 74 27 -46 0 -999 -40 23 64 40 66 41 -22 -84
3 -999 -67 15 -999 -73 68 -86 -36 86 -76 -80 75 -999 -4 -999 82 -27 -92 69 -999 -11 -999 32 22 -65 -29 16 -66 -74 -36 -80 -83 -999 -16 28 15 -29 -56 -100 -999 85 61 56 -97 -40 7 44 -999 2 19 73 -53 -89 -11 17 -999 -87 84 -85 86 -999 89 -22 -999 -999 -999 -62 -36 72 -12 75 -91 -80 56 39 -999 0 -6 -9 -68 100 -32 52 -40 -100 100 -27 -36 -96 -73 -68 -60 -12 15 -87 82 -33 -67 75
-999 -64 -71 -999 -999 15 0 -81 -98 -61 -83 98 -60 14 50 14 99 43 -999 -20 -64 44 54 -999 68 -999 -93 37 -6 94 -999 -77 -99 -999 25 -70 -999 66 31 94 -98 6 -999 -999 -64 -95 -999 -999 -999 -999 -999 24 78 52 -999 -41 -999 -999 94 51 -999 0 -69 59 32 28 -999 -60 -20 -999 83 -999 -65 61 -999 100 -999 -81 27 -56 -79 28 -51 -999 -71 24 99 -999 -67 87 -12 -999 -999 -999 71 65 17 11 11 -58
-96 23 -84 -37 35 88 65 -60 4 81 75 2 52 -3 -999 -999 -13 -62 83 43 -999 -71 86 0 66 -999 -83 -3 62 9 -76 -19 -999 -89 89 0 40 -4 35 65 26 -999 -72 1 72 -53 1 43 71 6 -55 28 -37 -52 43 93 -999 -999 -88 37 -73 60 8 -73 -999 50 -95 -17 23 -10 -95 -57 -53 8 -63 -74 -4 -89 -51 -14 55 -90 36 -95 80 59 -52 28 -85 38 -15 -999 -67 62 72 -81 74 -999 -95 -9
-999 54 -999 -999 -100 73 -74 18 88 -999 69 -33 -999 62 -88 -999 72 36 40 -21 -999 51 -11 57 -999 -46 93 78 -99 -77 89 9 -78 78 -999 54 80 -999 -3 -999 -28 88 -35 -71 -32 82 75 -29 2 74 -6 -91 70 45 11 -86 -48 -74 43 20 -999 -51 79 -3 -59 5 -80 37 29 80 -999 -37 3 55 5 83 73 -999 84 -12 13 -999 -57 20 20 -57 92 -999 54 -9 76 24 44 -100 -24 41 -95 -999 -55 33
-21 1 -999 -999 -999 -100 -77 -47 32 -999 99 -62 -94 92 -68 23 -999 58 -999 76 -39 -81 15 -78 44 15 58 -47 22 71 -999 -999 65 -57 -2 -86 86 -999 14 38 94 44 -84 -999 2 64 -96 87 -55 -73 -999 0 52 -62 -999 -42 -46 -999 53 -999 -42 -52 69 38 -42 -999 -80 -999 57 69 91 80 -28 -23 -999 44 -40 -14 26 93 38 -73 66 -999 -999 -81 -80 57 -100 -999 -25 26 70 -23 -999 -30 71 55 88 -75
-93 3 -49 61 50 -91 -999 20 18 -999 -37 -100 -999 -24 -80 -96 -999 53 -81 -83 -70 50 -53 83 -999 -97 -999 72 39 60 -73 -88 -999 -65 67 -16 -999 28 -999 71 -999 26 59 79 86 -44 -82 -73 -61 18 76 -92 -37 -999 37 -999 -70 -100 -24 11 12 8 66 -999 -92 -999 -999 74 7 62 -70 -999 -999 88 -95 -999 -91 21 -100 -999 91 -92 94 98 90 18 -99 -64 -999 52 4 18 -999 22 -25 -3 -63 -68 20 -83
11 6 -96 97 -66 -71 -13 -32 -999 88 -999 -999 3 -43 -85 2 -61 -70 -999 -88 55 68 93 10 -34 -48 -53 89 -1 -51 -100 51 46 -84 -69 25 -12 -61 -999 -42 -50 41 17 60 -15 98 -75 -79 -999 -999 -999 13 -68 -26 15 -999 -83 35 -97 -39 86 33 73 -1 98 58 79 -62 29 -999 42 -12 -999 -61 -27 38 -24 42 -999 -94 51 -25 -16 -16 -999 79 -47 -91 -999 -999 -999 -36 -999 20 -57 99 -23 20 -97 -999
-91 -62 -63 77 79 -78 -48 83 -16 92 -49 -83 70 -96 20 -39 -999 39 -999 6 -9 -999 98 43 -83 67 -59 51 -72 62 -999 -22 -15 -58 -46 17 -72 24 -6 -46 79 4 20 -999 -93 -999 -81 65 -42 -90 57 81 41 -999 98 47 32 9 23 -999 64 63 93 7 -16 88 88 -999 55 -74 -88 -39 65 4 -45 -999 16 -999 -99 -999 -76 -77 29 59 -17 29 -34 57 31 -999 -999 80 -13 80 -51 -49 34 -999 -55 46
-96 -999 -999 -999 32 33 -87 -999 -74 -90 15 -74 -21 -49 63 -21 -5 -999 77 -999 -60 1 30 93 -83 -48 -999 -54 -999 86 -92 -25 -96 70 50 -999 -32 -23 27 -21 -51 -87 39 22 -79 -69 -92 -5 -95 -65 18 -95 -36 -63 -999 -32 -7 -76 -22 -999 77 34 -999 -999 1 -999 -64 22 -999 -999 -47 74 -39 -46 33 -81 76 56 -41 -55 8 48 9 76 -91 66 -42 -999 -999 -999 31 75 -2 45 -36 22 -999 82 -999 -75
-999 78 33 -999 8 26 38 58 95 44 -56 -35 51 -29 -999 -69 -66 54 82 -999 36 93 -86 -63 -999 -999 -999 -94 95 98 -54 79 -79 -34 -94 -15 -999 20 -41 -3 11 -31 -46 -99 -92 14 -58 4 -76 98 -28 29 44 38 -40 -45 -14 -33 9 89 9 -5 -999 -999 -39 -8 67 56 -76 -8 -13 -25 36 32 63 -57 -23 3 -62 43 20 -999 40 29 -95 -999 1 -25 83 19 14 -53 70 36 19 96 -999 -2 96 -999
-100 -83 -33 40 46 -999 -999 -999 56 -76 -51 -999 -11 -71 100 -95 -999 -4 -33 96 15 -999 -48 43 -999 -16 -999 64 -14 94 -999 40 -63 -999 69 6 -96 -999 -999 -60 -80 -99 29 -12 -90 -999 -46 -87 -58 -78 89 -64 -999 43 -999 -999 -25 -41 -50 -99 32 -999 47 97 82 -49 -74 -24 -3 -65 -999 -85 -59 -26 30 13 13 -999 -43 27 -27 46 -64 -999 72 44 -6 -60 -50 -999 -999 -97 -50 3 -999 -999 61 -999 49 86
29 -999 -2 -88 -1 6 -55 58 -76 -17 -9 -999 -73 94 -999 -48 -999 4 15 70 -72 85 -999 -48 -999 12 -999 -999 99 90 -999 81 -13 69 55 0 -999 96 -999 -30 -999 84 -999 43 83 72 7 29 91 -87 -999 -77 -54 -999 -999 -42 94 20 38 29 -999 -90 -999 -999 91 45 10 80 -21 -57 83 -33 -47 46 -40 10 -999 76 -49 -43 -7 -73 1 -75 37 96 -23 -8 -999 -67 -59 77 -999 -2 46 -57 74 89 34 1
-19 13 -30 -999 59 12 98 -94 15 -999 -34 -999 -99 -999 5 -49 91 -53 -49 12 -53 -28 24 41 -999 -1 -27 17 -999 30 -20 -59 -999 -999 17 71 -15 -999 9 -999 90 38 -42 90 68 45 -16 -79 -999 -100 -999 14 -3 3 -51 -39 70 15 -34 -52 18 51 67 -35 -61 4 55 -999 -59 42 -999 -4 32 81 -75 -37 85 -62 10 -77 3 -999 53 43 -79 -999 91 -11 60 84 -47 87 -73 -999 70 -83 43 28 37 -66
88 53 -999 28 13 41 -999 -999 -999 -52 -90 32 -37 -97 -999 -999 -24 80 21 79 -77 -49 52 -97 -17 76 23 37 -8 -80 -30 82 -999 -23 -42 -999 77 -19 -999 66 -97 -999 -1 -999 9 -88 -999 48 -999 -999 -999 100 18 -22 48 -44 -999 -82 -93 95 -87 70 -999 96 -53 -61 27 16 78 -25 38 -59 10 95 -33 90 -51 -15 -68 -999 80 -999 -56 -999 -999 -41 40 85 -83 -62 -45 -999 -66 73 -57 88 5 82 12 -999
-999 74 15 67 97 30 1 -35 69 90 86 -999 -999 -999 58 -70 -24 -11 -999 -999 85 -28 -999 -999 31 -82 -999 67 -999 -98 -19 -97 -56 57 -18 59 -52 19 -999 17 -999 -25 -30 -33 -90 -999 34 83 67 -9 -45 95 87 -7 -999 57 -10 40 -999 -26 73 13 -38 -999 -18 32 10 -999 84 -99 6 -999 -48 -9 -57 -55 -999 4 34 -999 -72 32 52 -29 -32 -84 -999 -83 -54 -26 31 -77 -999 68 -999 -34 -13 93 60 -61
-999 -78 29 -999 -68 -100 -38 -33 70 -79 -999 57 19 -999 -76 -75 37 -999 -999 -49 88 -96 -63 -25 -82 -63 -999 -95 94 98 97 98 -999 38 -999 -999 -96 -999 -9 -2 -29 -74 -87 54 -93 -98 20 71 -95 84 -50 -999 -73 58 -999 -10 82 -51 -35 -60 -40 84 20 -76 -44 100 41 -999 -999 75 78 68 -80 -999 -82 35 -68 -82 -29 -13 -14 -999 89 32 74 97 12 -999 -49 -999 -99 -96 -62 -4 -66 -11 -11 28 39 72
-78 -38 -999 71 62 -60 -28 -99 -45 -19 -3 69 -999 76 -13 -47 33 84 -16 69 42 -81 43 -999 -18 -86 -82 -42 -999 -87 -59 -999 42 31 -24 16 70 21 -28 -999 91 14 -999 -80 12 -16 -999 15 -999 44 -999 -62 71 -999 -21 -9 81 -999 71 93 -35 -38 -88 26 -55 12 -14 1 0 -999 -999 87 27 -28 -999 -44 -999 37 58 -67 -999 -28 13 -20 -44 -35 -16 -32 94 -999 -74 -999 -47 -39 -41 -82 12 84 -999 -92
24 56 -999 -83 4 84 -28 -26 -999 74 -69 -999 -84 64 41 -999 -999 -999 70 76 -69 9 -42 -999 -77 25 74 -80 53 -99 7 -40 -25 -86 -999 -999 -999 -999 -999 -1 45 -999 12 -999 -999 47 15 -69 -999 29 -67 30 76 -96 34 -999 -10 5 -25 68 -73 -999 99 7 4 -999 30 -39 73 -999 -9 -42 -98 -54 64 -999 -18 99 28 -20 -60 -999 -9 -16 22 98 49 -999 -999 -14 -69 -72 -999 76 -999 -47 -16 -999 -999 -999
-999 -45 10 -999 56 -50 -999 -999 -5 -84 -999 -999 -50 86 -76 -73 86 -999 -32 -55 -83 -10 -999 -999 -999 -999 87 -999 -36 -36 -3 79 31 77 -999 75 -18 73 49 85 54 88 48 -999 -999 -999 70 16 66 28 89 -56 -5 -43 -55 -35 -90 -75 98 -98 -99 87 -26 6 -999 5 33 24 -71 -95 76 79 -999 -75 -55 -32 -61 -999 49 61 -63 -999 36 -36 24 68 -46 -7 -3 11 -81 -86 -48 -85 51 9 -73 -999 43 -999
-999 -36 40 94 80 15 -999 -9 -999 -95 -999 35 -39 -999 -52 34 98 72 46 89 4 -75 -999 95 41 74 59 -25 28 -78 -999 17 -84 -12 -30 89 -14 -56 86 -10 -999 -56 -999 41 -21 43 -90 58 -999 -999 -52 -5 80 85 -96 -999 85 0 -999 -999 -60 46 -999 40 97 -71 -999 53 -8 53 -80 -999 -85 -999 98 92 -999 100 64 52 -92 -65 -999 87 -999 4 -98 -999 -89 76 -51 -999 -91 93 21 34 88 -4 100 -999
22 43 -999 -5 -18 -38 -57 -999 42 75 60 97 4 95 -39 -999 -999 -26 18 -22 -13 -999 55 -21 89 39 -90 -28 66 -60 -999 -999 31 -65 -84 -999 -53 72 49 -999 -67 45 -999 -33 -47 -9 16 -23 -999 3 25 -45 -21 -42 -47 80 -999 94 74 29 -37 -96 -15 39 71 -999 83 -44 -999 72 24 -82 13 -999 -999 -87 13 65 -99 29 -76 15 -93 31 -2 -17 -999 62 -45 -90 -71 77 46 -94 98 -7 69 5 -46 -92
79 -31 -999 -47 -999 -44 -44 19 -62 -100 20 -89 -52 29 30 1 26 -999 72 5 -87 -45 11 96 17 -43 -81 84 -999 84 13 -999 -39 -72 -999 -999 -80 -999 -56 -999 12 -49 -999 1 -75 -74 84 42 32 -46 -90 2 -74 31 60 -999 27 -999 86 -999 -999 21 74 40 -999 -999 44 94 58 -85 13 84 -17 -999 -86 9 39 -999 -999 -999 -30 -23 -84 -999 -43 26 -66 -66 -999 -46 -3 65 69 -18 -31 56 -27 -97 -14 56
-21 -999 -56 -7 92 82 -999 32 -7 57 -56 93 -56 -49 71 71 -999 26 -3 -46 29 -23 -56 99 -999 53 -28 -33 -13 19 -62 68 47 -53 -45 -15 59 51 -89 -999 68 -12 40 -44 -52 -86 7 -51 79 -999 91 -11 -18 -30 -999 24 12 -49 0 8 85 47 31 -45 36 20 -12 4 -999 -98 92 59 -999 24 55 -53 57 10 57 -53 30 -999 57 91 81 -80 -30 13 -82 -85 -43 -999 20 80 -999 -999 -12 -55 30 80
-29 -20 -22 8 99 37 87 -999 50 -999 84 44 -77 -68 69 -999 -54 -56 20 -5 77 74 -999 -93 63 -999 -19 -72 -88 -46 61 -38 -6 91 -999 -999 -999 -79 38 3 -999 63 -71 96 -49 89 -73 40 -999 16 92 71 -91 99 7 90 -49 -37 32 40 -999 95 -999 80 26 -62 -999 -38 95 -7 -999 0 -76 -45 39 -72 -999 -92 84 36 -53 -64 9 39 -5 23 23 76 -11 19 -39 17 -37 -99 88 -999 94 -999 -42 -15
-89 -19 62 44 -84 -999 97 -46 3 99 -82 46 -74 -999 55 -15 -69 -56 -36 -62 -11 -58 84 -65 1 -99 -71 28 97 40 -999 -96 97 -68 13 -39 -25 -42 34 -999 -17 31 -999 58 -14 -999 -85 -25 -54 97 53 10 38 -999 -90 -38 2 -66 54 3 64 -88 -39 90 -999 73 -84 84 -30 -999 80 36 -69 -9 -75 -999 75 98 -48 -88 79 10 -56 -9 -999 -32 -45 20 -13 47 -82 -999 -18 -91 47 -38 -15 -14 -52 39
-51 96 6 29 -33 -999 55 36 5 -96 -999 -39 24 27 -66 95 46 13 -999 14 -999 -999 -65 60 -999 27 77 95 -50 88 58 -58 -70 38 88 5 -999 -55 -13 62 -93 -76 -999 -72 96 11 -74 -45 -55 -15 -79 -999 28 31 -5 11 -5 31 57 -999 26 39 -999 97 -95 -999 -72 90 -999 -68 -44 -90 56 -16 14 16 62 -16 12 -999 -55 -45 -50 -999 -11 62 -17 88 50 -22 -999 -76 66 50 64 5 -69 -90 -39 -78
2 -41 9 48 -999 -59 -27 -63 -67 -999 -78 -73 11 1 -89 -57 15 93 61 60 -999 -82 67 -999 -46 80 -10 51 31 97 -75 64 -999 52 30 -3 -999 56 -21 -83 -999 -43 8 -52 82 34 -71 -999 -9 13 -999 73 43 -94 63 91 72 89 -43 -87 -999 36 52 -92 28 -47 61 -98 -60 -999 61 90 -27 -93 -999 -999 -47 -85 -38 12 -28 53 -56 39 -999 -14 -52 -999 -48 13 66 32 17 -7 -999 -999 -18 -999 1 42
-11 -82 -77 33 -999 -73 65 -44 -34 71 -93 -25 49 -82 1 18 -34 -79 0 26 52 25 70 -37 -39 81 97 -98 -85 -999 34 -43 60 -999 -60 13 -999 -999 57 54 -999 -97 77 2 -9 -999 74 -999 -8 2 -999 -999 4 42 23 20 25 -999 -67 70 24 63 -73 65 -999 -999 -39 -78 58 6 -60 94 -30 39 12 -999 7 35 4 -58 -18 0 -999 -86 74 -999 -56 100 -84 -26 -999 -93 95 -999 -65 -82 -86 -33 -62 -24
-51 -999 20 -47 29 -50 35 30 -999 61 -999 40 42 -8 -999 -999 78 -79 -21 -32 -17 -98 98 -999 -36 -41 -17 2 41 -999 92 90 -50 96 43 -17 49 17 93 83 -999 -79 -999 61 -52 -999 -82 -30 -999 9 -50 -999 14 -93 85 69 -51 -999 -999 94 40 98 67 -70 -94 -999 65 -72 38 -999 -17 -16 -85 -999 44 -10 -9 0 -38 11 -60 -46 -999 14 79 94 -999 -50 -90 -64 -999 12 13 49 -90 -68 43 38 -70 61
-15 -64 40 96 -93 -99 -999 84 -22 -999 11 26 45 -999 -79 -999 -82 58 -16 -999 5 -16 28 86 -53 -999 -73 84 0 4 79 57 -98 -999 -56 -999 -999 -36 100 -21 -18 -64 89 -79 -13 2 73 85 3 -999 -43 -43 51 -70 -38 -15 -7 -47 -29 13 25 91 -999 -99 58 19 20 -78 23 -999 14 100 100 -60 -17 59 -25 -27 30 53 -64 41 -999 48 -46 79 67 -999 44 -24 -999 -999 -83 55 -54 29 -999 51 28 -999
80 -67 -97 5 -85 -999 -999 -77 -999 7 -8 27 -83 79 -37 28 -42 -999 86 -45 -51 -999 4 25 75 79 -92 54 -999 51 39 -999 -999 74 55 -49 -999 59 -999 -999 -98 -17 -74 -30 15 -40 29 -87 -6 91 -90 -999 -24 43 -6 -67 19 -36 50 48 24 -2 47 -40 -999 -999 -72 42 -999 29 -90 -17 94 -89 -52 78 -27 -16 81 38 -56 64 50 65 -10 100 -48 -999 32 57 -6 -12 -100 -92 8 -47 68 90 -83 -96
30 78 97 -999 38 -41 90 40 -47 -999 -30 88 10 -84 53 51 -44 -18 -4 76 51 9 -92 -999 37 -66 39 -84 17 -999 95 -999 45 -21 -84 -999 -58 -92 26 -999 48 -57 -87 31 8 90 -69 -20 8 -999 57 64 0 -48 80 -97 -48 -36 -44 -38 96 12 -5 -999 -5 23 -999 -20 -97 96 42 29 84 -999 4 62 0 -61 88 60 15 39 -97 26 41 -92 -57 -34 -999 -94 22 -8 90 59 -53 27 -999 -999 75 61
-73 -999 -44 91 96 -43 11 -999 -92 -72 55 -96 94 -53 -47 -999 30 -30 63 16 -13 -48 -999 -61 -67 45 39 38 84 -999 87 -999 -999 -999 62 42 -61 92 -66 -1 -31 -999 -999 87 -30 -75 99 -35 -26 64 86 -999 -10 48 -29 91 -32 94 -30 -92 54 -51 -18 81 -999 -41 92 96 85 -48 15 100 -999 56 -39 -999 11 19 -999 -999 -93 -999 14 -34 67 -89 -57 78 79 -999 79 20 -55 -83 61 61 -86 -68 14 26
27 -58 -20 82 95 -87 -999 -64 -999 93 10 31 -74 -999 -999 -65 -999 -57 82 -13 80 -41 -57 -99 -999 -40 -999 -48 55 40 -79 -51 70 -31 -43 -58 -78 -58 48 -23 -30 -999 9 -49 -999 84 5 -95 39 -999 -47 -78 30 88 -999 -999 5 15 -17 -999 -35 -23 -98 -999 -999 -99 51 -67 22 -999 24 22 -7 53 -70 -100 -999 -999 -999 -86 -53 -999 54 64 -999 -999 -47 -58 -999 -999 26 -999 27 -13 59 9 -35 -40 -77 76
-999 -96 -65 -999 -999 -11 35 -8 -999 -999 -999 -77 -18 -7 84 35 -93 17 -47 -27 -24 -16 41 -90 -83 81 -51 68 80 18 1 -999 -999 31 -86 71 -999 26 -77 -31 -999 76 49 29 -27 -999 -96 30 -70 -17 15 -70 63 -35 -999 -93 38 -2 60 -999 -999 -999 -44 -999 -81 -86 74 -999 72 -999 78 -37 23 73 -7 -18 -79 -999 36 46 55 29 19 -999 42 -999 -67 -38 -90 87 27 -11 14 37 33 -999 -46 -49 -29 50
-40 -46 -86 83 -84 18 -67 -90 -63 52 18 -74 98 -50 62 -68 -99 -85 9 -100 -1 -20 4 77 96 26 59 81 54 -55 -32 57 -77 -22 -999 -70 45 53 -4 88 92 -999 43 -26 9 8 -999 -53 23 -36 97 -999 -2 -999 -7 54 8 52 18 -56 -999 -40 -5 9 -57 -53 39 -999 -91 89 -15 71 90 55 -999 90 -1 -82 -999 -999 -94 -16 51 74 -999 11 86 -15 53 86 -12 -78 -999 46 -71 -999 82 -4 -999 -999
-42 -999 -64 -69 -39 -999 -98 -999 -999 -29 -999 28 64 64 -35 62 -999 -89 -77 -999 -32 87 23 -46 13 -83 -999 93 -77 -58 -999 -66 -999 -999 15 28 -90 -47 -94 25 -999 -999 50 -35 -14 -999 -69 94 -999 -999 44 -999 -999 -999 -89 29 -999 -41 24 39 -34 -999 44 -999 40 60 65 -98 -28 34 -37 74 -52 -999 99 79 -999 38 -76 60 -999 0 -23 91 -99 -53 -92 -999 76 -71 -57 78 -34 -67 -999 44 78 -12 -999 -8
-4 49 -999 -999 78 -50 -89 -59 90 -999 28 59 82 -70 -18 -39 -16 -35 -999 -999 53 -999 54 -95 -999 65 -65 -999 -43 -999 3 67 -999 -24 39 -999 -86 -999 -23 -6 68 -63 -70 89 -50 91 82 9 -999 88 -94 -88 -23 59 -999 -53 -92 -8 84 75 -81 57 76 -13 65 14 -47 86 -999 57 67 89 -40 -999 -999 -38 -61 40 -999 -84 -999 -66 10 -55 98 -999 -98 2 88 -99 71 -32 48 -22 -60 -999 -89 -12 -52 16
-75 86 -2 88 -19 -56 -13 -29 -999 77 -999 93 42 97 82 -999 -11 25 37 -999 -27 88 87 -999 -60 60 -999 11 -59 77 78 -94 88 -71 24 34 12 30 -21 -42 -999 94 -57 -999 -88 -93 54 -1 24 54 60 50 20 -34 -49 97 81 90 30 97 -83 -63 31 -32 -999 -79 -999 -999 -999 -17 24 -34 -95 -69 -92 29 80 -85 -90 -999 -999 90 -4 -999 -13 76 -999 -999 9 48 -38 -90 -57 -999 -25 71 90 76 59 40
-999 35 -90 87 100 -7 -92 45 4 -999 31 -6 -91 -999 -999 87 80 -35 -999 -999 1 -999 90 -999 -79 65 -999 -2 -6 -93 41 19 26 -999 78 -999 31 -48 2 -999 3 -100 66 -64 -999 95 -67 -55 38 37 -48 90 -61 -76 -999 22 -999 -35 0 97 -999 -19 -29 9 -999 -999 -38 -999 -18 35 -999 57 -34 -37 -8 -79 -27 21 -6 65 -91 -999 -999 95 -76 72 94 68 2 17 -999 -32 22 -30 49 -999 61 -17 62 -68
-999 -63 -91 -80 -999 -19 72 19 -999 -999 53 32 -52 0 74 68 -26 -999 91 -58 62 -75 83 -46 -80 -33 -37 -11 -999 -66 -71 -999 -20 66 57 85 21 -85 -71 -12 25 -66 94 -21 15 12 -999 80 -999 26 -67 -999 -98 -72 81 -87 91 -999 17 -20 -88 29 57 97 49 43 -80 -999 -21 -999 57 -999 -92 -48 -999 -94 -93 80 -999 -999 55 -23 -10 -40 -999 -60 -999 -44 -999 71 37 -17 -999 7 -999 82 -10 100 -999 -80
83 -68 -76 -16 -12 22 89 -999 -16 -74 -999 9 -90 -86 -999 -29 -999 -999 39 5 -999 -999 18 10 -999 -999 80 -9 25 21 -27 -30 -48 -999 72 2 -999 -999 87 92 -999 -999 93 -999 -70 -40 -999 -72 82 -63 87 -33 91 -999 -30 59 -31 8 65 27 -999 -1 -35 65 -89 -27 -80 11 1 -1 -999 -60 94 98 14 -999 39 -89 -51 33 50 91 -66 -999 -80 -72 -999 -15 42 99 71 25 -52 -49 -8 -20 67 97 -999 -39
91 -999 67 98 0 -999 -23 -81 31 98 28 -3 -999 74 -90 -26 -87 -66 31 -56 61 -999 -35 -57 25 44 -79 69 -47 54 14 -31 -44 -51 -999 -32 -64 -19 93 -32 -20 -999 -73 -999 -999 -999 37 -11 -14 -39 17 -999 -64 -36 -999 98 19 -55 42 5 1 72 -57 27 12 -5 -24 -999 -47 -999 72 56 3 63 -36 17 -80 -999 -81 -2 -999 -93 -67 69 75 -96 -65 5 -79 -72 89 -94 11 -999 -84 -48 3 -3 -79 2
-40 68 98 58 96 -52 -1 -999 -999 46 53 -28 -999 -999 -999 -63 -999 -89 -999 -999 -67 33 26 48 19 -36 63 41 69 -81 -47 61 80 -999 -57 -65 -999 -999 -81 -11 68 -999 -55 2 -51 -10 -999 -999 -33 -999 28 -999 35 30 53 -999 -999 76 -999 -62 -999 69 19 -999 -77 -90 10 -61 -999 -80 8 72 -38 46 -95 50 5 -999 -999 -999 -86 63 -39 91 -76 -999 -999 50 96 -45 -61 27 0 -38 -98 10 74 -98 -15 -999
65 -46 73 -30 40 17 -999 -999 -999 8 -43 84 -100 -999 97 -16 -55 -12 63 -87 -50 -12 8 -999 -32 -55 -42 -999 -59 41 -46 -31 -67 26 -81 -999 68 82 72 41 -85 -999 91 -999 -999 2 -54 -6 -86 -44 41 -97 -999 92 40 60 -52 98 -72 1 -45 96 -999 17 -16 37 83 54 94 4 23 -95 -999 19 17 84 26 -3 7 98 -52 -999 72 -999 76 27 4 93 -83 -999 53 46 15 -999 -48 55 -999 63 -99 37
-999 -999 -26 10 88 -1 -999 85 55 -72 -12 3 -999 -27 -39 75 -31 -10 -50 -999 -999 43 43 -48 -76 -50 -999 44 -999 48 35 -999 -999 67 -89 7 -37 74 -999 79 -92 72 -89 -999 88 -999 -4 -83 -999 -27 23 86 -42 -82 34 -999 -89 -47 -999 21 59 59 55 -999 -8 -60 62 76 73 -93 -35 -999 -999 74 -74 89 -999 -87 97 78 -57 30 -999 4 -39 36 -999 -999 24 -36 61 -74 63 -95 -62 -999 -1 24 -91 -999
-10 60 -82 -999 -65 -8 95 73 -999 -999 -999 -69 -999 -6 -83 -999 47 16 -19 1 -83 -999 -43 62 -999 -7 -3 44 56 -999 57 47 -90 27 -93 -999 93 92 -42 46 -49 80 -78 -55 86 -999 54 -999 -33 -999 -999 -83 -35 -22 94 85 92 -4 35 -100 -86 -999 -2 -999 -49 -44 7 55 12 16 -80 5 -49 -100 8 46 -999 -15 7 90 -999 -98 -41 -12 -21 5 -44 -99 41 -58 -36 -50 48 71 -999 21 -85 -98 -100 61
-80 3 95 72 94 -999 72 -999 -999 18 47 -999 33 36 -66 -57 21 75 -999 -999 -999 52 -18 -999 -999 -38 -27 -999 96 -64 -52 -999 -999 91 58 37 37 42 -999 -999 -999 -999 -28 57 -999 32 25 42 -94 -63 -15 33 28 -43 37 -91 53 -999 -79 -999 70 -999 -17 -999 71 -999 36 -999 -999 -5 90 59 63 64 2 -4 -999 67 75 12 1 9 62 -30 10 80 87 -999 -89 -73 33 7 -999 -999 -76 -40 10 34 -16 -999
24 8 -87 -999 10 32 -57 3 92 -999 99 -2 -12 -999 44 -94 36 74 -999 -999 18 -70 93 -9 -999 -8 33 39 -999 31 86 -92 -999 -999 -68 -95 -999 13 -999 -999 -94 54 -999 -999 77 59 -88 -999 -999 -18 91 -96 -999 75 -999 -63 -9 -93 39 72 -82 40 58 4 -28 -34 38 -3 -999 88 -999 -11 95 95 70 40 -89 48 -999 -65 30 40 39 -38 65 94 -89 -94 2 -74 -50 11 -59 -62 -6 -999 63 53 15 -999
59 8 -23 85 -79 -84 -999 -43 -52 -13 -999 60 -999 12 -27 4 65 -95 -999 -66 -999 -18 -98 4 -93 -999 26 94 -999 5 92 -87 40 74 -28 -29 -79 -19 73 -999 50 -3 44 -50 -999 -98 -999 -999 13 -60 -26 82 -999 -999 18 82 -999 7 28 -26 -999 -999 34 99 -54 -24 89 -999 80 -999 54 44 -999 -999 -999 -41 22 -59 -999 -59 57 80 -999 50 -69 50 -31 56 32 -6 33 98 -999 -999 -999 -999 87 3 -999 -55
53 -999 -999 79 99 -84 73 -87 42 32 73 -94 -93 33 53 -999 -999 4 56 -2 -88 -63 -53 75 -999 50 87 -999 51 -999 36 74 38 11 25 -999 4 -34 -77 4 -40 66 -92 -27 51 83 -51 -999 -51 91 29 -999 -999 76 38 56 46 55 -999 -999 20 22 -13 -85 -4 99 -999 -46 59 10 -31 -999 85 -71 -6 -999 77 -999 -26 91 -8 -78 -14 23 -999 3 9 -999 -999 -52 -999 -13 -99 4 55 64 -7 14 -3 28
-999 84 -999 -44 -999 -70 90 -999 -21 78 -36 -999 -2 -54 80 73 -999 -2 -999 30 -9 -42 9 40 -66 69 -50 -37 -94 -999 16 -58 -90 17 -8 -86 21 18 -999 5 -999 -31 -999 -46 -999 -999 47 -999 63 -53 31 49 -999 -15 -999 -54 21 36 4 -999 91 100 -53 27 -13 19 -999 9 -999 94 82 -28 78 -999 -58 -999 72 -98 -62 -77 -43 -89 -29 -78 -68 -29 -35 -10 62 -999 -999 24 -999 -16 55 71 -64 -90 31 -999
-93 -999 65 -999 2 10 -999 10 21 -999 6 -999 -52 17 64 92 -999 -3 19 54 49 -52 42 -70 -5 -2 -9 24 -999 -19 74 97 66 -96 47 -33 85 -57 18 -2 -999 -58 83 -999 -999 41 92 -999 -90 -999 -27 45 89 -88 -999 -73 -83 -999 -98 53 24 95 -999 -999 -29 -999 23 4 -999 47 79 -999 22 91 11 -31 -999 85 -999 -999 -999 -7 -44 -999 -999 50 -999 -33 -7 -999 -55 81 -999 -16 -37 -999 -84 -999 -999 -62
-34 78 -999 -999 -12 -95 39 4 -999 61 -90 -999 73 61 -62 52 58 -6 -999 51 96 -999 81 24 -8 -999 42 0 -56 -999 -999 50 81 -76 -43 -58 -36 -95 -31 -43 15 31 -64 -78 -46 -10 -999 -12 -999 -85 86 -999 -999 40 -24 -16 -61 77 -52 -56 -25 26 8 -75 90 -82 -999 58 -49 42 -26 62 73 -87 -999 -36 -999 -999 -999 84 -999 -92 48 -81 -47 -999 -999 -54 64 83 4 -999 -71 -18 -64 99 38 -999 -999 -31
-69 37 -68 -1 -43 -999 -33 31 72 -55 87 -3 -63 36 -69 -52 11 -999 7 -999 -28 17 -999 81 8 -999 -999 -999 -59 88 66 -61 -999 57 -96 77 -87 -57 -100 -999 -21 -78 3 68 -4 -42 -999 -999 74 -16 -999 -999 3 47 47 -70 19 71 -42 -21 84 -30 -999 -78 -6 76 -999 43 -999 2 36 48 -40 -35 -37 -90 -999 -999 54 32 -999 -84 50 -83 99 -74 -74 -999 -75 -999 -50 80 -999 -18 76 21 52 90 -84 -3
-13 -999 66 -999 76 -999 -78 44 39 41 -93 -999 21 -999 -999 -999 91 -29 -29 -79 -29 -54 67 100 -999 -56 48 -77 15 1 70 -999 -40 53 62 89 -50 -27 23 88 61 -71 20 -999 -25 37 -999 7 -93 33 40 81 -64 16 -999 40 -49 -84 46 -999 -999 -89 -999 64 -999 24 -84 36 -999 90 -999 10 -40 73 -999 7 66 33 16 -25 -999 86 -999 -999 -54 -30 -53 -999 96 -999 50 -59 -1 100 45 -999 -78 -999 47 -95
57 90 93 -999 -49 -47 28 -26 95 -66 -17 67 -87 -97 75 -5 3 82 -999 99 -54 48 57 -26 56 -999 -24 -999 -35 -42 29 -68 -999 -20 15 -999 17 -88 -999 4 -30 -2 -86 -999 -999 69 -48 86 3 -999 17 -999 23 -97 64 -999 -999 -999 -40 -96 100 -43 -999 -17 -1 -999 -37 -999 -91 -80 15 29 -62 -999 -81 27 -98 -100 -18 -999 -65 -72 -88 -92 98 -29 23 53 16 21 -999 90 64 -69 -999 -999 -999 -40 -999 -999
-87 -66 59 -83 41 46 33 -53 -7 -81 39 -13 -84 -100 -85 30 -54 23 -31 -59 56 -27 95 82 4 -93 -50 17 61 80 18 99 -90 4 -999 -66 -44 84 32 -999 -10 -29 -15 -43 45 30 -999 52 22 71 69 -999 -999 -97 -59 -78 -77 -97 37 -999 16 47 40 -18 -86 -999 -999 33 -75 -27 -999 -97 7 -10 -999 -98 -89 17 -28 -71 -19 -999 -71 31 67 -1 45 -46 -79 -36 88 -999 -59 94 -88 96 61 -86 -999 -30
95 59 -61 -49 11 -999 -33 -95 -999 -46 41 -49 -59 61 -13 90 41 -999 -999 -11 -50 -19 -67 57 92 -999 -70 58 1 -19 5 -100 -30 -14 -999 -63 -23 -78 15 72 -84 -47 55 61 57 -14 17 -52 -999 37 -3 -73 -14 -999 15 28 21 -999 79 -71 -97 -40 -999 -21 59 78 -999 -2 -86 11 -999 -31 -82 -999 69 10 -38 27 -999 70 -999 17 49 -27 -999 80 -76 -55 65 -36 -93 81 -44 -16 -90 -13 -83 -7 36 60
-28 74 -999 -999 -69 -89 -999 -82 87 66 57 -24 90 -45 9 -13 -999 80 -67 84 -60 65 -76 83 -33 100 12 -999 44 -8 -24 -16 -999 -999 40 -999 -87 48 -64 -69 -93 52 -999 70 -2 -999 -89 -19 -47 -999 19 -57 -88 -50 -1 -999 96 -86 69 -999 80 -20 48 59 33 -999 10 7 -88 70 83 58 19 -34 -41 59 -5 -98 -83 -21 4 -68 -25 -37 -61 -999 -999 16 -999 -999 51 -42 -60 72 -999 -999 39 -29 98 48
55 -11 -3 -18 -999 97 -22 -999 -80 -999 34 90 -999 88 -999 -81 -999 -34 13 96 -999 -999 -85 96 96 -83 65 -999 -999 -82 53 71 -999 -999 -63 -100 -999 -999 -999 -47 -999 -999 -999 60 -84 -82 97 -11 17 -6 -999 7 18 -999 -999 14 -35 -8 -33 49 -999 -3 -58 -78 -23 79 -3 -89 -999 62 -48 13 14 -22 67 -999 -35 -94 -30 -45 14 -25 -34 19 41 -999 -13 -999 -61 92 68 20 -26 -999 -77 -27 83 -50 22 -8
74 -50 47 -1 -999 -94 70 -85 -61 -65 -999 18 -999 -999 -999 -84 78 -999 86 -72 -999 -58 62 27 -999 55 28 -27 -999 74 32 63 -69 -46 -75 -999 -29 -98 -27 -59 -999 24 25 29 -999 -12 64 -999 42 19 -59 74 -999 -73 -40 -71 -33 -83 67 86 -95 -34 -67 -63 19 -999 -999 -96 27 84 -999 -78 4 -999 -999 20 -51 -999 -51 -56 -999 -999 83 -90 21 80 67 -4 -999 -69 -999 23 -20 -93 -34 -56 -32 52 -58 -82
-31 -999 -13 -57 -55 -34 31 37 -999 32 -999 40 85 -6 -999 -27 -16 -19 0 4 62 -51 81 -999 -28 100 -13 -999 -66 -7 -40 86 82 49 -19 16 -999 -999 -999 47 -15 90 -78 -49 -999 -999 -52 93 13 15 -29 -82 50 11 35 34 -34 -999 -999 16 -64 32 -13 -30 -999 -999 -999 -34 -36 -999 2 23 -74 -999 34 -96 -21 91 -999 84 -999 -1 -82 92 -999 4 -999 -61 -999 -10 -33 -29 -100 -4 64 -999 27 23 53 43
20 -999 -34 26 35 -55 41 -999 -999 99 87 60 -48 -60 -9 -42 -999 -999 17 -999 42 -75 47 -999 -999 -999 49 -47 -999 -18 94 69 -999 -999 -20 -46 15 -11 -999 -999 3 -46 -72 77 49 64 -82 -999 57 99 -999 -999 5 89 18 18 -999 17 39 -999 -20 -63 57 60 -999 -68 -45 -999 -999 41 -999 -70 29 94 53 46 -24 36 27 -999 97 -94 -29 -8 51 78 -10 58 100 -999 -999 49 15 5 -999 37 -999 -57 -66 -87
50 -999 -20 6 -999 -17 33 36 -79 12 -94 -32 17 -78 11 33 40 -999 -41 43 45 47 -17 81 17 -999 -15 -63 -9 87 -999 86 -27 40 0 -20 -54 27 -3 -78 68 -58 -76 72 82 -26 -14 11 7 16 46 -44 -82 -999 51 -999 15 57 32 43 -81 -17 -63 -52 -32 -999 58 -24 -80 24 12 -99 57 42 -74 -999 -9 -65 -999 -50 32 92 -999 77 -20 47 2 -999 82 93 -999 -999 48 -37 -10 35 -999 -999 63 76
-44 -999 59 -999 50 -999 81 -53 -28 -91 -58 -85 -20 -79 -75 -999 -62 76 50 -999 89 -17 -77 -61 -999 83 -999 -999 -17 75 -999 -999 -74 -98 -41 -78 69 -999 16 -94 -999 -71 21 -11 -999 -27 -97 -17 -56 -999 -58 -74 -66 -35 -66 -999 -80 99 -87 15 -69 47 -92 -88 -48 -93 -999 -89 -13 -999 57 -69 -35 43 -77 -7 -80 -80 -100 -999 -999 -87 52 -39 96 -25 -72 9 -63 -999 67 47 81 -35 49 32 -39 20 -83 -74
-52 -999 29 46 -87 -999 -999 -89 61 -92 21 54 -35 -65 61 15 -69 58 -999 -66 -59 -30 4 47 -28 -40 -999 -999 4 -6 80 32 18 -55 -999 -79 -72 -999 -999 88 12 -65 94 -65 -9 5 -53 -40 62 -999 -64 71 62 -68 65 -72 13 13 -47 -72 38 94 -999 62 87 93 94 -999 -999 78 -999 -84 -69 52 -29 31 95 26 -42 12 -99 81 84 46 -999 -999 -45 -83 46 -999 49 -42 70 -74 -999 94 -999 -999 -96 -999
68 55 -32 21 37 -999 64 -52 -89 29 76 -60 -75 74 -999 44 16 -999 -45 -38 -18 -18 -88 19 77 -51 37 -999 -999 -999 -46 -18 -999 -13 -66 -999 -91 -62 48 -92 -16 -999 -90 -85 -61 36 99 34 -55 20 30 32 -24 89 23 42 -18 66 -999 -99 -20 -97 -999 9 82 -999 -55 -999 69 -54 -98 -97 -4 -42 -69 -49 3 71 11 -13 -79 -40 -95 -73 -69 -89 -42 9 -1 -999 -999 -84 -86 -999 -999 -76 -999 -55 96 -83
-76 -58 -93 60 -84 -999 -100 -49 -72 20 -24 -79 -53 -999 -28 63 73 57 76 -999 -999 -999 -50 2 25 14 -999 -999 47 -85 -35 64 55 7 -38 -7 -999 4 42 75 -69 87 84 -999 -24 7 -41 -56 -65 -999 -99 22 -999 -20 -41 -999 94 -90 -999 -999 -12 51 41 81 30 21 -999 -999 83 -999 -62 67 -20 -999 -999 -92 -999 24 -81 91 -999 -35 16 37 -21 -18 79 25 -92 -61 -45 -42 -15 -999 -59 -1 92 59 -95 53
69 75 51 -999 99 39 8 -35 -1 -82 28 10 -75 68 -88 -999 62 -999 97 -60 88 40 -999 -38 -999 -999 59 -999 -999 -999 -999 -57 50 -70 98 32 -999 -999 -999 89 -27 44 -1 83 -999 67 -27 77 -30 -81 -24 -54 84 -999 -8 -999 -16 -999 -39 -999 -24 23 -999 64 -999 18 -48 -38 -999 -27 -19 -28 -999 59 43 -999 -999 -14 -82 5 5 -999 -37 68 -999 82 -999 -999 -999 54 -68 -83 -72 -58 35 38 -999 26 70 -10
-2 32 59 -8 -999 -12 10 -999 10 42 -55 -999 -83 -999 -61 -51 -33 -999 26 -41 4 -999 -999 -25 -16 -59 5 -41 -15 -99 -55 27 -999 66 -13 -999 -55 -999 -60 -999 -18 -76 49 53 -999 31 -63 -999 -80 38 -98 -999 23 41 78 69 -999 -30 -46 -2 -94 -999 93 58 5 8 -999 -999 -28 -58 48 50 -999 -29 53 -73 -62 24 -10 96 -46 68 58 -999 -999 93 92 -96 -8 17 67 43 -999 56 38 -999 -37 85 89 -999
-86 -58 -33 -999 -999 -25 -74 55 -29 -1 -27 -73 -68 -999 19 -999 100 -999 -77 -13 75 5 34 -30 64 24 -999 -999 -64 -28 -999 -78 11 -62 -59 1 71 -999 -999 -999 -71 -999 -68 11 -999 -999 50 58 -999 -98 11 -94 -75 -45 -999 -37 -999 -999 31 0 -31 78 32 72 49 -999 88 14 -999 5 -14 80 -88 -49 -999 7 84 -999 -20 -39 -9 33 -64 51 83 -999 50 13 44 -47 -83 -52 -999 -999 -1 68 76 -93 11 -68
22 -67 23 -999 -53 -40 -999 -4 87 76 -50 10 -28 -52 -61 -999 -44 94 73 -999 -32 -35 -80 -78 -76 -25 -48 -4 -999 15 98 -57 -1 55 -55 -999 -999 94 88 -999 -97 -999 57 -83 -17 81 -59 -89 52 37 22 -29 4 -95 -999 -999 -999 -26 71 34 86 76 -22 -46 -84 60 -33 36 -75 -10 -92 -44 23 61 -999 88 -36 -999 -999 34 -45 60 38 -81 20 74 81 57 -999 -999 7 -37 -88 56 -54 89 1 -8 -999 -999
72 46 -92 -33 73 -92 -77 -53 -9 -999 93 -1 48 -100 -20 7 19 -999 -999 -27 -55 -24 -999 37 76 57 -45 11 90 92 -26 -999 -5 -10 71 74 -51 50 -25 46 -999 -999 -32 -35 -84 -17 -999 -23 2 87 99 -999 -61 45 47 -999 -91 83 -999 28 -999 -999 -999 -999 -999 -999 -999 -81 36 -47 -18 67 -999 -76 -8 27 5 10 -999 84 78 -999 -999 -999 -36 -55 -58 -84 -12 63 -999 -15 73 -999 59 -11 1 -24 45 -89
8 -62 -19 -82 36 6 -10 -52 5 98 -999 -94 22 0 32 -98 12 -31 -45 20 -1 -42 -96 -999 50 3 -999 -36 38 -999 -90 -999 30 -999 7 4 15 50 23 -999 81 -999 36 -4 33 49 64 89 -64 -999 -6 -999 -25 11 94 79 85 -999 18 -79 28 5 -35 40 73 43 -87 -4 -999 -75 -999 36 -90 -19 -45 -999 -9 54 -17 -999 -4 17 -19 -43 -96 -44 7 -1 42 -83 52 65 -39 17 -999 -55 -85 -31 91 -14
-999 44 68 -75 -44 -15 -999 -23 60 -999 -999 -999 33 -54 14 -96 59 -999 46 -999 -999 16 -87 -3 90 -74 -999 -94 31 -19 52 -999 -29 66 -51 95 -77 51 -59 -24 48 74 -45 -999 -12 -33 62 -38 -999 -2 -999 -60 -44 88 1 55 17 77 73 -999 12 -999 0 -999 -999 -62 -52 -999 -85 16 -84 -999 -68 49 -999 -87 -999 69 16 -50 24 17 2 51 74 -47 -999 -58 -999 75 2 -39 -999 -22 -4 74 -999 68 -999 -999
-31 8 30 -999 -999 -82 -57 56 3 19 -999 60 73 -65 -999 -81 27 68 -34 85 -999 -91 -54 -999 -22 -999 -50 -29 -22 19 -41 -65 -12 100 95 -999 -22 6 -999 -999 -999 -999 62 -89 -999 -999 -999 64 -66 -55 8 57 70 -999 -999 -20 -21 -18 -37 26 -52 -85 31 -58 -36 -66 -49 18 -999 -5 39 -69 41 -40 -86 -85 68 -19 69 81 -999 10 -57 -97 -999 -13 18 4 -84 -999 -14 28 56 24 6 68 36 84 -46 -1
-48 -999 71 32 -95 -23 -999 -52 98 -52 44 27 87 -35 -58 63 -999 -1 9 -999 -90 -79 -19 -10 -999 42 -87 -86 -40 -95 72 87 -83 -51 96 -999 65 20 -47 43 -4 -999 -999 -53 69 -999 71 -56 55 -35 -36 -46 25 45 4 5 -17 77 -98 -999 -999 -92 -50 -61 -999 82 -75 -999 33 87 -44 -999 -43 -999 -999 19 1 -22 53 37 -999 -999 4 -999 -50 -999 48 -35 -75 -96 -34 -37 -999 -56 62 -75 25 20 18 -6
97 87 34 -46 -12 55 -999 26 -999 -76 82 75 90 39 13 8 -999 -999 -16 69 51 -78 77 -999 82 -97 -92 -34 32 -999 -16 -999 -999 -69 59 -77 -72 49 -50 -18 -999 16 26 -999 82 -999 -85 74 -39 21 42 -33 -5 -26 -66 -999 -17 5 -999 34 10 -999 -11 -68 -97 -62 32 -999 -91 -63 -999 -999 -93 -999 75 -8 68 -999 4 -999 -999 93 88 17 39 -30 -999 75 50 57 -9 -44 -57 -67 -37 43 -62 -18 -999 0
