100 100
0 -999 -57 -12 -999 -999 -67 15 -86 -999 15 -72 -87 91 -999 -999 -999 -999 -999 -999 -999 20 65 0 82 17 -72 -999 -999 51 -999 70 50 45 -999 -28 -50 43 -999 -999 -999 31 -51 -999 -82 58 -39 -999 -49 86 -999 -73 -37 53 -999 -999 -999 -999 -999 -999 75 -999 -999 -999 -999 -21 83 38 -999 -999 -999 -999 -999 68 -999 -999 -999 -999 -71 -999 -999 -66 50 -999 40 73 -999 -999 -999 -999 38 -50 -72 39 -999 -999 18 -999 -3 -999
-999 -999 -999 -71 -999 3 -999 -999 -78 -999 -999 -999 -48 -999 -999 62 89 -999 53 -41 6 -63 -999 -999 -999 -999 95 -999 43 -999 -999 35 -999 -999 -999 -999 -999 -9 -61 9 -999 4 -999 15 20 10 -6 -999 -999 -999 -999 7 -999 -999 -78 -999 -38 57 100 64 -999 -16 70 -15 -7 -86 24 39 -999 97 -999 -999 3 -24 -93 68 8 -70 47 77 38 -64 -999 30 -91 -22 -87 -999 -999 -69 -999 -999 -1 -15 -999 -46 41 -98 82 49
-999 -999 -75 -83 -999 59 -999 53 20 -999 81 -999 -78 29 -999 -999 -34 -999 -999 -999 -999 -999 -45 74 -999 -39 -999 -28 -59 -999 17 53 -69 -999 90 -41 -999 -999 -999 -77 -999 51 -999 -94 -999 -999 -999 -999 57 -87 -999 -70 -999 -999 -83 -999 -20 -999 -23 9 -999 -59 36 41 -999 -89 -999 -999 48 -999 -41 0 -999 -97 -999 -56 87 -999 39 36 -45 -999 56 3 -999 -999 40 -28 -57 -999 10 -999 2 69 -999 -999 -999 -999 -94 -999
-999 -12 -999 -36 -999 -999 50 -999 28 -999 -999 -8 -32 66 -999 -21 -71 -999 0 95 -999 -67 -11 71 -71 61 -95 -999 -999 -999 -999 -999 -20 51 -999 -49 -999 14 -67 -999 78 -999 -999 -999 -999 -999 -100 -47 -999 12 -999 6 -999 -999 -999 -999 -95 -999 -999 -69 -999 -999 -32 -56 -42 31 -999 -100 -999 -8 -999 5 -47 -999 51 -999 -999 69 38 -11 98 -25 -999 -58 -999 -999 -999 -68 40 33 -999 -999 -999 -999 -999 85 50 9 -999 -999
-999 -999 -999 -999 24 -999 -999 -999 -999 -93 42 -999 -999 -999 -999 -9 -999 -11 -33 -999 -999 -999 90 25 -91 -999 -83 -999 -999 -65 -41 -999 42 -999 80 -34 -999 -96 -98 -999 -91 73 -999 -38 63 -95 -999 24 99 -999 -30 -7 -999 -999 -999 -6 -42 -999 -999 -999 -999 -999 -999 -999 73 -51 -999 -999 88 -999 -999 -25 -999 -56 -999 -50 -999 39 -999 -999 -31 70 57 33 -11 -999 -58 -45 65 -999 44 -999 48 -69 97 -24 -999 34 -9 -59
-999 33 -999 -999 -999 -999 -999 -70 94 -999 -999 -999 -999 -999 -999 -999 -999 47 -999 -999 -15 -37 12 -33 -27 -999 -999 58 -999 -999 -8 -999 -999 -999 -999 29 -999 -999 -999 -72 -40 -999 -43 76 -85 25 -999 -78 -999 -98 -999 -58 -999 -999 -31 -999 -76 -999 77 -999 -999 -999 -999 -999 -36 84 80 63 -999 -999 -999 -999 89 30 -33 -999 6 10 -41 -999 -999 -999 -2 -999 -999 -999 -999 -999 -999 -48 81 -28 43 -999 63 67 -999 -91 -27 -999
-999 -999 -20 -66 -999 -57 100 -100 89 32 -20 28 36 -53 -999 -999 -52 -999 -999 -100 -999 -999 81 -58 -999 -999 -999 -999 -1 -999 8 -999 -999 -44 -52 70 -999 -30 -16 -999 -999 -999 -72 10 91 -999 79 -999 -2 92 -999 54 -999 -999 18 -2 -999 -999 98 20 -91 -999 -999 -999 38 -999 -999 -10 -999 -45 -999 -27 -999 -999 -999 -999 -999 10 -999 -28 -999 2 -68 -999 -999 -999 -8 -999 27 -999 -48 -999 -999 54 -999 -999 -84 -999 -99 -999
-999 53 -999 -999 -999 65 10 -44 -999 -999 -999 -999 -64 -42 38 -999 -999 -18 -999 -999 83 -2 3 33 -40 -999 81 -999 -999 -999 -18 93 -999 -999 75 83 91 -999 -999 -999 41 -999 76 -999 -999 -999 54 -999 -95 -999 -999 -999 11 -999 -27 -999 7 -999 -91 -999 -999 -999 -999 -23 -999 -999 -999 -999 -20 -60 -999 -39 -999 10 -999 -81 -73 -999 -999 -97 -85 -999 -999 -999 -999 89 -999 -88 -51 81 -12 58 88 -49 -999 -35 -999 -999 -999 -31
49 -41 43 -999 -999 -999 -999 40 -999 -999 -75 95 -999 -25 -999 -999 -99 89 -999 -999 -21 -999 -999 -18 36 -999 -999 -47 -999 -30 -999 -999 -999 -999 54 89 -999 77 -999 -50 65 0 -25 -999 -999 -999 38 33 -999 98 -999 -57 -999 -999 -999 3 -999 -34 -58 -999 -999 68 -999 -87 34 -88 -999 -999 -999 -999 -999 -65 -999 -41 54 -999 -88 -999 -999 -999 -999 -999 -57 -999 89 -999 -999 3 -999 -999 -999 -999 -999 -999 -37 -11 -999 5 96 -999
-999 13 -76 -999 13 -999 50 -999 44 -56 11 95 -999 27 -999 -999 -16 -999 -999 16 -999 22 -40 47 -999 20 -82 -999 -70 -999 35 -999 -999 -999 -29 -999 -35 -999 48 -999 -999 -82 -999 -999 41 -69 -999 36 61 94 -999 89 -69 -999 -999 14 -999 26 -999 -999 49 17 40 -999 -63 -95 -999 -76 48 -71 -999 -90 -58 -999 -39 -23 -31 -999 93 -999 -12 5 -999 -999 19 17 -999 13 -22 -999 -56 48 -78 77 -999 -33 -999 58 63 -2
-999 -999 68 65 -999 -999 -999 -999 -999 -95 52 -999 -47 -999 -999 94 -65 -53 73 -30 -5 57 24 -999 -999 22 56 -999 -999 -999 85 -999 -999 -999 -999 63 17 -999 -63 -999 22 -17 -999 -999 -999 -999 55 -999 -23 -999 78 74 100 -999 -999 -999 -999 -999 -999 -999 92 36 70 -999 -999 -999 -59 -999 97 -999 -999 52 -999 -999 -999 -999 -46 -999 -50 -999 -999 -999 -6 -999 -999 -999 -999 -78 -8 -999 -999 -81 -999 -81 -85 70 -999 87 -999 -999
-999 -999 -45 55 -999 -30 -999 6 -60 -999 -999 94 -999 92 85 -999 -999 -999 -999 -56 -999 93 34 -999 -999 16 -999 96 -999 74 -47 -999 -999 -999 -21 58 22 12 -999 55 -999 -76 44 -36 -63 -37 45 -999 43 -999 53 -30 -999 -999 -999 -999 -999 -9 -999 42 -92 -999 -66 -999 22 99 -20 96 -999 -999 -999 -999 50 97 -999 -86 -999 -999 65 3 -999 4 -999 56 61 8 25 36 7 31 -999 -999 -999 -999 -999 58 -999 -999 -999 -999
-999 -999 -999 -999 95 -999 -34 -999 -999 58 -999 -999 -999 66 -999 -999 -999 -97 -17 -999 59 -47 96 -72 -22 -999 -999 46 -65 -999 -999 -999 -999 -999 -14 -999 90 40 53 -47 97 -24 -999 -999 -999 38 -84 -78 -999 -999 -999 -99 -999 94 -999 -999 -56 -999 -999 -999 -999 -1 -999 -69 -999 -19 -66 -999 -999 56 -43 -9 41 -999 -999 1 77 -999 -999 -999 -30 96 -40 4 37 92 -999 -999 -999 79 -999 -999 -999 -999 0 99 -999 -999 96 -999
-61 -999 -999 47 -73 -999 -35 -999 -999 -999 -999 34 -58 -999 -999 63 60 80 -999 -77 -999 -999 11 50 59 -60 -999 -999 76 -999 13 -999 -999 -999 -999 35 25 -84 -999 47 -999 1 -999 -67 -999 -66 -999 -999 -999 -999 86 -35 19 -96 73 -999 -60 -28 -999 -91 -27 -999 -999 -999 -63 -22 -61 -999 -95 -999 -85 -999 -37 -999 -999 -999 -999 -999 -48 -70 82 -999 -999 -999 -999 50 -999 -79 -999 -38 -999 -999 -68 32 -999 -999 -999 -999 -51 23
-999 -999 -68 -999 -999 72 -999 -999 -999 -43 -999 -84 -999 -999 -44 -999 -999 -999 -999 46 -999 -999 3 -999 -13 -32 -999 -999 -999 -88 21 -999 57 -9 -16 4 -999 9 7 -58 80 -999 15 65 -999 -70 -71 -999 47 -1 6 -999 20 -999 98 42 -999 -999 -18 -55 11 -999 48 -999 -34 77 -5 -999 56 77 -999 -57 -999 -6 21 -999 -999 1 -999 -999 -999 -67 -999 10 -999 -15 -999 -999 19 -999 -999 12 -999 -999 88 -999 -39 -999 97 -999
55 -999 -999 -93 -999 -13 -999 -999 57 -999 -58 -999 -999 -999 -999 62 -42 -999 -39 -999 -26 -58 -9 -999 26 -56 -92 -999 -999 -999 -999 5 -999 -999 37 -999 -44 -999 -43 -999 -999 -999 -999 -999 -43 -59 -96 -23 -13 -36 -999 -64 -83 -999 -999 34 -38 -78 -999 -999 59 -999 -999 -999 -999 13 -999 81 -999 -999 -81 -45 -87 -999 -999 -999 -999 -999 -999 44 -999 -999 -999 -999 -13 43 -999 66 48 14 -999 -999 -999 -48 -999 -999 -60 -999 -69 -999
-999 -25 -100 -7 -30 -999 -999 -999 -999 -999 -999 -60 -50 -999 -77 -43 12 16 -999 -32 -56 -999 18 -999 -90 -72 -999 14 -32 -999 -999 -4 -999 -999 -45 -999 -999 -999 -999 -80 -49 -999 -999 51 -999 40 -999 -999 24 63 85 26 41 -999 63 75 -999 -999 31 -999 -999 -999 -999 78 53 -999 -999 -999 -999 -34 -44 -999 65 89 30 -999 -42 -999 -999 -86 -999 -999 63 91 -999 -999 42 -10 -999 -999 -999 -999 -999 -74 -6 -4 -999 71 -999 14
73 -999 -30 -999 99 -69 -17 -999 4 1 82 -999 -999 -999 -999 -88 -999 -999 -90 -74 18 -999 -51 -999 -96 -999 -999 48 83 -89 -38 -999 -999 -999 -999 45 -999 -999 -5 -999 89 -999 -50 33 -98 93 -999 -999 -999 -999 -999 60 -91 65 42 35 91 -75 -22 67 -7 -999 -999 -999 -999 -999 -999 -90 11 -999 74 36 -999 63 -999 2 -999 -46 25 -999 -999 -999 -999 47 96 -91 -999 -999 -13 -3 -58 -999 -999 99 -999 -999 -93 -87 -999 -95
59 -30 -999 -94 69 46 -999 -999 -999 -6 -999 -17 -999 -999 -999 -999 -999 -999 -999 -999 2 49 48 -999 -999 -999 3 -53 35 24 -999 -26 -999 -999 -999 32 -999 -999 58 -999 -999 -999 -97 -31 -999 -999 -33 -999 -999 -999 86 -22 -85 -999 38 50 9 -999 -60 -999 -999 -37 47 52 -999 -999 74 94 28 -75 -999 -48 -999 -999 -999 -999 49 -999 -999 66 -999 -74 -999 -999 -999 -999 54 20 -88 -999 37 49 -1 40 -999 -68 -56 -999 -999 -999
-999 -999 -999 -999 -54 59 -999 -999 -29 11 -30 96 -94 -999 -42 -999 -53 -999 -999 52 -999 -999 9 61 12 -999 -999 -999 -36 -58 7 -51 -999 -999 -999 -999 -999 -999 3 -44 -999 -999 -13 53 28 -999 -999 -49 -60 -36 -999 -999 1 -999 -16 -999 -999 8 -999 -69 -999 -999 -999 28 -999 -58 66 -30 -100 94 -1 -63 56 -999 85 -17 -45 51 -81 -999 62 -999 -999 84 -91 -999 12 -999 -999 -27 -999 -999 76 13 -999 -999 -999 -999 88 -86
-999 -999 28 -77 -21 99 -999 27 -999 71 1 40 -999 -999 5 -3 -999 -999 -999 -999 -999 -999 -999 9 -18 -999 -999 -999 7 19 -999 -94 -20 -37 -999 -999 -999 -999 -98 50 -999 -999 1 -67 -999 79 -29 -999 -63 -999 -99 -999 -999 -999 -999 83 -999 -9 -999 -5 -999 -999 -3 -999 -999 -999 -999 -999 -999 94 -69 -5 -999 7 74 62 -999 -999 -88 -999 -97 -999 -999 -999 0 -999 -14 -999 77 -999 84 -999 56 -999 -54 -23 -999 18 -32 98
-63 -999 -999 -3 -97 -35 -999 -91 70 -48 -30 69 -48 -999 -46 69 -36 -999 19 -58 -999 13 -94 -51 -999 -999 -999 -65 53 -999 -13 -22 -999 -4 -999 -999 -57 -5 -999 -70 -76 -999 -999 -49 -999 -35 -91 -999 41 -8 25 78 -999 -999 10 48 -999 -999 48 -999 -999 -999 -999 -999 38 -30 -999 -10 -999 -999 -58 -999 35 14 22 -93 -38 -70 64 -999 -999 -72 -21 44 -84 77 -5 -999 -999 -999 -999 -38 -999 -62 -999 70 58 -23 -999 -999
7 -999 50 -7 -68 -37 -999 -28 92 -999 -999 -66 83 -999 -999 -38 -96 -999 -82 42 -82 -95 -999 74 -999 32 -999 -999 -18 -100 -97 -999 54 -23 -7 99 -999 -999 -7 -999 77 -999 -56 -999 68 100 -36 -999 -999 -6 -999 -999 80 -65 -42 100 58 -10 -999 -999 92 -27 -999 -68 -999 -73 -36 93 88 98 -999 -999 -999 -999 -58 -999 -999 -999 79 -999 -999 97 83 -999 -999 -64 -999 22 -22 -999 -999 -5 -999 -999 -86 -999 22 40 -999 -36
-999 72 67 -33 -999 -999 -999 -999 51 -66 -999 -999 -999 72 -999 -999 -999 58 -9 96 21 -999 -999 -999 -999 78 -14 -64 26 87 -52 -999 -19 -11 -999 33 14 -999 -24 -999 -94 32 7 12 -6 -999 8 -999 84 -999 31 73 -41 -999 -999 -24 23 -70 84 5 87 66 -21 -999 -999 -7 87 -7 -999 46 -999 -999 -54 -999 -999 75 -999 61 -999 -94 87 -21 45 -999 -999 47 -999 -999 -999 -69 -999 -85 -45 -24 83 -999 -999 -96 -999 56
-999 -40 34 -93 27 -999 -88 -999 -35 40 -6 -999 -999 -999 -10 -999 43 -999 -999 -84 -999 -8 -999 50 -999 99 -40 -999 -999 -999 -999 -999 -40 87 86 -999 -999 -999 -90 27 -999 -14 -999 97 -999 -999 -999 -999 -999 -999 -29 -999 -999 -999 39 96 -999 -999 -47 -34 -999 -72 97 -999 -999 -999 -999 -999 63 16 30 -7 27 -999 -999 -999 -999 -999 -999 28 -999 8 -33 -999 62 19 -999 58 -999 -999 -999 -999 -38 -999 -25 -999 -99 -999 -52 84
-32 -91 -32 15 -999 22 -999 -999 -90 -999 -999 -999 38 -36 -999 -999 -999 43 -999 45 -999 -999 20 96 -999 -999 -37 -999 76 -999 -999 65 66 -48 -79 -11 -4 -999 -999 -999 -64 -999 8 86 57 -999 -999 27 49 -999 -9 -999 -45 36 -52 2 49 -999 -999 55 27 -20 79 59 -53 70 70 -96 -999 -999 -32 -999 98 -4 -69 -10 -999 -27 -999 -999 -999 -999 -49 -999 -89 -42 -999 9 -999 100 -999 -999 -999 -999 85 61 -999 46 -999 -999
65 -999 65 -17 44 6 -999 -999 -999 -999 -13 -999 -52 -999 -999 -999 17 -77 -999 -999 -99 -999 82 -999 -40 -87 94 -5 -20 -90 -50 -29 -999 -81 51 87 -999 -48 13 69 -999 13 -26 -100 -999 78 -999 -91 -999 -999 94 16 -999 -68 -999 -36 7 -999 39 -999 -999 -45 -999 78 5 -999 -86 -50 -999 -999 -999 -999 -999 -999 -14 -5 -999 57 -98 19 -999 26 -999 -1 -65 13 -68 -85 25 52 -999 -999 -999 -46 -999 100 -999 -999 4 -97
-999 -56 -999 -999 -999 75 -999 21 7 -99 -999 99 -999 -999 -70 -999 80 -999 -74 38 57 -999 -79 -999 -47 -999 -40 16 -11 -999 -999 -999 -999 -999 -2 -47 -999 -999 -999 -999 -999 -999 67 -43 -999 -999 -39 -999 -999 9 -69 -999 -8 69 -999 -100 66 -999 -999 5 -999 14 64 18 -999 -999 -999 -999 -50 -999 5 -999 -999 -999 -999 -999 -53 -999 -27 -80 -999 -5 -999 -999 -999 -999 -999 24 -999 -19 24 66 7 -999 -999 -33 -999 -999 7 -999
-999 -99 -999 -999 -999 -999 98 -42 -26 57 5 -999 -999 -999 -11 44 -59 85 -999 -999 1 47 -999 -95 -16 74 -50 44 -82 -37 -85 -47 1 -99 -26 -999 -999 -999 -999 -999 -999 36 62 -31 -999 -999 -999 -999 -999 22 96 -999 -999 -999 -99 -999 -59 -999 -999 15 -37 -999 -999 -999 -21 -999 -999 -999 -999 -999 -37 95 -85 -999 -999 2 -999 -87 -999 -88 2 -999 -999 -999 -999 -49 -999 82 -16 67 -999 -999 83 20 -999 -999 -999 -999 -36 -999
56 88 -999 -999 24 -88 -999 43 -5 -999 -11 -999 -999 -999 -999 43 -79 -34 -4 -999 -999 79 -999 -999 -999 -71 79 -999 -999 87 -83 -999 5 -59 51 -999 -97 -999 -999 -5 -999 -999 52 -999 98 -999 -999 -999 57 -999 -999 -79 -13 33 47 -999 -999 -67 -999 -27 -999 -999 -999 17 -999 91 -999 -999 -999 -999 -18 -999 1 -15 98 -54 8 49 -999 19 -999 -999 -999 -29 -999 -41 52 -999 -92 33 -999 -999 -999 38 38 -999 -999 91 -999 -999
-89 3 -999 -95 -999 -999 -999 -999 -45 45 -999 -999 47 -999 8 -999 -999 97 24 -999 -999 -999 14 5 -999 -75 -57 -999 -24 -32 -68 71 -46 -999 -83 90 -999 -999 30 -999 -999 62 -26 -999 73 -999 -999 -999 88 -1 12 -82 11 -999 -82 -999 -37 -87 -999 81 -999 -999 -999 -999 -999 -3 -999 26 84 39 -999 -999 -999 -999 -999 -64 -66 -54 -999 -999 -82 -28 -999 15 -999 -999 -24 4 -999 -999 -999 -999 -56 9 -999 16 -999 -19 96 -999
-999 -999 100 -999 -999 -999 -93 -28 3 -999 -999 -999 47 100 -19 68 -999 -999 -999 -999 -999 -999 -999 88 -999 -999 40 -999 -999 -999 27 -78 -999 -999 -999 -71 14 -25 -999 -999 -999 -999 -999 -999 -999 -17 -999 25 -92 54 -29 14 -999 -999 40 17 55 60 -90 -999 -999 -999 -999 -999 55 -83 97 -41 -999 93 -999 -999 25 -66 97 -999 -999 -999 -57 38 14 -75 62 -999 -999 -999 -999 -999 -999 -999 -999 66 -999 -29 -999 -53 93 44 95 -74
-999 -999 -83 -999 -79 41 -999 46 -999 -56 24 -999 -999 -44 3 67 -999 -999 -999 -46 -999 -999 -999 -999 -999 -999 72 -999 -999 -999 -999 -20 31 -999 -999 -999 -999 -999 76 -999 -999 23 1 72 -999 74 -999 -999 -999 -999 -999 -999 -999 -999 52 -96 -55 -999 43 -999 -20 -999 -999 -999 -88 -999 2 -7 -999 -999 -999 -999 41 -999 -999 -999 -999 -45 41 -999 16 -999 65 4 51 -999 57 -999 -999 -999 80 -52 -999 -48 -999 -32 38 83 -12 -999
-999 -999 -999 -36 -999 -999 -999 -55 -999 44 -91 62 46 -68 -999 -5 -89 -999 -999 -999 -999 -999 97 -999 -999 -999 -999 100 -6 98 -999 -67 -999 -999 -999 -999 -25 -999 99 5 -999 -999 -999 37 -999 65 -999 91 -999 -8 -999 -30 30 -999 -80 -999 -999 -999 -999 -999 20 -66 44 -37 -999 -999 72 -999 -999 97 73 -999 -64 69 -999 65 -999 -999 -999 51 -999 -999 -66 -999 -999 -999 -999 -46 -999 -999 -1 35 -999 -86 -35 -999 -47 26 -999 24
-999 -999 89 -36 -45 -999 -44 -100 -52 -100 -999 -57 57 -999 -6 76 -999 -40 79 -999 -10 -999 -58 -63 -72 -999 -42 -999 -21 -999 -999 -44 -999 -999 -999 -999 -77 -73 -999 -999 37 -999 -86 -48 32 50 -999 -999 90 -999 49 -57 42 4 -43 98 -999 24 25 -999 29 -34 -999 -32 -999 69 -9 -17 -57 -999 -5 91 92 -999 -76 16 -999 71 -999 -999 -38 -28 -999 -37 -70 -55 -999 -1 -999 -999 68 46 -31 -999 87 -999 -999 -25 -999 5
64 97 -999 -999 69 -999 -999 -999 56 43 -97 -999 18 51 -999 -999 87 -999 48 -999 -84 58 -999 -52 -999 -999 -999 5 -999 -15 -999 -60 44 -67 -999 -999 -999 -999 -999 -999 24 -999 27 -49 -57 -999 -999 -999 -26 7 -82 35 -999 -999 -54 -999 -999 -999 -999 -999 43 92 -31 -999 -999 -44 36 -92 -999 -999 53 -999 -94 50 -46 28 -999 -999 29 -999 -999 -999 87 -999 -37 74 -999 77 -39 -13 -999 -15 -999 -999 34 -999 -999 41 -95 47
-40 -999 100 -56 -999 -999 -999 -92 -999 -999 -999 76 59 -999 98 94 -67 57 -999 -8 -75 -64 -999 -999 33 -999 -999 -999 -999 37 -999 -999 -999 72 -999 -999 28 90 -99 -999 55 -999 -999 -999 -87 11 92 -999 -99 -999 6 65 -24 -999 -999 12 -999 -999 -999 83 -999 21 -85 -999 -49 -999 -70 60 -999 35 -34 -999 -42 -999 -999 -999 -999 -999 -999 -999 -999 -75 56 -999 -17 -999 35 50 -999 -999 -999 -999 -999 -999 -999 -47 40 -999 -89 -999
-82 -999 -999 -999 93 -999 -999 -999 -999 -999 -999 -999 -999 -999 -15 -47 50 -999 -999 -999 -99 -999 -95 51 -999 -33 74 -40 -999 -999 74 -999 -999 -999 36 18 52 -1 30 46 -999 -49 -999 -999 -999 -65 49 46 0 -999 -68 2 -17 -59 -999 -999 -81 -999 -999 -999 -999 -999 -999 8 -999 -999 -999 -999 -999 -999 -999 -999 -999 -999 -999 34 -999 -999 12 -999 -999 74 -999 -3 45 -999 -999 90 -16 62 -76 5 -999 -999 -999 74 29 -999 -999 -999
-999 -4 -999 -42 -999 53 -999 -999 47 -39 -38 14 -999 -999 -999 -40 -999 -999 -999 -999 -9 -999 76 -999 30 -999 -999 67 55 -22 -21 -23 19 -999 -999 -999 68 -999 -87 -84 76 -999 27 -999 -999 -999 100 -45 -16 -58 -999 7 -999 -999 -9 -999 -46 -999 -999 -33 -35 -89 -999 -999 54 -19 -99 12 -83 -999 -24 -999 -59 -999 11 -999 -999 80 1 -999 -999 5 -999 -72 1 -45 -78 22 -999 78 -66 -999 0 -78 -999 -999 57 -49 -100 -999
-999 -999 -999 -999 -100 1 -69 -61 58 -999 -999 92 -999 34 -24 -5 -999 -17 20 -45 22 -74 45 -999 -999 81 17 -18 -999 -999 -999 -999 -99 96 38 11 84 -999 -999 92 -47 -999 71 87 -999 -84 -999 39 -999 -999 -999 -58 -37 -999 -999 6 -999 35 -999 -999 -999 -999 16 -999 -75 -999 -999 -78 -50 -999 22 -30 -20 -999 -91 -91 -999 -999 -81 -999 -999 76 -999 77 -54 -999 -64 -999 -999 71 80 -999 -999 -999 -999 -999 -999 18 69 -999
-999 -999 -999 -48 -89 8 94 1 74 -999 -999 -999 -95 58 -999 55 -97 -75 76 -11 6 -999 -63 -999 -10 -72 25 -8 -999 -999 -999 -999 -999 -999 -999 -39 -999 -999 -999 -999 -999 -999 -999 -999 18 -999 -999 28 -999 -999 -999 60 -999 -74 79 38 7 -999 -999 89 59 -999 14 26 -15 -78 -37 -3 -999 -9 -999 -999 -86 11 -999 -99 -999 75 -999 -999 -999 -999 61 -999 34 -1 3 -33 -73 -999 -81 -999 40 -999 38 -999 -86 -10 -999 -999
-90 -999 -999 -999 -999 -999 -999 -999 -47 -999 14 -999 83 -77 -93 -999 -999 -88 -999 20 -999 -68 -999 11 -64 -999 -91 -999 -999 -999 -87 -73 45 -999 -999 -38 83 -50 -999 -93 100 -64 -999 84 7 44 -999 -55 -999 -89 -54 -999 -17 -999 -999 -999 -66 -92 -80 87 -999 -41 -30 -999 74 -999 -999 96 -78 -999 -999 -67 -16 -999 -999 -999 57 -999 31 -77 7 -60 -999 -999 -999 -66 -999 40 -60 52 -73 -999 -999 -999 98 -999 -999 -999 -999 -999
-999 -999 4 -999 2 -999 40 -36 -999 87 -999 69 -999 -999 79 -999 -999 -999 -999 94 41 -999 -999 -999 -999 -999 -73 -999 -999 -999 -999 -999 -999 -61 -59 -999 -999 -4 45 -999 -999 -25 34 85 -999 9 55 -999 -999 -35 -999 -999 -54 4 28 -999 78 -999 -999 -88 83 -999 -56 -999 -16 -56 -999 -999 -999 -999 -999 -999 58 -999 -999 -36 -999 -999 -999 -999 85 -81 -7 74 2 -999 -999 -999 -17 -999 -999 -11 -39 -999 65 -70 59 -73 -999 -999
-999 -43 -999 -999 -95 -79 -999 -999 -999 -80 -45 -999 -30 -999 27 -999 -86 -999 -999 -999 -93 -999 -91 -999 -999 48 -35 -16 -999 -999 -45 10 -999 -999 -999 -999 16 -999 37 -72 -999 -999 -999 30 56 13 -999 -57 -999 -999 -999 72 -83 25 -999 35 -59 -34 -999 27 -999 -999 -65 15 -33 -4 71 59 -999 45 -81 -999 -89 90 -14 36 -999 -35 -999 -999 -999 10 -37 -999 73 -999 67 70 -999 -999 -89 -999 -999 13 -999 -999 4 -999 17 -999
-999 -999 -14 -999 16 -999 -999 46 -29 -999 -999 -999 -999 -64 -999 30 -999 -999 81 -88 -999 -15 -42 -999 -999 -999 -999 -13 -87 -15 -31 -83 -73 -999 -76 -999 30 -999 82 69 -999 -29 -999 -999 -999 91 -999 -10 93 -999 -999 -5 -91 -78 -999 -18 0 -999 -19 63 35 -999 -999 -999 39 -40 54 -48 100 31 -999 -999 -47 86 79 33 -999 -999 -98 -27 -999 -88 83 -999 0 -95 -999 76 -999 89 -10 -999 96 -999 -999 -999 -999 -87 -85 69
-87 -999 -999 -41 30 -999 -60 -999 35 -999 -37 -999 65 40 -999 27 -999 14 8 -999 17 -999 -31 -999 -999 -32 -31 -100 -999 -999 -52 -999 -999 -999 -999 -999 -999 -999 -999 -999 -21 -999 -999 -98 -75 -53 14 79 -999 68 12 -999 -999 56 -999 -999 -30 75 -57 20 -999 35 -999 -61 -999 -88 -999 -999 16 7 24 -999 -10 -999 37 -89 -999 -999 -97 -999 -999 -999 -75 -999 -999 -999 -65 -999 41 -67 69 -75 -72 -999 -999 35 76 -999 -60 -62
-999 -51 47 -999 -47 33 -72 11 -999 -33 -5 39 -999 -999 -999 37 -19 -60 39 -99 -999 -999 -999 -999 -999 -999 -999 -999 -999 13 -57 -999 -18 4 -89 -56 -999 -10 -999 -999 89 -84 -999 50 57 72 -999 -999 -999 83 -999 51 -999 -89 -52 -999 -999 -75 22 -5 -999 -999 -999 -65 -33 21 -999 -999 -999 -10 -999 -999 -999 -999 -999 72 -999 -999 40 -999 -999 -999 -999 -999 -12 -98 7 -999 -999 -999 5 -999 -999 -999 -999 -999 -999 -999 50 67
-999 -999 -999 -999 -73 -999 -999 -999 -999 10 -3 -999 -999 -100 49 -38 -999 -999 -999 -10 -31 -17 -999 -999 -68 7 -999 -999 99 -999 90 -999 30 -999 -999 10 -999 -999 -27 14 -999 -999 -999 -999 -999 -94 -37 -999 30 -56 -39 -45 -999 -40 -999 -999 -999 -73 79 -999 -15 -999 -999 -999 -18 -999 -53 -73 -999 -999 12 -75 -999 16 -14 89 91 -999 -999 -999 66 -999 -999 -20 -999 -999 -999 -999 -999 -999 -999 56 -999 -999 41 -999 -999 -999 -999 -999
-999 -54 -73 40 -2 -999 -84 21 -999 -48 -999 87 -64 -999 -999 -999 -79 -999 74 -999 -999 -72 -999 -80 -999 93 -23 -999 -999 -61 87 97 -69 -54 -999 76 -999 -31 9 -18 -999 -999 -29 -79 -999 -3 -999 -53 -999 -27 -999 -22 -39 13 -999 -999 -999 -999 -90 20 -31 20 -51 -999 -79 -999 -36 -78 -999 97 -999 -77 8 -999 -44 -67 -999 42 -999 -999 -70 -999 -67 -999 63 58 -999 44 -999 -999 -999 82 -999 -999 -999 -999 -53 -999 49 -999
-999 68 -7 -999 -71 -999 -999 -44 -999 -999 77 -999 -999 9 43 99 -999 55 -999 -999 -999 -999 78 30 -999 25 47 -48 -999 -84 -91 7 83 -999 76 -999 33 -999 78 -999 -22 -999 -999 -999 -999 -83 -999 43 58 -999 -79 -18 52 44 -999 -999 97 -999 -999 -73 -5 -8 -999 -999 -999 -999 -999 -42 77 45 -999 -999 -78 -999 -60 -999 -999 -15 64 -999 -999 -89 -20 -999 -999 -26 -999 18 -999 -999 73 -999 22 -999 46 -33 -999 -999 44 -999
59 -35 7 75 -47 -999 -28 38 -85 57 46 12 -7 -999 -999 1 -999 71 -999 -32 -999 -25 -999 -999 -999 -999 80 -26 -10 -999 -999 -999 83 -999 20 -67 -999 5 51 94 -90 64 -13 -999 27 -999 -49 -999 -67 -999 -47 44 -5 -999 28 41 -999 -999 -999 -82 -999 -35 -72 68 -88 -58 -82 -29 87 -999 -999 -999 -999 97 -40 -999 -85 -999 98 -999 -999 60 -13 52 60 -999 -999 -999 85 -999 -19 -31 -30 10 -999 -84 53 -999 -12 -999
-21 -71 -92 -1 -999 -999 16 -999 -18 -57 -999 8 -999 -999 -999 82 -44 -6 99 -999 2 23 -999 19 -44 94 -41 -66 -42 -999 -24 -999 -26 -53 -999 -999 -999 71 88 -999 -40 -999 -66 -999 -57 -999 82 -999 -999 -999 -68 -999 -9 84 -999 5 -999 -999 -999 -999 79 -999 -999 -999 -999 -36 -73 -999 -24 -999 -999 -999 3 -73 -999 -999 -999 57 -50 -999 84 -999 -59 -999 0 74 -999 70 -999 -999 -53 -999 18 -999 -999 -999 -999 0 84 74
-94 -22 -42 -45 33 -24 -999 43 -999 -999 -999 -999 -999 -999 58 -999 -64 -999 -47 20 -999 -97 -999 -999 -89 -999 -91 -999 -100 -33 -77 -99 61 -999 -999 92 -82 -999 -999 -999 -999 -77 -38 15 -999 28 67 -999 -999 65 13 -999 -999 -999 -999 -999 47 32 -999 -999 32 -999 4 -999 -88 -999 45 -60 -999 -57 -999 72 54 -999 -11 -999 -71 -999 -46 -999 -999 -39 -999 48 -999 -999 -999 -999 1 -999 -999 51 -999 -999 16 -999 -31 66 -999 -999
-83 -999 50 -64 -999 -999 95 -24 -999 -999 -78 -999 -999 -75 78 16 15 -999 97 -999 -999 -999 -999 -999 -26 87 72 -999 -999 -999 17 74 -40 -999 -97 -85 56 -999 -999 73 -29 83 -999 69 -999 -8 -29 54 94 -999 -999 77 -999 -55 -999 -999 -999 -999 -999 -999 -999 86 -999 -999 -24 -999 -2 56 -999 -999 -81 88 -999 -999 -999 -999 -999 -88 -999 -48 -7 -999 -999 -999 -999 8 20 -999 -999 -18 -999 -60 -999 -62 -58 24 -999 -999 -999 -999
66 -999 46 -999 -4 -999 -8 -10 -999 -999 -999 -19 -73 -999 92 -999 -22 -999 -999 -999 55 46 -11 -999 24 60 -33 -79 -999 -999 -999 -16 94 -999 -18 -30 -999 45 -999 -999 76 -21 -54 -54 -999 96 -999 59 -999 22 18 -999 13 12 -10 -71 -44 -10 97 26 95 -999 -84 -999 -53 17 -999 54 -999 -999 -999 -999 54 -999 50 -999 -999 -999 34 -86 5 -84 -999 -999 -999 -60 -999 -999 -999 -999 8 -999 -999 32 45 -33 -11 -30 -999 -10
-61 -999 90 -999 -11 -999 -9 -7 64 -999 -999 -999 -999 40 -15 -999 -999 -999 -27 -999 76 -21 -99 -999 -999 26 -999 53 46 58 100 -76 32 -999 -1 90 -15 -999 -8 -999 -36 -999 -999 -87 -49 -999 -56 -999 47 84 -999 -999 -48 -95 -999 -14 -9 96 -98 -999 -999 -25 -999 -46 -23 38 90 -77 -44 -96 2 -79 -999 -9 -43 -999 -999 -93 -999 -999 -4 -999 -999 -54 96 35 -9 -999 -999 74 -999 -999 -999 83 -999 -999 26 -97 29 -91
-999 -999 27 -999 -999 1 85 -999 -999 -999 -999 -999 -98 -999 -999 -999 -999 -999 -999 -999 33 -999 -47 69 -999 -999 41 -999 45 -53 -999 -999 -999 -999 -999 42 48 -999 71 -999 34 -999 -999 34 -999 -24 -999 -20 37 -10 -999 -999 -999 -999 -999 -999 -999 -999 -10 -999 -999 -999 -37 -999 -64 -13 -999 -999 78 -999 -34 -999 82 -999 -22 -999 -48 -32 93 -999 -999 -999 4 -69 -13 -999 79 -999 -999 -999 -999 94 -999 92 -82 -999 14 79 -999 -999
-999 -999 75 -73 -999 -999 -999 -999 -999 -999 -34 -999 -999 37 -999 32 -999 35 -999 -28 49 74 -999 -35 79 79 16 54 76 -999 69 -999 -77 -999 -999 -55 -999 31 -11 -999 -999 -44 -999 -999 -5 93 3 -999 -999 -999 -999 -999 31 -999 -999 -999 -74 -999 -999 10 86 -27 -53 15 64 -999 67 -999 14 -999 -55 98 25 -999 6 -25 -46 -999 -13 -999 36 -999 -999 40 -999 -73 -999 -67 65 -999 -999 -5 -58 -29 -19 57 -27 -999 -999 -999
-96 -999 -54 -999 -999 -999 -999 -92 -95 -999 -999 65 68 -45 34 -62 -13 88 -84 -999 -999 97 -999 -18 -999 -999 -86 20 28 51 75 -6 -32 -48 -999 -999 -999 -64 -999 -72 -999 40 -999 -999 -999 -90 -999 -999 -12 -999 -999 -97 -67 -46 -999 -999 -999 -999 -999 -999 -999 8 -999 -999 75 -999 -999 -999 -999 -999 50 -999 -999 -999 1 -999 53 -53 68 -999 90 -999 88 -25 -999 -49 -49 62 -58 70 -999 92 -74 -95 -4 76 -5 -55 -999 -14
-999 -12 -999 -999 -55 54 -999 -999 -999 18 -999 11 -10 -59 -999 -999 -999 -999 2 -999 -98 -999 -999 62 -96 92 -999 -10 -999 -999 -999 -999 90 92 -13 82 38 -24 -999 -40 -999 5 -999 -75 -43 -69 -999 -77 -21 -81 -999 -42 -999 -40 -999 -999 -999 -999 -999 -47 -999 -999 -999 54 -999 -999 -999 -999 79 -999 -999 28 -999 -6 -999 -999 -999 31 89 -71 82 80 -999 77 -999 -999 -999 73 -999 -44 -999 30 -999 -999 -24 -999 -999 -999 52 -56
-68 -999 -999 -999 -999 -999 30 -999 43 -999 49 -999 -999 86 -78 -8 42 -999 -24 38 -999 58 -999 -26 6 98 -86 -9 -999 81 -88 -999 -87 -999 -999 -999 -45 70 -999 -999 -999 -999 -89 10 -999 -999 47 -999 -999 -999 -999 64 -999 -999 -999 20 4 -39 -999 -999 -999 -999 -999 -90 66 -999 41 -999 67 -999 -999 -2 -34 -84 19 -999 -999 -83 -999 65 -999 -43 -56 -999 -999 -999 94 58 -999 -999 -999 7 -999 -999 60 -999 -14 63 -999 -999
-93 -999 46 -999 -35 -999 17 -999 -999 -69 -999 96 42 -999 94 -22 47 11 -999 -85 -73 -5 96 -88 -999 -999 28 5 -999 87 21 -81 30 -999 -18 -999 -65 -999 -999 -999 -999 -999 75 -7 68 55 -999 -999 19 -69 1 -999 -63 -92 -999 -999 -11 -41 88 -29 -999 -999 -95 -999 -18 -999 -999 -46 -49 -999 9 25 -999 -999 77 -999 -75 -46 -7 -8 -999 -999 -999 -999 -75 -999 -999 9 -999 65 -9 -999 -999 -999 81 31 32 72 100 -999
98 -44 77 -62 -999 -98 -999 49 -999 -999 -999 -90 -95 -999 -999 -999 74 -999 0 30 29 52 55 -22 -999 -999 -999 -86 -999 -999 58 -71 -32 -999 -999 -999 -17 18 13 -999 -999 96 -999 -999 -999 33 -999 -999 37 71 -999 -999 -999 -3 -10 -42 -999 -52 -86 -999 -29 47 -999 48 87 13 -48 32 72 -999 -999 64 -999 -999 -58 -50 -85 46 -46 -999 82 -2 -999 30 -94 -999 -30 -999 -999 -999 -999 -25 35 -88 -999 -999 -27 -3 -999 -999
-999 -999 -17 78 -20 59 15 -999 -999 -999 -999 -999 56 -999 38 -8 -999 -19 -999 88 -999 -93 -43 -999 37 -48 -999 -48 -999 -999 -999 -999 -21 68 97 15 -54 -999 -3 -999 38 -41 -999 66 -999 -999 49 -999 -999 -999 70 -999 -999 83 -6 72 -999 -999 -999 -57 56 -24 -999 -999 -999 60 89 -85 -999 -999 19 98 91 -999 -999 -999 -999 -63 11 -999 -30 -26 -999 -999 -999 -10 58 -57 -94 -12 32 -999 -999 -999 -999 97 -9 49 -999 -999
-68 97 86 -49 38 -999 -999 73 -999 24 -999 83 -999 69 34 -999 -78 -14 96 -999 -48 -999 39 18 -999 -39 -3 -88 -999 -999 -999 -999 78 -37 96 -48 -999 -98 -9 1 89 -999 46 -999 -999 1 -78 -999 49 72 -999 -7 -49 21 65 -35 -999 -20 -81 -999 -999 33 2 -999 -999 -28 37 -999 -999 -18 27 -999 -999 85 -89 80 -43 22 -75 -999 -77 -999 -1 -999 -999 -24 94 93 -999 41 94 -999 -999 -56 -999 -999 -16 -60 96 20
70 -34 -3 -36 -86 -999 -64 -999 -91 -27 -7 -999 -999 -999 -999 100 -2 -67 -80 47 46 97 -39 -999 -999 -4 88 90 -54 -999 80 -999 -999 -44 -55 92 -999 -999 -51 -999 -999 -63 0 6 -999 -95 -999 -999 -97 -999 -999 21 -27 -27 -999 -53 -10 -999 -999 -999 30 86 -999 -999 -97 -6 -999 -999 -999 -70 -999 -999 20 -999 -93 36 -999 14 -59 87 13 -999 -999 -99 -999 -999 64 14 65 -999 -999 67 9 32 -1 -999 -999 -5 54 -999
-62 -999 -999 -999 82 -999 -17 81 -999 82 80 -999 -22 -999 -999 34 -999 4 91 -59 44 18 -33 -81 -999 -999 -71 92 -999 49 -19 -999 -21 -96 -999 -999 -81 1 -999 -999 -999 -999 14 -999 -54 -999 -34 21 -999 -999 26 -100 -18 -36 -999 -999 -999 -999 -999 -999 -999 -11 -34 -60 -999 -10 32 -999 -999 -999 -999 -999 -999 -70 -31 -999 -18 -999 50 -999 92 -40 -999 45 -999 -999 -67 -999 -37 26 -999 -999 -999 -999 -999 -96 -999 -999 -999 -999
-999 -999 -999 44 -67 82 -8 -999 -999 -999 -999 -999 24 12 -999 74 99 -999 39 -73 -999 -999 -999 -999 -999 51 -999 -999 -999 6 -999 -999 11 -999 -999 84 32 96 -84 -1 -999 -999 88 -999 -999 36 -999 53 -999 96 23 -20 -27 4 -999 -999 -999 -999 -999 14 -999 -999 -999 68 -999 -78 -999 -97 74 -999 -999 -999 -999 -999 -999 -61 -999 79 -999 -999 -999 99 -999 -999 -999 79 -999 -999 -999 44 -999 -999 -999 -999 -999 -999 62 -999 -999 -999
-999 -87 -999 -999 -53 -999 -59 -90 -999 72 -999 -999 47 21 -999 -999 -999 -95 -999 -17 -999 62 70 -999 -999 -999 -999 -999 -16 -999 -999 -22 28 -999 -999 -999 50 -999 56 -999 19 -999 -999 -47 36 -999 -999 -999 48 -999 -19 -999 -999 -999 81 -999 -48 -999 -50 -999 -999 -999 -999 -99 -999 -999 -999 35 83 -99 -14 -83 52 -999 -999 -999 -999 14 22 -3 69 70 54 -999 -16 -999 -1 -999 -24 -999 -65 -999 -27 -24 -999 -999 -21 14 12 -999
63 29 -10 -999 -999 -90 -66 -999 -999 -999 -75 26 -38 -999 -999 -999 -999 -999 -29 -999 -98 -999 -65 -999 -999 -999 24 -999 -999 68 49 -999 -999 -999 -999 -999 58 96 -999 41 73 13 -999 1 31 74 -999 -999 -78 -999 -999 -999 -999 71 -999 62 -74 -999 -999 -999 -999 -999 -999 0 -999 -999 -999 90 41 -999 -999 98 53 -33 -999 -999 -999 13 -999 -999 44 -999 -999 -24 -999 -72 -2 -999 -93 -36 -999 -40 51 -42 -999 -999 -53 -46 -11 -2
-999 10 60 -999 -86 5 23 -51 -55 53 -85 -999 26 -999 -999 -97 -999 -27 -999 -999 -999 -9 -92 -999 -13 66 -999 78 -999 -999 -57 -999 32 -999 -999 -999 -999 75 -999 71 -999 -999 33 5 -999 41 -999 -58 -62 -27 -999 -999 -999 -999 -999 68 10 -89 -999 -999 45 -21 -79 -999 -9 25 -999 -999 57 -999 -999 29 -43 -6 -999 8 -999 45 57 -999 -57 18 33 -15 -13 -38 -69 -999 -47 -999 -68 13 -999 11 53 -66 24 -7 52 -999
-999 -28 -999 -999 -5 -30 -999 -9 -999 56 -999 -999 -999 95 83 -4 40 -999 -8 -84 -999 -999 90 -999 -48 -999 -999 -999 -24 -999 -999 -999 -999 -999 -999 -999 -999 -19 -20 -999 50 76 -83 -999 -999 -999 -999 -999 -999 4 -60 1 53 -999 -999 -999 -999 -78 54 -999 74 -91 73 -47 32 -999 -89 -68 -999 -999 46 -999 40 56 -999 -999 -999 -999 7 30 -999 -90 52 -28 -71 -999 -999 -999 -999 -60 -79 -999 -999 -999 -17 -16 -999 -999 -999 -999
-96 -999 -999 -999 -999 -999 -999 -999 -73 -999 -999 12 -999 19 -999 -999 -999 -42 -999 -999 -999 -999 -999 -71 -999 -999 -999 -15 -999 -999 -999 -999 -33 -999 -999 -999 -999 66 -999 21 -999 -76 29 -999 -94 -999 -999 5 -999 -38 -97 -999 81 -999 97 -57 -999 -999 -999 17 -91 -999 20 45 -999 -999 -85 -20 27 98 -999 -999 54 -45 -17 -999 -999 55 -999 -999 -999 11 -999 38 -999 -66 -999 28 -81 -999 -999 -78 -999 -45 -999 22 -47 -58 -999 -41
34 -999 -96 -999 -64 -999 -78 -999 -999 -84 -999 -999 -999 38 84 -999 -8 -26 -91 -999 -999 -41 -67 56 -96 -34 -999 -999 -999 100 64 -999 -3 -999 28 -999 -75 -999 -1 11 -999 -999 46 -999 -999 -20 -999 -72 -6 -999 -76 -999 -999 92 -999 -999 -999 -999 -41 -53 -100 -999 -999 -92 -999 -999 -36 49 -41 -999 -64 89 -999 -86 -82 -40 87 1 -999 67 -999 -89 -999 -999 48 74 -999 87 -37 -999 61 -79 -82 -999 -999 49 -39 40 -14 -999
1 -999 -999 -23 -96 -39 78 85 -999 -999 -999 -27 -79 -999 -86 -36 -999 -999 -999 -999 -999 -30 -999 -999 -999 17 -999 -15 -999 64 39 -999 5 -999 55 -49 -999 -999 70 -7 -86 58 -19 -80 -999 -999 -77 -999 24 89 -999 -999 -20 -999 25 93 -999 -65 45 29 -999 -999 46 -77 -58 -999 -999 -999 25 -999 -999 -999 -999 -64 -999 -999 -999 -999 -26 -999 -999 94 -999 -36 -999 -999 -999 -999 74 -999 -9 -999 -999 55 27 -999 -26 3 -999 -999
-999 -999 -999 -999 -999 70 -999 64 -999 -38 -72 -999 -99 23 -999 -999 -999 -999 -999 -82 46 -52 -66 -999 -999 -69 -999 -999 -999 -999 -999 -999 84 -999 -16 -999 -24 -26 -62 -16 -999 -999 -999 -999 -999 -999 90 -38 15 -999 -70 40 -999 -74 -999 -82 -999 -999 99 42 -999 -999 -999 40 62 -999 -81 75 -999 47 -77 -999 -999 -999 -999 -57 -999 -999 -999 86 23 6 -72 -999 -45 -999 -999 -999 -5 85 30 -81 -56 -999 -999 -65 -999 -999 -84 -999
-999 -43 -999 -999 -999 83 64 -999 0 -59 -49 -999 53 -999 -44 -999 -64 61 -90 -999 -999 -999 -999 -16 61 -46 -999 -999 -999 -999 -999 -48 -999 15 -999 -999 -999 -999 -91 -999 -50 -44 21 -10 -94 -999 -999 -999 -999 -50 95 -999 -999 39 4 -999 87 -999 90 -999 -999 -999 -999 -999 -999 -999 13 -999 -80 50 -77 -999 -999 -999 -53 -999 23 -999 -999 -999 19 -999 75 44 -999 -999 46 -999 60 -999 -66 -85 -49 -999 -999 16 -999 -999 -999 -999
-999 78 -999 -999 -74 -999 88 -999 6 -45 -999 -999 -999 19 -999 11 -999 -24 -999 -60 -42 -999 72 -76 -999 13 -83 50 -999 -999 -999 -999 -89 -11 -999 -79 -999 -999 -70 -9 -26 -999 23 -999 -999 5 98 56 -999 -17 -999 -41 29 -999 -94 11 -5 -58 53 93 -999 -999 -999 -999 -999 -999 -73 -999 -999 20 -59 -999 89 -999 -72 -999 -999 -61 -999 -38 -999 -999 -45 -94 -42 -999 64 74 -999 -37 -999 -999 -18 -999 -999 -999 -999 93 -999 -999
5 39 -999 -999 34 -999 -62 -37 -59 -999 -68 -999 92 -44 25 -999 10 -999 -999 -20 -76 -999 -999 -999 -57 -999 -999 -999 26 -999 -56 48 93 -29 -999 -999 -999 -999 -999 -999 -999 -90 -999 13 -14 -999 -999 51 -999 21 -67 78 -999 -999 -999 47 24 -999 -72 -999 -999 -22 -999 5 -23 -999 -999 -999 67 -999 -92 -40 83 -54 45 -999 -999 28 -999 -40 73 -999 -31 -999 -999 68 -999 -999 -999 -23 -999 -999 -86 78 -999 -999 -999 60 -999 57
-999 19 -999 -999 -999 11 -999 -999 -999 -999 88 -999 -999 97 -999 39 88 -999 -11 -95 -62 10 -999 72 -86 -999 -46 -57 -999 -999 -86 -999 28 15 -999 -999 -999 -999 -999 -42 -999 -999 -13 -999 -999 46 -999 55 -999 97 34 -999 -64 -63 -999 -999 -999 20 43 -999 -999 -999 -999 -999 -6 -999 -999 -999 -999 -999 17 -35 -999 -999 -54 -999 -999 -999 -999 -999 15 -999 -999 2 -999 -999 93 -999 -999 -69 69 -999 -999 -999 -999 -999 -999 -69 -999 -999
-999 -999 -999 -999 -999 -999 -75 64 -82 -44 13 -999 -60 -999 63 -999 -51 -77 -999 -72 -999 -999 -21 -999 -5 -1 -999 -999 67 -999 -23 -999 72 28 -85 31 -999 49 -999 -999 78 -999 98 -999 -999 71 64 -999 -999 -24 -999 -999 74 -999 -999 -25 33 -72 -66 37 -999 -35 -999 89 55 -999 -999 -999 -999 -999 -999 78 -999 14 -999 -999 -999 96 -999 -999 -999 -999 -999 -999 -999 -999 -999 -999 44 22 -999 -999 -100 -2 -999 -999 -64 -999 39 -999
-999 -999 -999 -999 -999 -999 -99 -47 -93 -11 -63 -999 -999 -999 -58 -6 -999 -14 9 -999 -999 -999 -999 -999 -999 -34 -42 -77 36 26 -71 -999 -999 -91 -999 -35 -59 -999 69 14 -999 -999 -999 -62 43 -999 10 13 -999 18 -999 15 -51 -999 -999 -999 -999 -999 98 74 -999 -999 -999 -999 2 -27 70 -10 -999 -71 -999 -87 -999 -38 14 57 -36 -3 -46 54 -999 -999 -45 -999 63 -999 -999 94 -48 -95 -46 53 -999 -34 -999 -999 -999 -89 18 -999
-88 95 -14 38 -999 47 -999 -40 58 -999 -999 43 -23 -999 -999 16 91 -5 36 -100 -36 -999 -999 -76 35 -89 -999 -999 -15 -4 14 -5 -999 62 43 -999 98 93 -999 -79 -22 -999 -999 -76 83 -999 95 -999 -999 34 -999 33 -27 -999 -999 -81 -999 -11 -37 -999 33 -999 -81 -999 -43 -21 -999 22 -67 -999 -5 4 -1 -87 -68 53 -75 -999 -999 -999 -999 -999 -89 3 -999 -999 -18 -999 -999 -57 -47 12 -999 -55 55 -999 -70 -999 90 -999
-999 -999 83 50 40 69 -999 -999 -999 36 62 -999 55 -999 -90 65 -20 -26 -999 -63 20 -999 -7 -33 -999 -24 56 -999 -999 82 -999 -999 85 -999 -999 -999 -69 -999 -999 -999 -56 -999 -999 -999 98 -999 69 -999 12 -80 -999 -999 -999 -45 16 -999 -999 -999 -55 -999 -999 -999 -999 -999 -999 -999 -999 27 -999 -79 -999 -999 72 -999 -999 -999 -13 -999 -999 32 -999 17 -999 -999 -999 64 30 -999 67 -999 -999 -999 -65 -999 -999 3 -76 7 -999 -999
-31 28 92 17 -999 46 -999 76 -999 -999 74 13 -999 -61 -54 65 51 57 14 -11 -999 -999 63 -999 -999 33 -999 -999 -999 -999 -18 -999 -999 95 -999 -14 -9 -999 74 -99 -29 -999 -65 -999 -999 -999 11 -66 -999 -69 -42 -999 -999 -999 -999 -999 -999 11 -999 -999 -999 -77 81 -999 -999 51 -6 -999 -93 -999 -98 68 -999 -999 -999 46 29 -999 -999 72 -17 -62 -999 4 10 -88 -999 -80 89 -74 -999 -999 -999 -61 35 -999 74 -999 -50 -999
-999 8 -999 -68 -999 76 -11 -82 -999 -999 98 84 -999 -100 -78 -90 90 -999 -999 19 -999 -999 -999 56 -999 30 -999 16 -999 15 -999 -3 -20 -25 100 66 60 -999 -999 -99 -999 -999 -3 39 -999 -999 -999 -999 -84 -31 -49 -38 -999 -999 -999 -999 -84 -999 -999 -999 10 -999 24 31 -999 -999 -45 -999 -999 -999 49 -999 64 75 -99 -999 -51 -999 -60 -74 81 -999 -999 -41 -999 -14 -53 -96 -999 -69 -999 -59 43 17 -999 63 -999 -999 -999 -76
-35 20 40 59 -999 -999 -999 100 -27 16 -49 80 77 61 -999 -999 -100 -999 31 -999 -999 -999 -999 -99 42 11 -15 -21 -999 -999 -999 -9 45 21 -999 -999 -999 -999 -999 -999 -50 8 -999 70 16 -25 -20 -999 85 -999 -999 -75 37 -999 -999 -999 62 -90 -63 83 -999 -999 50 -93 -999 72 -999 85 -999 -999 24 4 -19 84 -71 -32 -90 -999 35 -9 -17 11 -999 -63 -999 36 -77 -999 -999 -999 82 -999 -999 3 -85 -999 -999 -999 40 -999
-75 -999 -999 -999 -999 -39 -999 -14 -42 -999 89 81 -999 5 -78 -34 -999 -999 -999 -999 -999 -999 -999 60 -12 -999 -88 -999 48 64 -21 -999 -999 -999 -999 -999 -999 -999 79 -999 -65 -999 -9 -49 -44 24 -999 -999 -42 -30 -91 46 6 67 90 -81 -999 -999 77 -49 64 7 -95 -999 -999 -999 11 -999 72 -999 -999 -999 -8 -999 -999 -94 84 -999 68 -999 -999 -999 -29 51 -97 -999 -25 -75 -999 37 70 -29 -999 -999 35 -999 41 -999 -999 -63
-39 -999 38 -999 -999 39 -25 16 -67 -999 -999 -19 29 15 64 16 -999 16 89 -999 -999 -55 -999 -999 -90 -90 -999 71 -999 -999 -999 -22 -19 65 -22 82 -999 -999 -999 -999 5 -999 -96 -999 -999 -999 -999 -999 -65 95 -999 -999 -999 -7 -9 -999 92 -71 -2 -999 -62 -999 -999 -999 -75 -999 -999 -999 -14 -50 -61 58 83 56 -999 55 -999 -999 -999 -999 -999 -999 -999 -999 -999 -999 -60 3 -999 59 45 -79 -999 -34 -9 87 -999 -91 -8 -999
-999 45 -999 68 65 -999 -999 37 -999 -999 -5 -49 -999 -67 30 -999 -13 -66 61 -999 -50 -42 -58 -999 -999 -36 -999 -999 64 -999 -999 -999 69 -4 -999 86 -999 -999 -7 -62 -88 -999 -82 -15 13 35 9 99 -78 -999 -999 -999 -19 36 -999 4 -999 -100 -21 -999 -999 44 -4 -13 74 -999 50 -999 -18 -999 58 -999 -999 -999 -999 -8 -999 -999 83 42 60 -32 -85 48 -999 -999 -999 -999 61 85 59 -999 5 37 -999 -999 68 -999 -999 -999
-999 -999 98 2 41 -85 -26 -999 61 -999 -100 -999 -999 -999 -999 -999 -10 48 -12 -61 -999 -999 -1 -999 -83 -999 19 -79 -999 12 -999 -999 12 46 74 -999 -999 -16 14 16 -4 -999 -999 50 -999 26 -999 -999 -48 -999 -92 61 -92 -52 -999 -27 -6 99 -85 -999 18 33 91 -999 -999 -999 -999 -999 -13 -999 -999 -999 0 -999 -41 -999 24 -999 -999 -999 -999 90 9 -999 80 -999 -86 -999 -999 71 -999 46 95 -999 -999 69 -67 16 -999 70
-999 -5 -25 -999 44 -30 -999 -999 -5 -999 -46 -999 -87 -999 -999 4 -999 61 2 -999 -999 -11 -999 -999 -999 -999 -999 91 -999 3 0 -999 -999 -53 -100 -999 -999 -999 -999 -76 -32 -93 -33 63 43 73 95 -9 -93 -26 -999 -999 94 -999 -47 45 -999 -52 35 -47 -999 -999 74 -52 98 -3 -999 -999 -999 -999 -999 -999 -999 -999 9 -999 -999 -70 -999 23 -33 -999 -7 81 31 4 -999 -12 -63 -43 -999 -999 -75 -999 -45 -83 26 -999 -999 -999
-999 -999 49 20 -999 -999 -78 -29 -1 -999 -999 -999 65 -71 -999 26 -27 -999 -999 -999 -999 -999 -48 -999 -10 -999 26 -999 -999 -28 -31 -999 -999 -999 -24 0 -999 72 -999 -999 -999 19 -999 -9 -999 -999 100 -999 -999 36 -64 36 -999 98 93 -999 99 -75 -999 -999 35 -999 -999 68 -53 64 88 -999 -58 -62 -999 -999 -999 -48 -999 -999 -999 -53 -999 -68 -3 -999 -999 -999 34 -999 -999 -92 -999 -38 -49 -999 43 -44 99 45 -999 -999 -999 -999
-999 -999 96 27 -78 100 -76 -999 -999 13 -74 -999 -70 -999 -999 -999 37 22 92 -999 -999 -999 -999 -29 -999 -95 48 -17 -999 -999 -999 -999 -80 -999 -51 -999 -20 31 56 -42 -999 -999 34 68 20 -999 13 -999 36 3 -999 90 35 -999 -66 -999 -999 -999 97 -999 -999 -999 35 -999 -999 -999 -999 -49 -999 -75 -999 -55 45 -5 75 -999 -999 -87 -999 90 61 -66 30 79 -999 -999 39 -999 -999 32 -91 21 -83 -999 -999 -25 -999 -999 -999 72
-999 -999 -65 -56 -999 -40 47 15 -81 96 -4 -9 -999 -999 -66 -999 -60 -999 -90 27 -77 -999 51 -999 -999 -999 -69 -999 -82 -100 31 -999 50 -89 -17 -82 55 16 92 38 76 -33 30 23 -999 -999 -999 97 -35 -999 5 -999 -33 -44 -999 82 -999 -62 -999 -999 -999 49 -999 -999 39 99 -90 91 26 -999 -64 42 -98 -999 19 -999 -999 -46 -999 -71 17 -69 -54 88 57 -999 -999 -99 -999 -999 -999 -999 -999 -47 -999 -999 -999 34 -999 79
-88 -999 -999 -999 -81 -999 -999 -999 -999 22 -999 -999 -999 -999 -11 -89 -999 -37 -22 -27 -999 71 78 44 -999 -21 -999 -78 -94 -999 -999 -999 -999 -999 -89 -80 47 66 -70 -999 -36 -999 -999 -48 3 -999 -999 -999 -999 -61 -999 -81 -84 52 -999 -999 -999 -999 -999 -99 -32 -22 -22 56 16 -999 56 -999 -999 -999 -999 2 33 -72 -999 -999 -999 67 22 -999 -999 -999 -999 -20 -999 -51 -999 -9 -999 -999 12 38 -999 -42 43 74 77 89 -20 -29
-95 -999 -999 -999 -999 -31 -9 -90 -999 -999 -999 -15 -999 -66 -999 -999 -999 -999 -999 -5 -45 -999 -999 98 -68 -61 -93 -67 -97 37 -999 -999 52 -41 -999 48 11 -27 -999 -999 -15 74 -999 45 49 -999 -999 -999 -999 -999 -999 -999 64 -999 -999 -88 1 -46 -999 -999 -999 -999 -999 -999 -999 42 -7 -3 75 -999 -69 67 -999 78 -999 -999 -32 -80 46 -999 -999 68 94 -80 -93 -86 -999 81 -999 29 59 -999 -999 -999 -999 -999 -92 37 76 100
-999 -33 -999 -999 -999 -999 2 -999 -999 -999 9 -5 -999 -66 -999 -999 -999 -999 89 56 -999 -48 -999 37 -10 -999 -15 23 -37 -23 62 -999 -999 43 -66 7 -999 -999 -999 -999 90 -58 -999 -999 -999 57 -999 -999 -999 -54 -999 50 -99 -69 -999 -40 -82 83 -999 -999 -999 83 -999 51 -999 88 -39 -75 85 -999 -40 96 -999 -999 -77 -26 76 -999 24 -999 -999 -999 -999 -999 80 -999 -999 -999 -999 -95 -98 -999 -999 -999 -36 31 -7 -29 -85 -39
-999 43 -95 13 -999 70 96 51 -999 -999 -44 18 -57 -999 -83 -999 -29 -999 39 -63 -98 -999 89 20 -999 -999 -97 -999 -12 -95 -14 -97 36 -999 -31 -53 -999 -77 68 -999 -999 14 63 -999 5 -999 -999 -999 -999 59 -999 20 -85 35 -88 7 23 -999 -999 -6 91 -999 -999 -30 -999 97 -999 72 -999 -53 -66 -999 -47 49 -999 -5 -76 -999 -999 -999 5 -32 39 -999 -999 88 -999 -999 99 -53 -999 -999 6 -999 -26 90 -7 6 -1 -999
-999 -5 -63 -999 -999 -999 -999 -999 -5 80 -999 12 -999 -29 -999 -73 -999 2 -999 -999 -999 -72 -69 84 58 -999 -9 31 94 -999 66 -999 -46 -91 -999 14 11 31 -31 4 -999 -999 -999 60 33 38 -999 -999 -999 22 21 -56 -999 -65 17 73 -999 -999 99 56 -999 -999 -38 -999 -999 -28 94 -999 -10 -999 -999 -999 -999 -999 -999 8 -999 -999 -82 -48 -999 37 -999 -999 -999 -999 76 -999 -999 -999 46 -999 82 -999 97 -999 -999 -999 -90 0
