100 100
0 56 -46 -70 -70 -999 -999 -999 -999 -999 -999 -999 -999 -999 -5 -999 -999 9 -999 52 -999 -999 -999 -63 -999 51 22 -999 -999 -999 -999 -999 94 36 -63 -999 -999 -999 -999 -54 -999 47 17 69 -81 -999 -47 -999 -999 -999 -13 -999 -72 -999 -999 6 -89 -999 -999 88 -999 -10 -66 4 -999 70 11 -999 -33 -999 -999 35 -999 -54 -96 -999 67 -999 -70 -999 -11 -999 -76 61 -999 -999 -999 -999 -999 -4 -999 43 -999 44 -999 -999 -999 -75 57 -999
-57 -999 46 -82 -999 -999 -999 -999 -999 -999 33 -999 -999 -999 38 -999 -999 47 63 89 -999 -999 -82 -999 60 -999 -999 -999 8 -999 -95 74 64 32 -20 -999 -999 -999 -999 -999 7 -999 65 70 22 -999 -999 -999 -999 -999 -60 31 84 -999 -999 -999 14 -999 -41 -999 -999 -999 -999 -999 -9 -999 -999 -999 -999 -999 61 -66 -999 -999 73 -999 -999 8 -60 73 -999 52 -999 2 81 67 -999 -999 -999 -999 -9 -999 -999 66 -999 -999 -60 -77 -999 -999
-999 -999 -999 56 -999 52 57 -74 -999 -55 -5 44 -999 -999 -999 -999 -20 0 -999 -46 -999 -999 33 -999 45 -999 73 -999 -999 -999 -999 -51 -999 -999 -999 -999 -999 -999 -68 55 -999 -999 0 -999 -999 -71 31 -81 -999 -999 -999 -999 -90 -999 -999 -999 -54 -26 -999 49 71 -999 40 -999 -999 28 92 -999 -49 -25 -999 -25 -999 60 -42 -999 -999 -999 -4 -999 -999 -29 -3 -100 -999 -36 -999 -81 -999 -999 -100 -999 -95 -16 -999 10 -999 -999 -22 -999
-999 -999 -999 46 -61 83 48 89 -25 -999 -999 48 40 55 -999 -999 -999 -72 49 -999 -999 -999 76 -999 58 -999 -999 -999 -999 84 -9 -44 -999 -999 -999 -10 -34 -75 -999 -999 -999 -999 -999 90 -999 -69 -999 6 55 -19 -999 -999 -999 -999 -20 -999 -11 -999 -79 -999 -999 -999 -33 16 -999 -999 57 -98 -999 -999 -89 37 -60 -999 37 63 -999 -999 87 -999 0 93 -999 35 -44 -999 -999 -999 47 92 -999 -19 -999 -92 -32 56 -999 -999 -999 -999
28 -999 -55 54 -999 -999 -999 72 -999 -999 -999 -999 -999 73 -999 -32 -999 -999 -999 -999 -64 -999 -999 -999 11 -999 -999 32 -999 -92 8 -999 11 -999 -51 -62 -999 -999 -52 -999 -60 -58 -999 95 -80 -94 -999 -999 -999 -75 4 -999 -43 -999 -999 -999 -999 -999 87 48 -999 -34 75 -93 -999 -999 -62 -999 -999 -999 -999 -66 32 -999 -999 73 -999 -999 58 -29 -999 -71 -999 -29 33 -999 -999 -999 -999 -999 -999 -33 36 79 -53 -999 -55 80 95 -999
-999 82 -999 -33 -68 -999 -59 -9 34 21 -999 -999 -999 -999 -999 -999 -13 35 71 17 -999 -44 53 -999 -999 -999 -999 76 -17 22 -999 -999 -999 -999 -15 -999 -66 73 -999 30 -999 62 -999 -999 -12 33 -999 -999 -62 4 -53 -999 41 -5 6 98 1 -999 -999 -59 72 -53 -60 -43 -34 -61 -44 74 70 -999 -999 -68 -999 25 -76 -999 -999 39 57 57 -999 61 -50 -999 -999 -42 9 -999 -999 -999 69 -999 -999 -999 34 47 -49 -69 -999 90
-67 -85 -999 -999 -73 -999 -999 5 96 -999 -90 32 -999 -999 -999 -999 75 -999 4 -999 -999 -53 -999 31 -29 62 -999 -999 -51 -999 -77 39 -27 -64 -94 -999 -60 -999 100 32 85 34 -41 -999 -999 -78 -999 56 -999 65 -999 -999 -75 67 -999 80 -999 -36 -56 -999 -999 -27 -42 78 56 -999 0 -999 -999 -999 -999 32 -55 -999 -999 95 10 -999 -55 -999 -999 -999 -999 -999 -50 -88 -999 -45 -999 -999 -999 -999 -999 26 30 -999 -999 -90 -999 -999
-83 -999 -999 -999 9 40 75 -999 -999 14 -999 -45 -999 -999 -999 -999 -999 -999 -72 -55 -999 40 43 -999 -999 -999 -999 -70 -999 18 -74 -999 95 72 -999 51 -999 -21 -999 -999 83 -20 -999 -999 -999 -999 -999 -999 -98 -44 -38 -999 -999 89 -999 -999 34 -35 -999 -999 -90 85 -36 47 42 -999 70 -999 88 -999 -28 -999 85 -71 59 -999 -60 -999 -58 -999 -999 45 -999 70 -47 -78 -999 88 -999 -999 -999 23 26 -999 -999 -999 -94 -999 -999 -999
-73 -999 95 -999 -92 -77 54 -999 48 -999 54 -999 17 -999 -28 -24 40 -999 -999 41 25 -81 -999 -999 -999 -999 39 80 -999 -999 18 -999 -86 -1 -999 -39 52 -27 -14 -999 -999 -88 -12 -999 -64 -81 -999 6 -999 -999 -94 -32 -999 74 -39 -999 9 -999 -999 11 -77 60 -999 95 -999 -999 -999 -999 32 10 -999 -999 -999 -999 -65 -13 -999 -999 -63 -999 -999 -17 -37 11 -999 -999 -999 29 -44 -45 -70 -10 -999 86 -1 -999 -999 -55 -68 -999
-999 4 -999 1 -999 49 -999 -91 -35 -999 -999 -999 44 -999 -93 -999 -999 -999 -999 -19 16 -92 -1 26 -999 -999 -18 87 -999 -48 -13 62 -999 68 88 61 -999 -6 -24 -999 2 -999 -16 -999 -39 10 -999 -999 50 -999 -98 51 -999 -2 -34 -999 2 -75 -999 -82 -999 -87 9 -99 99 -999 -999 -999 -999 -999 -999 -999 -999 80 93 -999 -999 -73 58 60 -71 -999 -999 77 -13 -999 -999 -999 8 65 -14 -999 -36 50 -29 -50 -93 -999 -999 -61
-999 -91 87 -999 -999 -43 -38 -999 -999 -999 -38 -65 -999 -999 -999 96 -999 44 -57 -999 -999 -999 -999 64 -999 76 -48 -999 70 -999 -4 -62 -999 -12 -999 70 -52 -999 -999 -999 -999 72 -25 81 -999 -34 -999 -999 79 -6 26 -57 -90 -999 83 86 -999 -78 -78 66 -999 0 67 -78 -999 26 -999 -999 -999 -53 -999 -999 -999 5 -60 -94 -999 -93 -999 -24 -999 70 51 -39 -44 -999 -56 70 -999 -44 -999 -999 -42 -96 -999 -999 92 25 -999 -999
73 -47 -999 -999 -999 -999 -67 -64 78 -999 -62 60 68 -999 -999 -999 -999 -999 -999 -999 -999 -43 -999 92 -999 -999 25 -999 84 -999 -999 -85 -999 -999 -999 -999 -57 -999 -71 -999 99 -38 -999 -999 -999 92 -999 -3 -999 -999 -81 -42 -999 -999 -999 40 -53 -999 -999 -999 -39 9 95 -999 -15 -999 -999 -3 61 59 -999 -27 -999 -999 90 -999 -999 -999 -8 -48 -999 43 -999 -26 -999 -999 -999 30 -999 49 3 -6 -84 -999 -32 -999 -999 -999 -999 -999
41 -999 -999 -999 -999 -13 -999 -49 72 11 -999 0 -999 -999 -80 -999 -92 -94 33 -999 79 56 -999 -19 2 18 -999 -999 -999 6 -94 81 43 31 -13 33 39 3 -90 -999 96 -999 -82 -91 46 -999 83 -999 -999 -999 -999 -999 -999 -40 -13 -999 -11 -77 -999 54 -999 -999 -999 -999 -58 -999 -999 -999 -999 -999 -90 -77 -999 34 51 -999 82 -999 -999 -999 -999 83 -999 -999 15 53 -47 -999 -999 -46 -999 3 -999 -999 85 -30 -99 -999 21 49
-999 -91 -999 -999 -999 -67 -21 -999 -999 51 82 21 66 24 -39 39 -10 -999 38 13 -89 -999 -999 -999 -999 -999 -999 69 -48 -999 -999 87 -8 -83 -89 87 -999 -11 -999 -79 -999 84 -999 -8 -11 -999 -999 -999 -39 20 -999 60 -999 -999 81 -80 -999 24 -999 -999 25 -999 -999 71 -999 -999 20 -999 29 -999 11 23 -999 36 -999 -999 28 -20 -999 4 -999 -8 -999 -999 -66 86 -41 -2 -999 -999 -999 -999 -999 -55 64 -999 90 66 -999 57
-999 -27 -999 -999 -999 -100 -999 -999 -999 -999 -999 -999 -999 -999 -98 -28 -23 -999 -999 -59 -999 -37 97 -999 -999 -999 -999 -999 -999 -999 28 -999 44 31 58 -999 -999 4 -999 -999 56 -98 -999 -999 1 -42 -999 -64 -999 -999 -83 -999 -86 -999 -999 -6 -65 -26 -93 -999 -999 -9 -999 5 -999 -999 -42 -999 -999 -999 -999 -999 -999 99 -999 22 -999 -999 37 39 -999 -999 17 -999 -73 -999 -999 1 -999 5 100 -79 -8 -4 -999 -56 -18 8 -94 27
-90 -6 49 -84 -999 -999 77 -999 82 -70 -999 -999 61 -73 -999 -66 -82 -999 62 -999 -4 33 -999 -999 -23 52 -999 74 -999 -999 -999 87 -999 -999 -98 11 66 -21 -999 -999 -999 -20 -999 -999 -999 -999 -999 -999 -67 56 12 92 -98 -30 -999 -999 -999 34 -999 -999 -99 -999 -999 -999 -66 -999 70 48 -999 38 -999 -999 -80 69 -999 -999 -999 -999 -999 -999 50 -999 -999 56 -15 53 73 -999 56 -999 -14 83 -999 -75 -999 -999 -999 53 -999 -999
-999 -100 48 0 -67 96 -999 88 -37 53 -84 -999 -999 7 40 -34 -999 78 -999 -999 1 22 -999 -66 -58 -999 -999 -79 -999 -999 -999 -999 -69 39 -999 -99 -94 -999 -999 -999 74 17 -999 38 -999 -91 11 -999 -66 -999 -4 -999 -999 -999 -999 74 94 -999 -999 -999 -999 -999 -5 -999 -83 -999 -999 100 -999 50 -24 -999 8 -999 -999 -999 6 -999 -999 41 -80 -99 28 87 35 21 -87 -999 -999 -999 -999 -999 -74 19 -24 77 -999 -999 -999 -999
-999 -999 -999 -999 36 -29 -999 -82 -48 79 86 -999 -68 -999 -999 -16 -999 -999 -999 -999 -999 -88 -9 -41 -999 -61 58 -999 -97 -999 42 -999 -78 -79 -92 14 -999 88 -999 -999 -999 -999 -32 -999 31 -999 0 -999 -9 -999 -999 -999 -999 -23 19 -999 -999 -27 -999 -999 -999 -71 -999 -999 -999 -999 -87 29 74 -999 -59 86 -999 -24 19 -999 -999 41 49 77 57 -25 -20 -24 52 -999 66 -999 -999 -999 -33 -999 -999 48 54 -76 2 19 100 -999
-999 59 11 53 -33 -999 -999 -999 -82 -999 -47 10 -999 3 -59 -10 -19 -57 -999 -92 -999 -999 -999 -26 -999 -5 -8 -999 -999 -999 -9 -7 -32 85 -999 -999 37 46 45 -999 -999 -999 -999 -999 -999 -42 -999 -999 -999 -999 -999 -999 35 -999 -999 -96 51 70 29 -999 71 -999 -999 -999 -999 -11 -64 -999 -999 -80 -999 -999 -14 91 -25 -999 -999 -999 30 -999 -88 -72 -999 -999 -999 -999 -999 -13 -999 12 -75 -999 -42 100 -999 71 -7 -999 -999 65
59 -78 -999 -999 56 -999 89 -999 -37 -999 -999 -999 96 81 -999 -20 -999 34 -999 -999 99 27 -94 -999 -88 -999 -999 95 -999 -999 -71 -999 -999 -999 -999 -68 41 -999 -999 29 47 -999 34 -999 10 -29 -999 -999 -999 39 -21 -33 -999 -999 -999 -47 -27 -999 -999 -999 9 -999 -40 -999 -999 -999 -999 -999 -999 68 -68 -999 -999 61 -999 -80 -80 -999 -95 -999 -59 -999 -999 -73 32 -62 2 86 -44 -999 -999 -999 -999 -999 -999 -999 -999 -73 21 20
12 -999 -61 -999 -999 -39 -999 -999 -72 95 -42 77 12 -64 -77 -999 -999 -999 -37 -79 -58 -36 -999 -98 30 -999 -74 -999 -999 -5 -999 -999 -48 82 -999 -999 -9 16 -999 -999 -999 41 -88 67 -999 -999 -999 -66 -70 -999 30 -999 -999 15 -999 -999 -36 -999 -999 44 -73 -999 -999 -999 21 48 -999 -999 -999 -49 27 -999 -60 18 5 -999 -999 -999 -999 -999 -999 -999 87 -999 34 -8 -999 25 -999 22 -17 4 35 -999 -96 -20 -24 6 98 10
-86 11 -999 -999 67 -999 -1 7 -999 66 12 20 57 -62 -999 -999 -999 -999 85 -999 -999 -999 -999 -999 -999 -999 -999 -999 -999 -999 -999 -999 35 -999 -999 0 -999 -999 -999 55 -999 -999 63 -999 47 -999 -999 -999 -999 -91 -999 30 20 -999 -999 -999 -999 -999 -999 -999 56 -999 89 -999 -999 -55 100 75 -999 -74 65 -12 -999 50 19 54 51 -999 -999 -999 -999 39 -9 42 64 -999 -999 -94 -999 -999 -999 -64 -10 -999 9 -55 -999 10 81 -999
1 -999 71 -87 -999 84 -12 -999 -48 -999 -15 -61 -999 13 85 -999 -999 89 -20 -999 -999 -78 81 -35 -999 -999 70 -999 45 -999 -999 40 39 -999 81 69 -999 -92 -50 -999 19 -999 83 -999 -999 -17 -999 -999 22 97 -43 -999 -999 -62 -999 -97 -999 -999 4 -999 -999 -49 -999 -999 57 91 11 -999 -999 -999 -41 -999 91 89 29 -37 -999 -999 52 -999 -999 11 -999 86 -999 -88 -999 -25 -999 21 -999 -999 -999 -999 -999 19 -999 -999 -77 -999
-999 -70 -87 -999 -74 -999 -999 -999 6 -4 -82 -71 -999 -999 95 -999 -999 -999 94 -14 -999 -999 -999 -999 8 61 -45 -45 -999 -999 -999 -80 -999 -999 -44 -999 -999 -999 52 80 -999 -999 48 -999 -999 -90 47 -999 -999 -999 -999 -80 -71 -999 -999 -999 -999 -999 -999 -999 8 -999 -19 42 64 9 -999 -999 100 -999 -999 70 -999 -999 -28 -999 -61 2 7 68 -999 -999 -999 -999 -999 16 -999 -999 -999 60 -999 79 -61 -21 -999 -32 -54 20 21 -999
-28 -47 13 -999 -999 -999 58 -999 -53 66 -24 -25 -999 -28 -94 -28 -999 -999 -999 85 -12 -999 -999 95 -999 -999 -2 -1 -999 -31 -68 -38 -999 -999 -999 -66 -75 -999 24 -67 -999 53 -999 -999 -999 -999 86 32 56 97 -999 -999 -999 27 -76 -999 -97 -999 84 -999 -999 -66 94 -59 -39 -999 -62 98 -52 -25 -999 -999 -15 40 64 52 -39 93 -999 -52 -999 61 -999 -999 -72 -999 -4 -999 -999 2 -44 -999 -999 10 -23 -999 11 -999 -999 -999
-999 40 -999 -999 -12 -999 -98 -41 -999 -999 86 38 70 -999 -999 -999 20 -92 -999 -999 -999 63 -999 -999 -999 -11 -4 -999 12 -71 -999 -999 -999 99 -999 -999 -999 -999 -90 -55 -999 -999 -999 -999 -999 -41 -999 99 -91 86 -999 -999 -999 -999 -999 -1 71 73 -6 -999 -999 -59 -999 -17 -46 -999 31 -999 -999 -999 -999 -19 -95 86 10 -61 -999 -999 -999 11 -999 -999 -3 -999 -999 -999 -999 -50 55 36 -11 -21 -999 70 91 -999 49 -999 -999 23
-999 -999 -999 -82 -47 -75 -999 -999 -999 -88 97 -999 -6 -999 -999 -999 -44 -27 -40 78 54 71 81 -999 -999 -80 69 36 -999 -45 -17 -999 -999 -999 90 -26 -999 -37 -999 -999 -999 -15 -999 39 -999 -999 -999 -13 5 -26 -45 -49 -73 -999 -83 -999 11 -999 -999 -999 -23 -97 -999 -999 -999 -19 -28 -999 -999 -999 -68 87 -999 -999 9 -999 32 -12 95 -999 -999 48 1 29 -999 -999 58 -81 -45 68 -999 -27 -999 -999 -999 87 -13 -32 -999 -999
-37 -12 -83 -64 -7 72 -5 76 -60 67 -67 -32 -999 -999 -999 -40 -83 -1 70 -999 -999 -999 -999 -16 -56 -999 90 17 -999 -8 -999 -55 19 92 82 -999 -46 -23 7 -999 -999 -999 30 -999 -62 -999 -14 -999 59 88 98 32 58 0 -999 -73 -41 79 30 -999 19 73 -999 -999 -999 50 -49 -53 -999 55 87 -78 -999 -999 -999 60 -999 14 -999 80 -999 41 79 -58 14 -37 -999 -999 -999 -2 55 -10 -999 -72 -999 97 -999 -47 -77 -38
-999 23 -60 -999 72 -999 -999 -6 -999 -999 -999 -56 -999 -999 -999 -999 74 14 55 -80 -999 -999 -999 -999 -999 -80 -999 5 41 21 -999 -999 -999 -999 -999 -999 -46 -999 -999 -41 -75 11 -999 -97 -999 -999 -999 -999 83 -999 -88 -3 -999 -999 30 -21 -34 -62 -78 38 -51 51 -999 -999 -999 40 -999 -999 -999 -999 56 -11 62 12 -999 79 -999 -3 -999 -999 -14 -999 61 -999 -999 -999 -999 5 -999 -21 10 46 -6 -91 -95 -999 -999 -999 -999 64
-999 -999 -999 42 -44 48 78 -999 -50 -73 -999 25 15 -79 -999 -999 -999 -89 23 98 -999 -999 -999 61 -65 -999 -999 -999 -3 -43 -30 -35 -999 -14 -75 70 -999 -89 -999 -999 -88 -55 -97 -999 46 -31 -999 27 -999 -999 -40 -95 -999 -999 60 50 -98 54 -999 30 16 -999 13 -999 -43 -60 -999 70 -999 -999 51 -999 -91 -999 -999 66 -56 9 -999 -17 85 -999 1 -79 -999 1 -999 53 -67 -999 -49 -999 -999 -19 -33 -999 -36 -999 -999 -999
-45 -999 -91 -999 -37 70 -999 -32 -999 -34 34 64 23 -999 -83 -16 9 -85 67 -35 44 -999 -999 -88 -999 63 -999 53 -999 -999 32 65 -999 -83 -999 -15 -46 -999 -23 -999 -2 -999 -999 -61 -25 43 -999 -80 -999 -999 -99 -999 59 -999 69 40 75 -63 -999 -21 -38 -7 -999 -999 -85 -999 -64 -999 -62 -999 -999 -999 -999 -999 -999 -999 -60 -999 -16 -11 -10 63 -999 -999 -45 -31 -999 -26 -999 -29 31 -66 -999 -999 -31 11 21 41 -33 -98
-35 -81 -11 10 -999 -33 61 67 -999 -999 -999 -89 -22 -999 -999 -999 -999 -999 -999 -24 77 -4 -999 -999 21 -999 -999 41 -999 -1 -90 -22 86 -22 -999 -999 -47 -999 -999 81 -999 -999 -999 -22 -94 -999 -999 -999 -999 48 52 -999 -999 -999 -62 39 -15 -999 -13 -999 62 -97 9 -88 36 -21 21 -100 -999 -999 34 -999 18 -999 -999 48 64 46 -999 -999 -999 -54 -999 -61 -999 91 -999 -999 -999 -57 -999 -999 -999 -999 30 77 -33 47 -999 -81
-999 -999 -21 -999 80 -999 -999 9 -999 -999 96 48 -100 -999 40 -999 -71 3 -999 -999 -999 -90 70 -999 -55 -999 44 29 23 -41 -59 98 -71 -999 51 -999 11 95 -999 -999 63 15 87 -999 -999 28 -999 70 78 -55 -999 49 -71 -98 -999 42 85 -999 -999 -999 93 70 -999 80 -999 -11 91 -91 -999 -84 -999 24 -98 23 -999 -78 -999 -999 27 -999 -999 -999 -30 84 -78 -999 -999 -999 -32 -999 -999 45 -999 50 -999 -52 93 -56 -999 -999
-35 79 85 -999 -999 73 9 -999 -999 -999 -999 -999 -999 -33 -999 81 63 -999 7 79 42 -999 -999 -93 -999 -999 -28 -100 -999 -10 73 -36 -2 -50 -999 22 -73 -999 -999 -62 -999 -999 -88 -999 87 22 -999 22 -15 -999 51 67 -999 -999 45 -999 38 49 -58 -94 98 -63 -999 -999 -999 80 84 -999 -25 -57 -999 -999 35 86 -999 18 -999 -26 -58 100 -27 -999 -45 -54 14 -88 -999 -75 -999 8 -80 -999 -66 -999 -999 -999 90 53 -64 -17
-999 -999 -999 -14 -999 -999 -8 -999 -999 -99 -999 -22 -65 -61 6 -13 -999 -33 -34 61 -17 15 8 -999 -23 -999 39 -999 66 -999 -24 -999 -999 -999 -38 75 -71 -999 -9 -999 -999 -100 50 -98 96 -999 -60 -66 -999 -999 -999 -16 81 -999 82 -999 71 -999 -1 -999 -999 -57 -999 5 -999 -999 28 -999 -999 -999 -999 -999 5 -999 -28 -7 -999 -50 -999 -999 -999 -30 -999 -77 66 -96 -999 79 -99 -999 -999 -999 -96 73 -999 -999 -999 -999 -5 -999
-999 -999 -999 -999 -999 80 99 -999 23 -999 -999 -999 -18 -999 7 -66 -84 -999 -70 -999 -999 78 97 -999 -999 -999 17 24 29 -999 85 -43 -999 -57 -999 -999 -999 66 -999 -999 -86 -100 56 54 -999 -4 -999 12 -58 -999 91 -999 32 -999 -999 54 -999 -77 -999 35 -999 60 -10 -44 4 10 8 -999 -999 93 -999 -999 -999 35 7 2 -999 3 -5 86 -999 -82 20 -999 96 -11 25 -18 -999 -91 99 -83 22 -999 -999 -999 -999 -77 -999 -999
-999 -999 -999 -999 -999 -37 -999 -81 -40 -999 17 83 -48 -999 32 -999 -99 -999 -999 -49 17 -999 -999 24 -999 -58 35 -999 -999 -21 -57 -999 -47 -65 -999 98 21 -999 -999 37 -999 -999 -999 -999 -999 -999 -999 -999 -999 -12 -999 40 -999 -97 -999 -999 10 -999 -999 95 -27 -63 -999 95 -999 -18 -999 -999 -1 -999 -999 -999 -999 -999 -999 -999 -76 -999 -999 -999 -4 65 -999 -999 56 9 -999 -41 -11 -11 85 64 5 46 -5 62 -999 44 -47 -999
-999 81 -49 -999 17 -999 80 -999 -999 -999 -52 -999 -70 -24 -999 -999 -82 -40 -999 -999 -999 64 42 -3 1 -999 -73 92 -999 8 -999 -68 -999 -999 -999 -80 9 -999 77 49 74 -999 -999 -11 11 -999 70 -999 -999 -999 48 -999 89 92 -999 -999 -999 -999 -999 -999 -999 -98 29 -999 -999 -999 -88 58 -42 72 46 -69 -41 -999 -49 -999 12 39 -999 -999 -999 50 61 -999 -53 54 -33 27 70 -999 -999 -999 -999 -27 63 47 16 -999 -999 -999
0 7 -64 -999 -999 42 -999 -999 -999 -999 -999 88 -999 -11 84 -42 29 -33 -999 92 -21 53 -72 -999 -999 -999 -17 2 21 -999 -999 17 -89 -36 -999 -83 85 -89 -57 56 -999 -999 -999 -999 -3 25 -999 17 19 -999 -999 21 -27 -999 -6 -999 -92 -62 73 -999 -999 -999 -999 -999 30 87 72 80 -2 -999 -999 44 -999 -76 15 -999 -999 -999 -999 -999 -23 43 -999 50 -999 10 -45 42 -999 -999 -999 -999 7 -54 -999 -78 -999 -46 -999 -999
-23 -999 50 -999 -999 -999 -31 -999 -999 -999 18 -999 63 -20 -999 -999 -999 -31 -999 -20 -51 -999 -999 94 38 19 -41 -11 -55 -999 -43 32 -999 13 38 -53 -18 -999 -999 -999 54 -999 -999 -999 -999 -90 -999 -999 -999 -999 -50 81 -30 -999 -999 -999 -999 -81 -999 -48 56 -999 -999 -60 -49 -999 -999 -999 -999 -57 -999 48 -999 18 64 -999 -999 -19 -999 -999 -999 21 -55 -999 -999 -999 -31 -999 -999 -999 71 81 -999 -999 77 -999 -999 -999 38 -999
-999 61 21 -999 -999 45 -999 0 -75 -999 -999 37 49 41 64 -999 -999 -999 -999 -999 -999 30 21 -999 -999 -999 -999 -999 93 -28 13 -3 -38 -83 -70 -999 -70 62 -28 -13 -11 -61 -999 -66 -999 -999 -84 -999 -999 -66 -999 -14 -999 -999 -999 -999 69 -33 -31 -999 98 -59 -999 -13 -999 -92 83 -999 -999 -53 -999 27 -999 -999 51 -999 -999 -999 -999 -999 -69 89 -999 27 -999 -100 6 -999 -18 -73 -999 -999 81 -999 98 -76 -999 6 -59 15
99 71 -12 10 -999 -999 -999 -66 55 25 -999 -999 86 -999 -999 15 -999 -35 65 -999 -999 -25 -999 -999 -59 -79 -41 72 -999 16 -999 -999 -54 -7 -999 -999 -44 -999 -97 73 -18 3 -999 55 -999 -12 -64 -15 -999 -87 -41 -999 -999 -84 -999 -999 -53 -63 -999 -73 -999 -999 -999 -999 -54 86 -999 -8 -999 97 -999 -999 -999 26 73 -999 -999 -999 -999 -22 -999 -999 14 -999 -999 -999 -999 15 -999 -999 -999 -999 -999 -26 -999 -28 -95 -999 -999 39
-999 67 -999 -999 -69 -999 55 25 60 -57 -29 -999 -999 -999 -78 -999 57 -999 24 -999 -999 -999 -11 -999 -999 -43 5 50 -999 -999 -999 61 88 -999 66 -999 -999 -999 -999 -999 -84 -999 -999 -70 -999 -999 96 42 -94 99 -999 -999 -999 -83 -999 -31 5 -999 31 -999 40 39 -999 39 -999 -999 -999 -999 -64 -999 -999 65 -99 6 -999 -999 -999 72 18 -999 -93 -999 70 -78 -999 67 39 -33 44 -999 -52 -999 -999 -999 -3 45 -999 -999 -999 -999
14 -24 -999 -999 34 7 -8 -21 0 -999 -51 -23 -999 -999 -92 4 36 -999 -999 -999 -999 4 -44 -18 -999 74 -999 -58 -999 52 -999 -999 -999 -89 -98 99 22 46 -9 -999 -21 -38 -24 -81 -34 -18 -65 92 92 -999 49 -14 -36 -999 -999 -999 80 -999 -999 -999 -25 -18 -2 -999 19 -999 -999 89 3 -999 -67 -999 -71 -28 -47 -999 -999 67 -999 85 -999 -28 -999 84 -999 -999 51 -7 -999 -999 2 -999 -94 -7 -36 -999 -999 34 -999 48
-999 39 73 64 -999 -999 -89 -52 -999 -999 -999 -999 -18 -14 -23 -999 27 100 -999 89 -999 -999 -999 16 -999 -71 74 -999 -999 -999 25 -999 -999 28 -999 56 -12 -97 -999 -45 -999 -999 -999 -999 -999 -999 -15 -61 -999 -999 -999 -47 -59 25 -51 57 -999 -54 -999 -999 -999 -999 -999 -999 24 -999 0 -48 -999 -17 -999 71 -999 64 42 -87 -94 -44 -24 68 38 2 -53 33 -999 96 92 -999 -999 -36 -999 59 90 -60 -999 -999 35 -999 -5 -999
-41 -68 -999 -999 19 48 -999 -999 -40 -999 -999 -4 84 47 -16 -999 -999 -999 -999 17 50 -999 92 -999 -999 32 -36 -70 -92 -999 -58 80 -999 -999 1 41 -999 58 65 -999 98 94 35 -999 -999 -999 -999 19 -999 34 -29 -999 -999 -999 -999 -999 -95 -6 -999 -999 46 -98 -84 -999 9 -999 -50 95 36 -999 42 -76 -59 -999 -999 -999 70 -999 -999 -49 -999 26 -999 89 -999 -59 16 -99 -999 94 -999 -999 -999 1 -999 -999 -27 -999 30 -999
-71 -69 -999 15 -999 -46 -76 -25 -999 -999 -999 59 -999 -24 -81 -999 -1 -18 -999 -999 -999 3 73 -999 -999 -999 -999 20 -999 70 -10 59 -999 -98 -999 -98 -86 -71 -91 -999 -999 -32 -96 82 -999 -18 -999 -999 -12 -36 -38 -999 -79 -999 -999 -999 -999 -999 -999 -999 72 -999 -78 34 22 71 -999 -999 -49 -999 -999 -97 -999 49 -999 -5 -999 -27 -14 -57 -42 27 -999 -81 -999 37 -999 -2 -31 6 -999 -999 -17 -18 -999 22 -97 6 -999 -999
-100 -999 22 -999 -85 -999 -999 -40 96 -999 -999 75 89 -86 -999 -999 -76 30 36 -999 0 17 -999 -999 26 53 -999 -999 -999 -999 97 -82 59 92 26 -999 -999 -51 -999 -999 -999 -9 -999 -999 -999 -999 -999 -999 14 -8 -23 -999 -16 -999 -999 -999 -999 -999 -999 -999 96 -95 -999 -999 -999 65 -999 98 58 -71 -999 -18 43 -999 64 -23 11 -999 -999 41 -999 -80 -999 -77 -17 -999 61 -55 2 -999 -999 -22 34 -999 -41 -999 79 8 -999 -999
-999 -999 -999 63 -19 -69 37 -999 -999 -999 -999 90 96 -999 -55 98 -40 -999 -36 -10 10 -999 -999 -999 -30 -999 -999 -999 92 -999 -45 -32 -57 76 64 -999 -999 66 -68 82 -999 -38 -999 55 -90 -44 -999 -999 -999 -999 -999 -999 -999 60 -999 16 87 -999 62 -12 89 -999 -999 32 -999 -41 -88 -999 -91 46 -999 -10 -999 -999 -999 -100 24 -19 3 -52 -999 -41 76 56 -999 -999 -45 82 -999 7 -999 39 -999 5 6 4 -999 -999 59 -28
-999 13 -999 -999 -999 -999 -36 95 -999 -999 -999 -999 -999 -999 -999 -999 49 -999 -999 -999 100 -75 -92 -999 -999 87 -2 -999 11 69 -92 -999 -45 -999 22 -999 -999 65 -999 -999 -999 -62 -28 11 63 -999 -999 -35 -24 99 -999 -29 -999 -999 74 -999 -999 -999 22 56 -91 -999 -999 -999 -999 -999 -15 -999 33 -63 -999 69 72 50 -999 15 10 -999 -999 -999 93 84 96 -999 -37 -999 -999 -999 -999 -999 -85 -14 -999 30 -83 -999 -999 -999 -32 -49
-999 -999 -999 -51 -29 -57 -999 48 -57 -999 -46 -999 -79 -999 -5 -999 95 -999 -999 16 -999 -999 28 -19 -999 -999 86 87 -91 -999 -4 -999 -999 -999 -999 -83 -999 -47 -999 -999 -63 58 -999 -93 -999 69 -999 -999 73 88 -999 -1 41 -999 -999 28 -999 -999 -17 -999 -98 73 -46 4 -80 -999 -999 -62 -84 -52 54 7 -19 88 -999 68 -999 -999 -50 -999 90 -999 -999 86 -87 -58 90 -999 4 93 -77 -999 -6 -999 -24 -20 18 -999 -88 60
52 -13 -17 -88 -999 62 -999 70 -64 -999 -999 -73 -57 -53 -999 82 -999 72 -47 -58 -999 -999 -999 -999 -999 -999 -999 -999 72 71 -999 48 38 -999 76 -999 65 -999 83 1 67 -999 -999 31 -33 -93 -999 -85 55 -999 18 -999 -11 -999 90 -77 32 1 -999 57 -30 27 -999 -96 -999 -999 -999 -20 -999 -4 17 -999 7 -999 -22 100 -999 -999 19 54 -999 -23 -999 24 -999 -55 -999 -57 60 -999 42 -6 -999 -27 -999 -999 -999 4 -999 -999
80 -999 37 -999 -999 -999 18 -18 43 -999 -76 -999 -999 -70 51 -46 -39 -999 69 -999 -6 -27 -999 -999 -999 85 28 -40 -999 -999 -26 37 -7 -999 -999 66 -999 -999 78 -999 62 54 -999 -14 81 -999 82 -999 -999 35 64 -48 -999 -999 -19 -999 58 -999 -999 83 -87 -9 -999 -68 -999 5 -37 -999 -999 -999 -56 42 -23 -26 -13 -999 -67 -87 -67 -999 58 58 100 -999 -999 -84 37 67 -34 -50 -999 -30 55 -999 -999 -999 -999 -999 -999 -999
-999 -999 -999 96 38 -62 -999 55 -999 -999 6 -21 -999 -999 -999 -999 -999 -999 -78 -47 -81 81 -999 89 -999 -999 52 -999 -999 16 -999 -999 -999 -999 47 -999 -999 -999 -999 9 -999 -92 -89 13 -999 -23 -999 -999 -6 -59 -999 -999 -35 -999 58 -999 93 -999 -999 -69 40 27 22 -64 -999 82 72 -87 -999 -999 -999 57 -999 -999 -999 -72 98 -999 -999 -999 -78 -999 -35 -999 81 95 -999 -999 -58 73 68 -39 93 22 16 -999 51 3 -69 -999
3 53 -999 -33 -999 -999 -2 -999 -999 4 50 -999 59 69 -45 -999 -7 -999 -999 -999 12 35 83 -999 -28 -999 -10 -999 56 -71 -91 18 -999 -999 -999 -999 -999 -999 -999 -999 -999 91 21 -999 1 -29 -999 -95 95 -999 -999 -999 -999 -90 -98 95 -40 -999 -61 -999 35 -95 -39 -999 -999 -55 -999 -21 -999 -999 -999 85 -999 -90 40 85 -92 33 -999 -999 -98 -8 -999 -999 -999 -26 30 50 -95 -999 -61 -999 -999 87 -999 62 -999 -999 60 -999
-999 88 65 58 -64 -17 23 -999 -999 -999 -999 1 -999 -18 -38 -999 -999 7 -999 -48 -1 -52 64 9 -999 -999 77 90 -999 -999 79 83 -45 -55 -60 -46 -999 -999 78 4 -42 57 -999 -999 -999 -999 -999 -999 -84 16 -999 -100 -2 -999 69 -999 -999 -47 -999 7 -999 -999 -37 -22 -999 -999 -41 39 -77 -999 -999 -999 2 -3 -999 -999 87 -22 40 32 5 -999 6 -999 -999 10 -999 7 -999 -6 -999 -24 63 -999 47 -999 -999 -78 31 -999
-47 60 69 97 -999 84 -26 -999 -999 -999 68 -999 -999 -52 -16 -51 -999 36 -4 -52 -999 -999 -999 -999 -999 56 -84 -999 -999 -999 69 69 -999 -999 94 -999 92 42 -3 -999 76 -999 -999 -999 -999 31 -999 -43 -999 42 65 0 12 -999 -999 -999 -999 -41 -999 53 -64 24 -84 -999 -28 79 -93 -75 66 -53 -999 -999 -65 -999 -89 -999 -999 -999 -75 68 -999 -999 27 18 -999 -999 69 -999 -999 98 -44 -999 -13 -49 -38 -12 -13 -999 -999 -87
36 -999 49 -999 6 -36 45 -83 -999 -999 -999 -61 -97 -55 -39 -46 -30 12 -37 28 69 -47 63 -22 -999 -999 -999 -999 -88 25 -999 77 -999 89 84 -999 1 -93 -999 59 -16 50 -999 -999 14 73 12 68 87 30 -999 63 13 -13 -999 65 -999 -999 -999 -999 -999 -35 -999 -22 -999 6 -17 -999 -999 -999 66 -999 36 -999 32 -999 -999 36 99 64 -999 -999 -87 -39 -89 34 -69 -99 -999 -999 -999 -999 -95 58 -999 62 61 -999 -999 -999
-999 7 -999 -999 -65 -999 69 59 -999 -999 -999 -999 -999 -999 -97 -71 -8 -999 -999 -999 100 -999 -76 -999 -999 -999 -9 13 -999 -999 -999 -100 14 -999 -999 -14 -999 -999 -45 71 -999 35 -13 -999 69 -999 -6 -999 -999 28 -999 -999 -999 -999 67 -83 -70 66 -999 -999 -69 79 64 -77 32 -999 14 -47 -999 -999 21 -999 33 -999 12 -62 -999 -999 -999 83 -74 -999 10 -999 -69 -28 -999 65 -999 -999 -999 -999 -43 77 -999 -18 94 -999 -999 76
85 -9 23 -999 -999 -55 -999 -999 -8 42 -999 -999 100 51 78 -999 4 -50 -999 -999 -15 -76 -49 -89 42 -75 9 -999 -999 83 -999 -999 -38 -999 -4 87 61 -999 -999 -999 20 -999 -85 -999 -999 -15 -999 85 -48 -27 -999 78 -999 -70 -79 -999 -44 88 66 7 -999 -999 -37 -999 -999 -999 -999 1 -999 -999 38 4 -999 33 -999 -999 -46 -999 42 -999 -999 7 -999 -999 -999 42 -999 -999 -999 -57 -999 -999 -999 99 93 -999 -999 -999 -999 -29
-999 -76 -999 4 81 -81 -54 -65 18 -999 -999 -999 22 -999 65 -44 -999 4 -999 -15 18 -999 70 -999 -5 -62 -87 -999 -999 -999 29 -999 69 -999 -999 -53 -999 -8 -999 -999 -999 -999 -999 -999 -999 -999 -999 -49 -999 32 -999 -999 -999 -999 94 -999 -999 -999 -999 -999 -999 -97 -999 -1 -44 -17 -999 -999 -999 26 69 -22 93 93 -999 -999 -999 -999 99 -70 -999 -999 -999 78 -999 -67 -86 -999 -999 -7 -26 -84 -999 12 -999 -999 -999 -5 94 82
-65 -999 95 -999 72 -999 -999 -999 52 -999 -98 -999 49 -16 -999 -26 -999 22 -999 -999 -39 -27 -2 -999 52 58 64 9 -999 79 -12 37 -999 62 -64 -95 -999 -999 -37 -999 -999 71 -999 -1 -78 -63 -999 -999 -37 -35 -49 45 -76 -87 -999 -93 -999 -999 43 82 1 -999 -11 -46 -999 -999 -89 -35 -999 68 -999 -999 -999 -999 -82 -56 -91 51 13 -96 -999 -999 -24 -31 -10 78 -999 98 -999 2 53 52 -999 78 -65 -999 -999 9 -999 8
-60 -83 -999 -999 87 -999 -22 78 -999 35 -999 -999 -999 -69 -19 2 -34 -999 55 -999 -999 -999 -92 -96 -999 -60 -15 34 -999 -999 -999 -35 -81 -999 8 -999 67 -999 88 -999 -999 -999 -999 -999 -85 -999 70 54 -999 -999 -3 -55 -63 60 -999 85 -999 30 84 23 -999 -999 -999 -999 -999 -999 11 -999 -999 42 -999 -39 40 -999 20 -999 93 -999 -999 -56 -999 -36 80 82 -85 -999 -999 -999 -999 -999 -999 -999 -7 -999 21 -999 -9 -66 -999 88
-15 -999 -7 -999 -999 -999 28 -999 -999 -999 29 0 -999 82 -999 32 16 -999 -999 -56 -999 50 -999 17 -5 -999 -999 -999 -36 -999 -999 -25 27 43 -999 -999 -49 -1 1 85 -999 -83 -37 -10 -999 45 32 3 -999 -37 -999 -999 -8 -999 13 -4 -999 36 -11 -999 21 -43 -999 -999 72 23 17 -999 -999 -13 -999 -41 78 -999 -999 -999 -999 -999 -89 44 -999 67 -999 21 -77 40 76 -999 -46 -999 -999 -999 -999 -999 -999 -57 81 -68 -999 -999
-34 -999 -999 95 27 -999 -999 -999 50 26 -56 -999 -999 42 -999 -999 -999 -999 95 4 -37 -999 -12 95 82 -53 -999 -5 -7 100 -87 33 -81 68 -999 -999 -45 -999 -999 85 -82 -999 -999 -999 -999 97 -42 32 -47 -32 47 -999 24 -78 -999 68 -999 -999 -999 44 -52 -999 -999 -999 -999 -999 -86 -20 -24 -999 38 -14 -999 -999 -999 -100 32 -999 -999 -25 96 -999 17 77 -72 -25 -999 -999 -999 26 -999 -999 -20 -60 -999 -999 -999 -999 -47 -999
-999 -999 -999 -999 -999 -42 -999 -87 30 -60 -999 -999 -999 -999 -999 -999 -999 -999 -999 -7 -999 -999 -49 -47 -999 -92 -999 -999 -65 -999 -999 -100 -999 -79 -999 -96 -999 -999 -72 65 20 -999 -999 -999 1 -32 -999 -999 -999 28 -999 -999 -48 -999 -56 92 94 -10 68 -8 10 -999 -999 82 -999 -999 58 -999 28 24 -999 -999 93 -52 -57 11 -999 -999 -999 -999 -36 -999 -20 -999 45 -94 -91 -999 -999 -999 -84 -999 -999 -8 42 -53 -999 -999 -44 -999
-14 -999 -35 -999 -6 -999 -999 -999 -999 -22 -18 -999 -999 -999 -98 -999 -999 -999 71 -999 -999 -35 76 -48 -47 -21 -69 -999 -999 -71 95 -999 -999 -999 -33 -1 -50 93 7 -21 -46 -999 36 -100 -90 -58 -999 -999 -999 -999 89 2 -999 46 -46 45 34 99 44 -999 -999 -13 -53 56 -999 21 17 49 -999 -999 -999 -999 -999 -61 -999 -35 -999 -999 -76 -999 -999 -69 71 -91 -999 -999 -999 -999 55 6 -999 -999 -63 -999 -88 -81 85 24 -999 -999
31 -34 -999 -62 68 -44 21 12 -999 78 -999 -999 -46 -999 -999 -999 47 -85 -999 73 -45 75 -999 -999 53 -999 -72 -999 70 90 -999 -34 -999 -999 26 -999 -999 80 -999 -31 -999 97 -999 -999 11 26 -38 3 88 -75 -999 12 -999 -999 55 61 -93 100 -999 -999 -999 16 -999 -999 20 -95 -999 -999 -999 -999 -74 62 -80 -80 -999 91 -999 -999 -42 -999 -79 -999 -999 -36 -999 21 -999 52 -74 -999 -999 -999 -98 -4 -999 -999 -999 -999 -999 1
55 3 -14 -999 34 -999 -999 -999 -999 -27 -999 -44 -999 -11 -999 -999 -98 -999 -999 -13 -999 -44 59 -50 -74 -999 -999 -91 10 -999 -999 -999 -999 -95 -999 83 60 -999 -999 75 -999 -999 -999 -999 -63 48 -94 -999 38 2 23 -10 -999 -57 -999 -999 34 64 -999 -999 -56 -999 -88 -999 -999 -999 -999 -73 -999 -97 73 -999 -999 -27 -999 32 67 -999 17 15 -999 95 35 -93 62 -999 58 -999 -999 -999 42 -29 -999 -999 -999 -999 -999 -999 42 35
-72 -999 -999 21 -999 -999 -66 -999 -999 40 -82 -5 -999 -81 -999 -42 62 -999 54 -999 -999 -77 54 -75 54 -999 -999 -999 -999 -999 49 -17 -59 42 -999 -999 -78 58 33 -999 -39 -999 -18 28 -28 81 -999 -999 -999 32 -84 -999 -999 -56 -999 -999 -999 -999 -999 -999 -999 -999 76 -999 13 -999 -32 -93 -999 27 -999 -999 -47 -999 -999 -86 34 -999 -25 -999 -51 80 -999 -999 -999 79 -999 18 -999 -999 -999 -999 86 -21 -999 50 -999 -999 -999 -53
-999 63 -23 -52 -999 -999 -999 -16 66 44 -999 52 -999 -999 -97 -999 100 -14 -999 -999 -999 -999 -26 -64 -999 -999 -999 -999 50 -999 84 -999 -46 -999 -999 -999 19 -999 60 -42 -70 -44 53 -999 67 -999 12 -14 -73 -999 60 10 -41 -999 9 -24 -24 -98 -999 -999 75 98 -999 -999 -999 83 -999 -26 -8 -999 -78 70 84 -999 33 -999 -77 -999 -999 -26 -87 -17 -76 -999 -999 -999 -999 -94 -999 -999 34 45 -999 -999 82 79 -999 -999 -999 -999
-999 -999 -999 64 -999 39 -999 37 58 -37 -999 -999 88 96 -96 36 -28 -999 -999 64 -999 -100 -999 37 -999 -999 66 -88 -999 10 -999 -999 -999 90 -999 -20 -999 85 29 52 -999 -999 42 -999 27 -999 -43 10 -999 -999 -999 -999 -999 -54 -999 76 -999 58 -999 -999 -77 -57 -999 62 -99 52 -999 15 -18 -66 -999 67 -33 99 -999 -999 -999 28 -999 11 99 95 -999 -999 -999 -999 24 -999 -999 -23 -999 -999 -999 -999 5 -999 -999 -999 23 -999
-999 -29 -70 -999 -999 -999 -999 20 -999 -73 71 13 6 60 -999 -999 -14 -999 -999 -95 -999 -999 -999 -999 -90 75 17 -999 -999 -81 -999 -51 -999 -999 83 -999 84 -999 -999 -24 -63 -999 -999 11 -82 -999 -42 55 -999 -18 -71 72 -999 -999 -999 -98 -999 -999 -13 -13 -97 -45 -999 -45 86 -999 -999 -999 -68 -999 -999 -999 60 -999 -8 -18 36 -999 -999 -999 -75 50 -999 -999 -24 35 -999 -999 -999 -999 -63 -999 -75 -999 -31 16 -999 -999 -999 -999
-999 -999 79 -56 -999 -999 -76 -999 82 -999 78 -97 98 -999 23 -999 -89 -999 9 -999 -999 83 -999 -999 16 64 -16 73 -999 -999 -999 -77 -999 -999 -999 28 -999 -20 19 56 -999 -74 60 -93 -999 -82 -999 -999 -999 -999 -6 -999 -999 -999 -999 -23 -999 -37 -15 -999 -33 -999 -37 -79 14 78 -36 -999 -999 53 -999 35 -89 -999 -999 -999 -999 -999 -24 -999 -999 -999 -999 55 -999 63 -999 -999 -91 -84 -999 -999 -87 98 -999 20 83 -5 -80 -999
-36 -999 -999 -999 98 -74 -60 -999 -999 51 39 10 -45 -999 -999 72 -999 -91 -999 -999 -100 -5 -81 -20 -999 -999 -999 95 -999 28 43 65 46 -999 -999 -89 -999 -76 -999 -999 -42 -29 -32 -999 63 -999 79 9 7 -70 22 69 -94 -999 -999 -999 -999 -999 48 -999 5 -51 -999 -88 18 -999 -36 -23 -94 -15 -999 -27 -999 -999 -999 43 -92 -999 37 -999 -999 -999 -999 -999 -999 -999 -999 48 -19 -48 39 42 -999 -999 -999 -999 -70 -999 -99 -999
-999 -999 -999 -999 -999 85 -64 -999 -999 -999 -999 -999 -999 24 -999 -999 -17 -999 -999 -999 -54 67 -999 -78 -999 -999 86 7 -79 75 52 -10 -999 -97 77 37 -999 -999 33 -52 26 -999 -66 73 -59 22 14 -999 -999 -999 -999 -999 -999 40 -33 -2 -5 -999 -999 -999 -68 -91 -84 -999 -999 -999 -13 -999 30 -999 4 -71 -999 32 78 42 -999 -999 -26 -999 27 -45 71 47 -999 -999 -999 15 -999 37 -18 -999 -999 -54 -999 -999 -73 -34 -77 -77
-77 -57 -999 -999 -999 -84 21 -999 -999 64 -999 -999 -16 -85 -999 -999 92 -81 -83 25 52 -47 -53 -999 -78 -999 30 -999 -999 -15 80 -23 -999 17 -999 20 68 -999 -999 -999 74 61 -51 -999 -999 25 -999 36 -999 69 39 11 -999 -999 46 -999 -999 -999 -999 5 -14 -999 -999 -999 -85 -999 -999 -59 -23 95 82 -999 -44 18 74 -999 -48 -76 -58 19 -57 82 -999 -999 -999 32 -999 -999 -999 -48 21 -999 -16 -999 -999 -999 -999 -48 -8 -999
-999 -13 -999 -999 -30 -999 -999 -999 90 -999 40 -999 93 -999 -999 23 -999 50 -999 -41 92 -44 66 -999 -999 -999 -999 -999 -999 -999 -95 15 -999 56 -999 47 -999 29 -999 -67 -999 -999 -999 -89 -999 67 -999 -90 -999 -999 -999 -999 -38 -999 -88 -37 -999 -999 -999 -7 -80 -999 -999 -999 -999 -999 -88 -999 -999 8 -96 -11 4 -999 -999 61 24 -999 -999 -999 -999 -999 -999 -999 -76 98 -46 -28 -88 -999 -999 -22 65 -999 83 -999 -999 -999 -999 -999
-999 -88 -999 -999 -999 -47 -999 -999 -999 -999 84 4 15 34 -2 86 -999 -999 -35 -999 86 -999 -19 -999 -999 99 -999 -97 -40 -28 -999 -999 -999 -999 -45 20 -999 -999 -999 -999 91 -17 -67 -999 -7 -76 -999 30 -999 44 -92 -999 -999 -999 15 -64 -5 -999 93 -999 -999 -999 -999 33 48 -999 -77 83 14 -999 57 -999 -48 40 -58 -999 -999 -46 -22 21 -16 88 -999 -40 77 -999 -53 -999 -999 -999 15 43 -96 -999 -12 -999 -9 -44 68 77
96 85 -999 76 -999 -999 -65 -999 -999 -999 -999 -9 50 -999 67 82 -999 -999 68 -999 -999 -999 -999 56 42 -8 -999 -999 -28 84 -41 44 -999 -69 -999 -999 80 -96 -12 -999 -999 53 -5 -999 -91 -999 -999 -999 15 -28 -73 -999 -999 71 -999 19 -999 -999 -999 -999 98 -999 -999 -999 -999 -999 79 -60 -5 -999 -999 92 -999 4 -8 -999 -72 73 -999 -999 -81 31 -999 -999 85 -999 83 21 -999 -999 -25 -999 -999 -999 22 -999 -999 -999 -999 -999
-999 -13 49 -37 -999 -15 -999 -999 -999 22 86 -999 -999 -999 -100 43 33 -999 -999 -90 -999 82 -53 -999 76 -999 -999 -999 -999 2 -999 -999 -999 -999 -999 -999 -18 -66 -20 -999 -33 -999 -999 -999 22 2 -90 31 -77 -999 -97 -999 -50 -999 -7 -999 -999 66 -67 -27 -53 -68 -999 -999 -999 20 18 -999 -80 -999 -999 -6 -37 -67 92 -999 -999 -24 -999 -999 -999 7 10 82 -999 65 -999 -999 -999 -11 -39 -999 -999 41 -999 -999 -999 -999 -999 -65
7 -73 -30 66 0 74 -999 89 -999 -50 -999 -999 -3 45 -99 -41 -999 24 -999 -999 -999 98 -77 -67 22 -999 -999 -84 43 -999 99 95 8 24 -999 -2 80 -999 -999 88 -999 -68 -54 -999 -999 -999 -999 45 20 -999 -999 -999 -999 -999 -999 -999 -999 -999 -15 -31 -999 -66 15 -79 -74 -29 31 -999 -59 -999 -999 -999 -999 -14 -999 -999 -999 -999 -41 -11 -999 9 59 -28 -999 42 -35 -999 -60 -81 -44 82 100 86 26 -999 -77 19 -999 36
-999 -999 -3 5 -999 -999 -999 73 -999 58 -98 -57 43 1 -999 -19 -999 -999 -999 -31 54 73 80 -999 -86 -999 -38 30 -999 -12 11 -999 -999 -999 -999 -999 -999 -999 23 21 88 -999 43 -999 -999 -999 -36 -999 -58 -999 40 -52 -999 -999 34 -999 31 -999 -16 -999 -999 90 72 97 -999 -21 2 17 -999 -47 20 -70 47 -999 -999 -39 -39 -999 47 63 15 -45 0 -999 -18 -999 29 -52 -999 81 -999 -999 -34 72 -16 65 -45 -2 -999 -999
84 -81 81 -999 70 -11 -999 -999 -999 -999 -999 56 52 83 -999 -999 -999 -999 -999 -999 99 -999 -999 96 -999 -999 95 -999 53 -999 21 -999 -27 -85 -999 -999 -999 -999 -33 -999 -999 -32 -999 -89 -999 -84 17 -32 72 32 -999 -14 -999 -39 -999 28 -18 -999 75 77 80 -999 -55 -999 -999 -40 -3 100 89 -999 -999 -999 -999 67 -999 -999 -999 -999 -999 39 -6 -81 80 -999 -41 -61 -999 -32 -999 -32 24 -999 15 56 79 -4 56 -29 -999 -999
-999 81 37 -46 49 -999 -97 -999 68 -82 -9 -86 -999 -85 -999 -20 64 -999 -20 86 -999 -999 -96 -999 -999 -999 -999 66 -999 -999 80 -99 -27 -999 -999 -999 94 -34 -999 -81 84 -999 -999 15 -999 -92 -999 -999 -62 -999 -90 36 45 -999 -999 -999 93 -10 33 -11 -999 -78 -60 -999 -999 -999 -999 -999 -999 48 -999 -999 -999 -73 -9 -999 67 -999 89 -48 39 -77 -999 -999 85 -81 -32 -62 -80 89 -999 -999 -999 24 -999 -999 78 45 -999 51
57 100 -999 -999 70 54 -999 -999 -82 -999 -999 -999 -999 -999 -999 85 27 -999 -999 -11 -999 -999 -999 -999 -28 -999 -41 -999 -999 -999 30 24 97 -48 -23 -93 -999 -32 -999 -80 -35 93 43 -63 -62 97 -87 -999 65 -74 -999 -14 6 -999 -96 -52 -11 -46 -999 -999 -9 -2 -999 -36 -8 -999 84 -24 -47 89 -62 -54 67 -999 1 81 -999 -999 -999 13 -999 59 -7 -999 -999 79 76 89 55 -999 21 -999 -999 -999 69 -999 1 -69 45 -999
-999 -999 9 -30 -999 -38 -999 9 34 -999 -999 81 81 -70 -999 -46 96 -999 61 79 67 -999 -999 -999 -999 -58 -999 -999 -999 -75 -77 -999 -999 15 -75 82 -999 3 32 -999 50 30 -84 -47 -999 22 -999 82 -9 -6 -28 -999 -6 -999 77 78 -999 -999 -999 -67 -999 77 -999 20 -999 -999 -999 -79 -5 -999 74 -999 -999 -999 -999 -999 -47 -61 -999 -37 -999 -999 -999 -999 -999 -8 -90 -8 -999 -26 -999 -999 -89 -87 28 -999 -71 64 -999 -999
-999 -27 -9 -999 -86 -999 -999 -999 36 -49 -8 9 -999 49 -999 -85 -999 -22 -999 -999 20 24 44 -999 -999 -999 -999 -5 48 -19 -999 89 -999 -999 16 -999 17 83 -46 -999 -999 66 -999 8 -999 -59 53 -96 -999 -10 -999 -57 -999 18 -999 -999 -999 -14 -87 -999 76 -39 -92 -999 -999 69 -13 -999 0 -999 -999 -999 -999 -46 -999 -37 -999 85 -69 -999 -999 -999 -999 9 -40 48 -999 -999 43 27 -999 -59 26 -999 -999 -999 -999 -88 -999 -26
22 88 -77 -27 71 36 33 -999 -74 -13 -33 -999 94 -999 -999 -13 29 -999 -36 38 -999 -999 79 74 -999 47 -39 -999 62 75 -5 -80 -84 20 73 -43 -999 -999 -999 -999 -999 -999 -23 -40 -999 -999 -999 -999 -999 5 -999 -999 6 -7 -999 -999 -999 -999 -32 66 -26 -16 -999 -999 42 -999 -999 -22 -999 -10 -999 -999 -999 -999 -999 -999 -999 -999 -82 43 -40 -999 -999 -999 -999 -999 -999 23 -45 -999 -999 95 -999 -999 -75 -999 -999 -999 38 -98
-999 -999 -15 4 -999 27 -15 73 -999 -999 -999 88 18 -23 -999 -999 22 -999 -76 -60 -47 -999 -66 -999 -4 10 -57 16 -999 19 -999 18 -999 63 69 69 -999 -38 -88 -999 -34 -999 -999 -31 71 41 -999 -64 -999 -999 -999 -999 -999 100 -999 -999 -10 75 -999 72 88 98 -999 59 59 -999 -999 -999 -999 -999 11 99 32 -999 -56 78 69 -82 -52 59 20 -999 -72 -999 98 43 -4 96 88 -53 -74 -87 -999 -999 -999 48 -999 -999 59 -999
-13 -54 58 33 -10 16 23 -42 -999 -79 -20 -999 -999 -50 35 58 -999 -25 91 -999 -999 -999 -17 -39 69 -83 -999 -999 -999 -999 -999 -79 -999 -59 -999 -67 -51 -88 -999 -92 -999 31 -99 -999 -74 -999 -999 -999 -999 -34 20 -61 -999 56 -999 -999 -999 -999 -38 14 -999 -999 -999 29 32 10 -999 76 -999 -999 63 -13 95 -999 -999 1 -93 30 -999 71 -999 -21 -49 -81 -23 -999 -999 -999 63 44 -999 -19 -94 -999 87 -92 17 -999 -999 -33
-88 -999 -26 -75 -999 60 -66 5 42 -74 28 79 55 -94 -999 -999 39 -999 78 -39 -96 53 -69 -2 -17 -999 -999 -999 100 -999 4 75 -999 42 -999 -999 -999 -999 -1 -85 41 16 -999 -999 -999 -81 -21 -999 -999 -999 -49 -48 14 63 -999 -999 -999 -999 -50 -999 8 -999 -999 -999 -999 82 61 -999 -95 -999 94 88 -12 -999 -999 -28 -47 -95 37 -999 -999 -999 19 -999 -999 56 -999 -999 -999 -999 46 96 32 -73 -999 -999 -999 -37 -58 -83
-84 93 99 -42 13 -93 -14 -999 94 -999 59 -999 14 -999 -86 -74 -42 -7 62 -83 -79 -25 59 -999 -999 -55 -999 -999 -999 -999 -999 58 -999 -999 -999 -999 -999 -999 -999 -94 -999 -999 -999 -999 -999 -999 -999 -999 31 -30 -49 -999 -50 -43 -999 -999 -999 -999 8 -999 -97 39 -39 -999 -999 18 50 -999 -999 -999 95 -999 -17 -999 -999 -29 -999 -999 89 -999 -999 -999 -999 -999 80 -999 -999 -77 2 6 -999 -999 -999 -999 -2 91 88 -999 -999 -999
-999 -999 -999 -100 -999 -27 -65 3 -999 -20 -999 -999 -999 -72 34 -999 -999 28 28 -999 -98 16 -18 48 -999 -999 -93 100 -45 -999 10 -999 12 -100 -999 4 -999 77 19 -999 -84 66 -999 -999 -68 -999 -6 -13 -999 94 94 -21 6 16 -999 -47 -999 -999 -999 -999 -999 13 100 94 -12 -999 -999 -999 88 88 -999 -999 -999 -80 -999 -999 -999 -999 61 -82 -999 -999 -66 21 51 -999 -999 -999 -999 -87 -53 -81 38 -999 -999 -999 -999 -53 -999 80
-27 -999 -999 52 -999 87 -999 -999 -999 -999 34 -999 -999 -999 -999 -52 -999 -999 -999 -999 -999 -48 70 -999 -999 -29 -999 -999 25 55 31 -999 22 -28 35 97 -999 -43 63 -999 -999 55 -999 -999 -999 -999 -999 50 -999 76 -999 -38 -999 -999 -52 -999 61 -999 -999 -5 94 35 -999 -999 -999 -999 -999 -999 -999 -1 -999 -16 -2 -999 -999 -25 9 -55 -999 21 -999 26 74 78 -999 -999 -999 -999 -999 -999 -999 -999 87 72 26 -48 -999 18 -999 98
-999 -999 -87 -999 -48 68 -999 95 -999 -999 56 -999 93 48 -15 -999 -91 -999 -52 -999 -999 -999 -999 -999 36 -999 -999 77 -999 -37 -999 53 -999 -999 -999 -19 -999 -999 -63 -52 -999 -999 9 26 30 46 -999 -999 53 -34 -999 45 6 -85 -6 -34 -83 -999 -60 -999 10 -89 -33 -999 -54 -999 -999 -29 -999 -999 -85 -999 -999 31 30 -999 70 48 -999 22 -13 -999 -86 75 -27 -999 -999 -35 -999 -999 22 88 -999 -999 23 -999 -45 -999 -999 -999
-80 -999 -999 -999 -999 -999 -999 -999 33 -999 -999 -999 -57 -10 -999 -999 -999 -36 -11 70 78 -999 -999 59 -999 -999 -999 -999 62 -999 -999 -999 -999 -999 -25 -999 -83 -68 -10 -999 -92 2 52 -999 -999 -37 -71 -999 83 -46 -999 -38 -999 -999 -999 18 -999 19 30 -20 -999 50 -999 -999 -999 -999 -999 -999 -999 35 -49 -46 -999 -999 89 -999 -999 -22 63 -43 70 -4 -999 62 -999 -999 -45 -999 -999 -999 11 72 -999 -999 99 -20 91 -32 -999 -17
55 -999 -999 -12 -999 55 34 18 -83 -999 -999 -999 -999 26 -999 -10 -999 8 5 -88 76 -999 -999 87 40 -999 -28 -999 -16 -999 -999 -2 -999 -999 -93 -999 -999 -40 -68 90 -999 -54 -999 -999 -999 51 -999 -999 -999 -78 -999 -999 -999 -999 -999 -999 -999 -71 -61 -999 93 50 66 -999 43 -40 -999 43 -999 -999 -999 -24 -3 -74 97 -53 -999 24 -999 -999 -999 -999 -999 -999 -9 48 -95 -999 28 -999 42 -999 -999 -999 -50 -999 -16 -43 75 -999
-999 -48 43 -78 18 -999 -56 -999 -999 -999 56 -999 -92 -999 88 -17 -999 -999 52 -999 9 -999 73 59 44 9 -999 -999 -999 -999 -999 -999 -999 -999 -999 30 -10 -999 -999 84 2 -999 -6 -999 -999 -45 32 -11 -999 -999 -999 -999 -999 48 75 -999 -999 -49 -999 -999 -999 -63 17 19 64 56 -999 67 -999 -999 -999 -999 -999 -49 -999 -89 -46 -75 -999 -999 -999 16 -999 -999 -999 -999 -13 94 99 13 -999 97 -38 69 -81 -33 -24 -47 45 78
49 45 -19 -62 -26 -89 77 -999 -43 1 82 -999 -999 -75 -999 -999 -65 -999 -96 -999 -84 -999 -999 -64 -999 -999 -70 -999 -999 -999 29 11 -999 -999 -5 76 -999 47 -999 42 -60 -999 -14 -999 -12 -999 85 -29 -17 -17 86 39 -999 -999 -999 35 53 -92 -999 -999 -999 -999 -999 3 -999 -56 -44 -999 -999 77 -999 -999 -999 -999 -999 -999 -91 -32 1 -57 -999 -98 -999 35 -24 -999 -60 35 -999 41 -999 -999 -999 0 -999 75 -999 -49 -83 0
