100 100
0 -999 -999 -999 85 -999 -999 46 -999 -999 31 -999 -999 44 -999 -999 10 58 41 -999 -999 -999 -5 -45 -999 61 -999 -32 -36 -999 -999 -999 15 -999 -52 -4 -999 -52 -999 48 -999 -999 25 -54 22 57 -999 -81 -999 -17 38 48 67 -35 -20 -999 -999 19 46 -999 -999 -999 77 -999 -999 1 41 -999 -23 72 23 -999 40 -999 -999 12 -999 -88 -999 -999 41 -100 94 -999 94 -65 -999 -999 -999 65 -999 98 53 -40 -59 97 -999 -999 -46 94
46 98 -55 -999 -999 18 -999 -999 -999 -999 -31 7 -21 -999 -81 -999 -999 -91 -999 -69 77 81 43 -56 -31 59 -69 -999 64 88 54 23 60 -999 -999 -999 81 83 -999 -999 -83 -999 -999 -999 -55 -999 -999 -999 -999 -999 -999 -999 -999 -999 65 -999 -89 -56 -999 -83 -999 -999 -60 -39 -999 -999 -999 -10 -9 -999 27 -999 -999 -999 68 98 -100 -8 -17 85 -999 -999 -65 -999 -999 -999 -34 -999 -1 -999 -999 -999 -999 1 -999 77 -999 -89 -999 94
-91 -999 89 -38 -999 -999 53 -999 -999 -999 -999 -999 -999 -999 -999 -999 -21 -999 -999 -999 79 -82 -90 58 -68 -36 37 -999 40 96 -70 -20 44 86 91 15 -62 -999 -999 -62 93 -999 -999 -999 -999 -69 77 -35 -999 -21 -99 -999 72 -999 -999 -19 4 49 -999 46 -999 -999 98 -999 -98 -999 -22 -999 -56 -56 47 6 -999 -999 89 -93 -19 86 -999 -999 -999 -999 -999 -999 -999 -49 -24 -46 -51 -73 -999 -54 -999 11 -999 -17 13 -999 -86 -33
-999 -31 -87 -94 -999 -95 -999 -999 -999 11 -999 -999 18 -999 -999 -38 -56 -999 -38 -999 -90 -69 42 -999 -23 -999 33 -78 -86 20 -999 -999 64 -999 -999 -999 -999 -999 -999 -999 -999 -999 -999 -999 -999 -999 -999 -32 -999 -999 -18 25 32 -999 -29 -999 -999 -69 21 13 -999 -999 30 -89 -60 -999 -999 -999 -999 -999 -999 -999 -37 -15 -45 -999 100 -999 -93 -78 3 -999 0 95 -999 93 -999 -999 -999 -999 17 -999 7 -999 91 -58 -999 -60 -92 -999
-999 -999 -51 -8 -60 -999 -999 19 -999 -999 -999 -999 -999 -999 -999 12 60 -999 -89 81 47 -999 -81 -999 -51 -999 -999 -23 -33 -999 -999 -71 -32 34 80 -999 -999 -999 -61 4 66 -999 90 73 13 -999 -999 -12 9 -999 90 41 -999 -999 -999 -999 10 -999 -97 -999 89 -999 -75 -999 82 66 -999 -999 -90 -99 -32 -49 16 20 -999 -30 -999 -999 49 -91 -999 -999 -999 -999 -999 -999 -999 -87 -999 -999 -999 -999 -999 -60 -999 -999 -999 -999 -999 -999
19 -54 -999 -999 -100 -999 -88 -999 89 78 -999 -52 -999 -999 -6 -72 -57 -25 -17 42 16 -999 36 24 -40 -4 -999 -32 91 -999 -999 -74 -64 76 -999 -999 -73 -999 -57 96 -46 -92 8 -999 21 -999 6 21 45 -999 -999 98 -3 -999 45 -999 -4 -999 -999 -999 -999 -999 -40 -999 -999 -999 -999 -999 -999 32 -999 -999 -55 38 -999 -999 -999 56 -999 -999 14 -999 -81 -999 -999 -999 41 14 -999 7 -999 -65 -999 -999 94 -999 98 -999 -63 -34
-999 -999 -999 -999 51 -999 -999 49 -999 -999 -58 -999 -999 7 -999 -999 -999 67 57 -41 -74 84 84 84 -999 -999 -999 -999 57 -7 -999 -999 -11 -29 -999 -999 -82 -999 -6 73 15 -14 -23 12 35 15 -50 -999 2 -73 -999 -999 -92 37 -999 -62 -999 94 -999 -999 -999 51 -42 -43 77 -7 -74 -999 -92 18 80 -999 -999 -999 -999 85 -97 -36 95 88 -15 -999 90 -999 -999 98 -999 -999 22 -8 -999 -999 37 -999 -57 -999 81 13 -73 -999
-999 -999 16 -999 -999 -24 -1 -55 -999 47 -94 -999 -999 -999 -999 -999 -85 -999 -999 -999 91 -34 85 93 -999 -999 -999 -72 -999 11 -999 -999 -999 -999 -60 -999 -73 76 -999 -999 -999 -999 -999 9 -999 -999 68 -999 -999 -999 -39 -81 22 -999 -36 66 -999 -999 91 100 79 -22 -999 16 58 -999 56 -999 47 -999 -999 -999 35 -999 -999 -77 -999 -10 -999 -66 -75 -999 -999 -51 53 -999 -999 -24 -999 -999 -92 -999 52 -999 -99 -55 -999 -90 -999 -999
-21 -999 93 -16 -79 -12 80 48 -999 88 43 -92 -999 -61 -999 -999 -76 86 -27 -16 -17 -36 27 -93 -999 18 -80 -9 -999 -999 -999 -24 -999 -999 -71 -999 -999 49 -48 34 -999 41 -95 -20 80 -999 36 -999 -999 60 -999 -17 -88 -999 36 -999 95 -38 35 -999 87 47 -999 20 -999 -34 48 -999 -999 -12 -999 -88 -25 -89 -999 -999 -999 -27 -999 -999 -999 -999 -999 -999 -999 80 -999 -999 39 -999 -999 12 -999 -999 12 -999 -999 7 -999 -999
59 9 -97 -999 -999 -73 22 37 21 -999 37 -999 -69 -999 -94 23 -51 24 -999 -999 -11 -22 100 -999 -77 -999 2 -53 -97 -999 -999 -88 -21 -999 98 -999 -999 -88 -999 -999 -93 -999 -83 13 85 -28 9 -36 -999 48 -999 20 -999 67 -43 -999 -93 -999 -999 -59 -999 -999 -999 -999 97 -86 -999 -999 24 70 -999 22 -999 -999 -999 -999 -999 13 -999 43 -999 57 -82 -999 -999 -999 97 -999 -39 79 -999 -999 -999 -999 -999 11 -999 57 -999 -69
-999 -72 -999 -999 -999 -999 -999 -999 -999 28 -999 86 13 76 -56 63 -53 -14 -999 81 -999 26 -999 -999 -999 -64 -999 97 8 -95 -999 -999 -999 -64 -999 -999 -999 -999 14 -32 71 -999 28 97 -66 -999 -999 -40 -999 -999 -78 -83 -999 21 -999 -21 -999 14 -31 -65 -41 -25 -3 -31 98 11 -999 -999 -999 -17 -59 -999 -999 -999 -999 56 -6 40 26 82 -22 -36 -999 83 -999 -2 -999 47 -999 -999 -999 -999 36 -80 -999 98 -999 -999 -999 -999
-999 78 -82 -999 84 -999 -999 1 77 -999 -39 -999 -86 -999 -999 -31 -40 -999 -999 -999 -999 -999 -999 -999 -999 -999 -23 -999 -999 -81 -38 -999 73 -999 -999 -999 -999 94 -999 -999 -39 71 -63 -999 -999 12 -999 -999 -71 -999 -999 55 -44 -999 100 -86 -10 -66 -51 59 -999 -999 -999 -78 -999 -999 -999 -59 -999 -999 2 -999 35 -41 -999 -999 -56 -999 -999 -999 -999 -81 38 -999 -48 -999 -5 -999 -999 -999 12 49 13 -999 -1 -999 -16 -999 -999 -4
-999 -999 -92 88 -18 37 -999 -999 7 -999 -999 -96 -999 -85 -999 -999 53 -33 45 -999 -5 -999 -999 -999 -999 72 -93 -999 -999 -999 4 45 -63 -39 91 -22 31 -999 64 -999 -999 -999 64 -78 15 -999 49 -999 -47 -999 -999 -46 -68 -2 -77 -999 -13 -999 -89 -999 -91 -999 -999 -78 27 -45 28 20 -90 -8 -999 61 100 70 -999 -999 -999 -95 -999 28 -999 -999 21 -73 94 58 -999 40 -48 79 -999 -999 -999 -93 8 -999 -61 17 28 -90
-999 -999 15 -999 -39 28 -999 -999 -63 -999 -999 -73 -49 91 -999 -70 -999 -999 -999 -86 -39 63 68 -999 -999 -999 -999 -30 9 29 -73 -999 -999 -999 85 -79 -999 -999 -999 -64 -999 -999 -999 -47 -63 -999 -9 -86 -999 57 28 -999 -51 53 -999 -54 69 -53 -43 -67 -999 -999 -87 -999 -999 -999 -93 -999 -999 -999 -65 59 55 -999 -999 -999 -999 -999 -999 -34 2 66 -999 37 -26 -999 -999 7 -999 7 -999 86 49 -999 85 -999 -52 67 -83 1
63 -97 -999 -999 -47 -17 59 -999 -999 -999 -999 80 -999 95 -999 -999 54 -999 -30 -999 0 -999 -999 -999 -999 -999 -999 -999 76 69 -999 5 3 -999 -49 -999 37 -94 -999 78 -999 -999 -999 -91 94 26 -999 -16 -999 -999 -14 -91 -999 -999 -50 -8 -999 -999 -999 83 -62 -92 -999 -43 -999 -999 -999 -999 -95 -999 -18 -40 -2 -999 -999 -999 -999 51 -999 -23 -57 -999 69 -999 -999 -3 30 18 -87 -999 -98 7 -999 -999 -999 -38 -999 -35 -999 -999
-999 -999 -999 34 -999 -999 -999 83 -999 58 100 -999 57 -999 -999 41 15 -999 99 -81 -999 -77 86 -54 -999 21 -83 -93 96 -63 -999 -999 56 -93 -999 25 -16 -999 -999 -65 -999 -37 74 -999 -999 -999 -999 -17 -47 -999 -999 22 -999 92 -999 49 -62 -999 61 -999 -999 94 -999 -999 -999 -94 -999 55 -999 -999 41 58 -31 -999 -35 -31 -34 -98 -999 -999 -999 -78 -999 0 -63 -999 -999 -69 -999 -999 39 -999 -999 -84 -31 -999 56 -999 27 -999
-16 -17 -999 -8 -999 -74 76 -19 9 100 6 26 -999 -54 -999 27 -999 -999 -999 -46 22 -36 -999 49 39 -999 -78 -999 82 56 94 7 -999 45 -999 -999 -999 -32 -999 -999 -999 -999 -999 34 -3 40 -17 -999 -999 -999 9 -999 -999 -52 87 -999 65 81 10 -999 -78 -999 -999 -999 -999 -78 -86 11 -999 79 -999 16 6 -999 -999 -36 74 -999 46 -60 51 -999 73 -36 26 70 -999 -43 -36 -999 -999 -999 48 -999 -55 -999 -999 -999 90 14
-95 -65 -999 -47 -14 -999 -999 79 -999 50 54 -999 -6 -999 -999 84 -999 -999 4 24 -999 -999 -999 45 -999 -999 46 -999 -999 -999 -999 -999 -89 67 -999 -999 81 -999 -999 -86 -999 -52 -999 -999 -999 -999 5 -999 -999 -999 -999 -999 -999 -999 -999 50 -999 -999 -62 -51 33 -999 -999 16 -999 -999 69 -10 -999 71 -999 -999 -999 67 -999 -16 -999 -91 -98 55 77 -999 -999 80 -999 -999 -999 -999 -53 -999 -999 -999 -999 -999 -999 25 -999 -10 80 -999
-29 -24 -999 -54 -999 30 41 -999 -93 -999 -62 30 -999 -999 58 -999 98 -999 -999 -999 -33 -2 -999 99 19 63 -49 -46 -999 -10 10 -45 -23 -67 -999 -999 -17 7 69 79 -999 91 97 -999 58 -61 -98 -999 -999 -79 -95 66 -999 -14 -999 -61 -999 -999 -80 -999 -49 -999 -999 -999 -999 -999 80 -999 13 -999 -84 31 8 -999 -999 -999 -999 -999 -999 -2 -999 -999 -999 13 -999 61 -999 -999 18 -999 -999 35 -60 -24 -999 -999 32 -999 0 -999
-999 -64 -999 -999 -84 -94 -999 77 -999 -999 -999 81 -999 -999 -999 52 -34 -25 -999 87 43 8 -999 -999 -999 -8 -999 37 -47 -65 -999 -67 39 -999 -999 -999 61 -999 84 -31 -999 93 31 -999 45 -999 -999 7 -999 -47 -999 -999 -999 -54 -999 77 -42 -999 -999 18 -999 -999 -999 -5 -999 21 -999 -999 -999 60 -999 -999 -97 45 -999 8 -999 12 -999 22 -73 -999 -999 -999 -999 54 -999 -999 29 67 -9 -999 -10 -999 -999 -999 -46 21 -999 -999
-72 -999 -81 -999 -57 -999 -999 12 -999 -999 -82 -999 -999 -999 -999 -999 -999 6 -999 -2 -999 -70 -999 0 -999 8 -999 -35 -81 92 -70 -999 -999 -999 -999 29 -999 -14 -43 -999 -999 -999 -999 -43 -49 -999 39 22 34 -77 -13 80 -999 69 92 -999 29 -999 2 -999 -999 -999 -999 -999 24 5 -47 58 -11 -999 84 -27 62 2 -16 -999 51 -48 -15 72 1 80 -999 -999 -31 65 -999 -999 39 -999 -999 70 56 -999 -999 -36 90 -999 -999 -93
-999 12 25 -76 16 -999 90 -999 -30 -999 -999 -999 -999 -999 -18 -999 -999 -999 -999 50 -999 -999 -999 -999 85 -2 -1 -75 -54 -41 -99 9 -999 58 -999 -999 -74 -45 -999 -999 -999 19 69 51 47 -999 -999 -55 8 80 -34 -999 -36 -999 -999 -999 -999 -79 -999 -999 -999 -999 -999 -999 -51 13 5 -999 -999 -999 -61 -999 -28 -999 37 -999 -999 -7 49 -999 -999 -999 43 -999 76 -999 -999 -27 -999 -999 -999 -999 -999 56 -999 -999 -999 -999 93 -27
79 -56 -999 81 22 -90 20 -999 -89 -92 -999 -999 -9 -999 -999 -87 -44 -31 -50 -999 -37 -999 -999 37 -999 0 -999 70 83 -999 83 -66 -999 -999 -999 90 -999 47 -999 69 -999 56 -999 -88 4 -999 -999 -56 -41 -999 -999 -100 -999 84 4 -40 -72 -999 -999 -999 -999 -999 -999 -999 52 76 -999 62 -47 -999 -999 52 -999 35 -999 99 26 -46 -40 -49 -65 -999 -999 -999 -68 -13 -999 82 -85 -13 55 -999 50 -999 -28 -999 -999 -30 2 86
-999 -999 -999 -21 -999 -40 31 -999 -999 -999 -65 -999 -37 -999 -999 14 -999 -999 -999 -999 -999 81 52 67 -84 -999 -999 -999 -999 82 -999 -999 -999 52 100 -999 -999 -12 -999 -999 15 -999 -44 70 1 -999 -999 51 -999 -38 -999 -999 -999 -999 50 -999 -999 -999 -999 -999 -999 -999 32 -23 -999 -999 -999 -999 -999 -999 -999 -999 -52 7 -999 22 -11 -999 -84 -999 5 -999 -999 43 -999 -999 -999 -32 -999 -999 -999 40 73 -999 92 -1 -10 -999 -33 -65
-999 -999 82 -55 -23 55 -87 -999 -10 21 -999 88 -999 -999 4 -999 -999 -999 -999 -19 -999 67 -999 -999 -999 -999 -999 23 -999 94 -999 -999 28 -999 -60 5 -999 32 33 -56 -76 -83 46 -999 -999 -61 61 19 -999 50 -999 -999 89 72 -999 38 -999 -999 -31 -999 44 -999 44 -999 42 -999 -83 -999 -999 11 -999 -999 -63 11 -999 -57 91 -999 -999 46 -26 -999 -999 -999 42 36 -999 -999 41 -999 -64 -999 -999 -999 -80 -999 -999 -999 80 -999
-999 -999 -76 -999 -999 -91 20 67 -999 -25 -999 -65 -999 -999 -999 -999 -999 -86 -999 -999 -999 -50 -999 -999 -999 -100 -999 1 -999 -17 41 94 -999 -69 -82 -999 -999 -999 -999 64 -999 -5 -999 -11 8 -12 -999 9 -999 -37 -999 -999 -65 -999 -999 41 -999 -999 36 -999 -999 -999 -999 -999 -999 83 -999 -999 30 53 -21 -999 3 -999 -86 -999 4 31 -999 5 -999 12 -79 -999 -999 49 -52 -999 -999 94 25 -999 80 47 -82 -999 -999 -999 48 -999
99 -30 62 67 -57 -19 -999 42 -2 10 21 -10 47 -999 0 66 -999 -92 -999 -60 -999 -49 -72 -22 -999 18 -999 -999 55 -999 -35 -999 -999 82 -999 -999 -999 17 -999 97 -66 -5 -999 -999 -999 -999 -999 -43 -78 33 -999 -1 -999 -999 -999 -100 -999 -999 -70 -59 89 -999 -24 -11 -999 -55 -999 66 72 65 57 -72 64 -999 -999 -84 -44 -999 -999 -999 -999 -999 -999 -999 3 -999 -999 79 46 -85 -999 18 4 -33 22 96 48 -999 -999 -999
-999 -100 11 44 -6 83 -10 28 76 -999 -999 -999 -999 30 13 -44 -999 -999 -86 -96 -29 19 23 -999 -999 -999 -999 -999 -999 -999 -999 -999 -83 -27 4 -999 -999 -999 -999 55 -27 -999 86 -999 11 -999 46 21 -999 -89 -999 27 -23 -60 -78 -999 80 -15 1 -26 -999 -74 -999 -999 -999 18 -11 89 -56 14 23 -77 -999 -77 -999 73 -999 -60 -999 18 92 -999 -29 -90 5 -999 -35 -38 18 72 -100 -72 -999 -999 -58 -999 -8 90 -78 16
-999 -999 -999 -77 -999 -999 -999 -999 -53 -999 -999 -72 -999 -999 -999 60 -999 99 -999 -999 -999 -99 -999 1 33 -54 -66 -999 -999 -50 12 -999 -999 -999 -8 -999 -59 69 -999 -999 -94 32 -999 -51 72 -999 67 -999 -999 -999 -999 -999 -14 68 -98 -999 -999 -87 -999 -999 -999 -999 -97 -999 -999 16 -999 -999 -999 74 -6 82 -53 -89 -999 84 -70 -67 -999 -999 -999 -999 -3 9 85 -999 -93 -999 -999 -999 -999 50 1 -999 -999 -29 -999 -95 36 -999
15 -999 -999 -97 -999 30 -999 -999 64 15 -999 -999 -999 -97 -999 -999 -19 -999 45 -5 -999 76 -999 -16 22 5 -38 -999 -999 -94 -999 -999 94 12 -999 -70 91 84 -41 -999 -29 -100 -999 -999 -49 -20 -999 -999 36 -999 -999 -999 -999 -999 81 -999 -9 -999 0 89 -18 -999 -999 86 -999 -999 -999 -71 77 -91 -61 -999 -13 -999 -12 0 -999 -999 33 -56 -39 -999 -26 -82 -999 -999 14 81 -999 -999 -93 -71 -999 -999 -93 51 -28 -999 -999 -999
-999 -999 -15 0 -83 -999 -85 -89 -999 -999 88 38 -999 -999 -87 -66 -999 -999 -999 -84 -999 -999 -999 86 -999 -81 45 -999 -999 98 -999 -999 -999 -999 -999 -999 -999 -94 63 -999 70 -999 -999 44 -999 -999 -999 7 -999 -999 -35 -71 -999 -999 -999 -999 -999 -999 -999 83 92 -10 18 -64 -999 53 15 -34 -54 95 -999 -999 -35 -999 92 -999 -999 -999 -999 38 -23 -53 -53 6 -46 80 -15 18 -68 -38 -77 -999 -59 -7 -77 19 -999 2 89 -11
-82 -57 74 65 0 -999 -999 35 -95 -999 -999 64 28 -999 -31 95 87 -999 45 -999 -999 -999 89 27 -35 -77 -999 -999 -999 98 71 -46 89 -999 -55 -999 73 -999 -999 -999 -999 -14 -93 -999 -26 -999 -999 -999 -999 27 -93 -8 -999 -58 -999 40 -999 15 -999 -999 -999 -47 -999 -999 -2 -999 -11 -13 10 -999 -999 -31 -999 87 -59 21 34 -27 -999 -999 -59 38 -999 64 -999 -999 -999 39 -999 -999 -999 -31 -999 56 -999 63 80 -999 -999 -80
-999 -999 -23 -82 -82 -999 54 48 -999 -999 -999 -17 -999 -79 -70 -999 38 -999 -999 -999 -8 -999 -999 -999 -56 -999 -999 -36 57 -10 95 -999 -88 -999 -43 10 -999 -999 -84 -999 -999 -999 -50 57 -999 -27 17 -59 -999 -999 -999 -999 -999 60 -999 2 -999 -999 69 -999 -999 -27 82 -999 6 -999 -999 -86 -999 -51 -999 -999 -999 -87 -999 90 -20 -17 -999 -999 -2 -999 -999 -999 -999 -999 -999 -83 -999 -999 -31 -999 -999 -86 -4 -79 -999 -999 -999 -999
-32 -999 -1 37 -9 38 -999 -999 -51 40 -5 85 -10 -999 -999 -999 -999 -51 -999 -999 -20 97 -999 -999 -999 -64 91 -33 53 -99 -999 -999 -999 43 -22 -26 -999 -999 -49 50 -999 -52 -55 -999 60 1 25 -999 -87 -999 83 -999 -999 -2 16 -999 -999 -999 49 69 -22 -999 -999 74 -999 -999 -56 -999 -999 -9 45 -19 -999 -61 29 -999 -999 -999 -999 5 3 -57 -97 93 -999 -999 -999 -999 -999 -24 -999 -999 -999 -53 28 -41 21 78 -999 100
-33 -999 -93 -9 -999 10 67 -999 -999 -999 -999 91 -999 -999 -999 56 -3 34 0 -999 -999 -999 -5 -999 -999 -999 -999 -999 -999 -38 -999 -69 -999 -24 -999 -35 -999 -999 -19 -999 -999 -999 -999 8 -999 -94 -999 -10 -999 -999 -999 -47 68 -99 57 -999 -19 62 -999 -64 -999 -999 -999 -999 -85 -999 -999 -999 -30 -999 34 -999 -999 -999 -999 -53 67 2 -999 50 97 74 26 -999 37 -999 -999 -45 -51 54 -999 -82 -999 35 -97 16 -999 -999 57 -36
-7 -25 -19 -60 75 -999 -62 90 -999 74 -38 59 -96 -23 -26 -81 -999 -999 -999 81 -999 -999 -999 -999 -999 -999 -999 -999 49 32 -24 -999 -63 -3 87 92 -88 29 -999 -999 -999 -999 -999 93 -64 -16 -23 -8 -999 -999 -37 22 -999 -999 -18 -94 78 -999 -999 33 -999 -6 -78 -88 -999 -999 -999 -100 -999 -999 50 -999 -43 -26 -999 -999 -999 27 69 -28 -999 97 -999 -999 -999 -999 -999 -999 -999 -999 -999 -999 -89 54 42 -57 -999 -27 -999 -62
-999 -999 -999 -16 -999 49 -999 31 -999 -999 40 -999 -999 -27 66 -37 -999 -69 -33 58 -999 -999 26 -999 -999 53 -50 -999 -999 -60 -999 -999 -29 26 -22 -999 -84 -999 -94 -999 -999 -999 34 -999 23 -999 65 -33 -999 -999 10 -15 26 -46 56 -999 -999 -34 -999 -24 35 26 -999 66 -999 50 -65 -82 11 62 -63 97 70 -999 -23 -999 -999 -999 -31 -83 -25 94 -999 -999 -999 -999 -999 -999 95 -999 -7 -999 4 -999 -999 85 -999 -999 -999 29
-48 -79 -999 -69 -999 -6 -74 58 -999 -999 72 -999 -16 -999 -999 -999 -999 -22 -999 -999 -999 65 -999 -23 4 -999 -999 34 -43 -999 -90 69 -999 -999 -17 -999 -9 -999 47 -2 -999 -999 33 -999 -999 -999 -999 -999 95 -999 81 3 -51 -999 -999 92 -999 -999 -999 -999 -999 20 90 -999 -28 74 51 50 1 -999 64 -999 -999 -999 -999 -999 -999 -57 -999 -999 -999 -999 7 -999 55 -999 -999 -999 -60 46 17 24 -36 20 -999 -100 -999 -999 -51 -999
-98 -999 85 74 -999 -999 -90 -999 -999 -999 -999 -999 -999 13 -999 -999 -15 66 86 -999 -999 -999 94 -999 17 43 -21 -999 93 29 -60 -24 -999 1 -11 -999 -999 -999 3 69 16 -98 -999 18 68 -999 84 -999 30 8 -999 -999 -999 -999 73 47 -999 -999 -999 -10 5 -999 -999 -65 -82 -82 -999 -999 -999 -999 -26 -999 -999 -999 -80 -999 -64 -63 99 -3 -999 -999 -999 96 -999 -999 -999 -95 -24 -999 -999 -999 -999 -57 -999 88 -999 -999 -45 -51
0 -999 -86 -69 -999 39 -999 -999 -999 -60 -999 -999 71 -999 -999 -999 78 13 -43 -999 -98 47 -48 -999 -999 -999 -999 -24 19 3 -29 -90 -999 38 -999 23 -14 -89 5 -999 -999 -999 19 -999 -999 -31 -999 -999 -999 -999 -999 31 88 -999 -8 -999 -999 98 -12 -22 -97 -999 -999 -89 -999 -999 75 -999 20 -999 -30 58 35 22 -999 -999 -999 -999 -10 -999 -33 -999 -87 -4 96 -999 40 -999 -999 -65 -999 -10 79 -999 -999 -98 -999 -73 29 -999
-999 -999 81 -999 -999 24 -999 -999 -62 -58 -999 -27 -79 -999 -999 43 -999 13 79 87 28 -999 -999 45 -13 -67 -999 -999 -30 -36 18 -999 84 -999 -999 5 -999 -45 -11 -999 -8 -69 -63 82 -999 -11 97 47 94 -999 -999 40 -999 -999 3 21 -14 55 -22 -999 -999 -999 92 -78 -85 -999 -9 -57 -14 -33 -999 -13 51 -999 -999 -999 -999 -96 -999 -999 -10 -999 -999 -999 -999 -5 -999 45 -44 -999 -999 -12 -999 -999 -999 -999 -61 38 -9 -999
-999 -999 75 -21 -999 -100 -67 -999 -999 55 44 -23 -63 -91 -999 -3 -999 -999 -98 -79 -28 24 -999 -999 36 -999 -65 -999 -999 -22 -39 -24 -999 -999 -51 -51 9 -999 -999 -78 54 -999 -999 -66 26 54 -999 86 -27 -55 -999 -999 -55 -35 -999 -999 -999 -999 -999 74 -10 -999 -57 -58 -999 -46 -999 -999 97 -999 -999 -999 -999 -999 -58 -999 -86 -999 -999 -58 -999 92 -31 44 -999 -63 -41 -999 50 -999 -999 -50 -20 -82 -999 -69 -34 21 22 -999
33 -999 70 55 -80 94 -999 76 -999 -69 -16 -999 -55 86 -48 -999 -24 -999 -999 73 -999 87 -999 -999 -999 -999 52 13 -999 83 -999 53 16 -999 -999 -999 -999 -999 -25 33 -17 -11 86 -18 -74 -999 -999 -999 -999 -52 25 -999 45 -78 -999 -25 86 -999 -999 -999 51 31 12 -999 -21 92 -999 78 -67 -999 75 -38 -94 6 9 42 -27 -48 -999 -999 64 -97 -999 -999 27 -51 -999 -999 -999 -91 -999 -73 -39 -999 -999 -999 -24 -999 -999 -999
-999 30 89 -89 4 -999 -42 64 -999 67 64 -67 71 -999 -999 5 -999 -999 -999 49 -32 69 38 -999 -999 77 -999 10 -999 -999 -999 -999 33 -999 -52 -999 24 12 63 68 -999 -5 -56 -999 -999 -79 -39 4 -999 -999 -999 -999 -999 12 79 -90 65 -999 64 14 -1 -999 15 -999 -999 -999 -999 -28 -51 -999 -18 78 -999 -20 -69 -77 -999 -999 -999 -999 46 -12 -999 78 -999 82 -999 -999 25 -999 42 -98 71 -3 -999 -999 -999 21 40 81
1 -999 -48 9 -999 70 -70 -999 -999 -1 60 -999 53 -999 71 0 -999 0 -20 79 -999 85 -999 39 30 65 -999 -999 -999 80 -89 -46 -999 -95 97 40 -999 -999 76 3 -999 -88 -78 71 99 -15 -999 -999 3 -60 -9 -27 -999 -999 -45 -999 -999 -999 -90 66 -999 -999 -999 -999 -999 96 59 -48 36 65 -1 -999 -999 -999 -999 -999 -999 -999 -48 57 -999 97 -999 93 -999 33 -999 84 -52 98 -999 -50 -70 -999 -40 -8 89 -999 -999 -100
9 77 18 -999 -999 -999 -999 -98 -44 -999 -86 -999 -12 -999 55 30 26 -999 -83 23 -21 38 -48 -999 63 69 43 35 -999 -999 28 -6 -999 -22 66 -999 -15 -41 -999 -72 49 -999 -999 -90 -999 -999 85 -999 -999 83 -999 91 40 -999 -999 -999 -999 -999 -13 13 35 59 85 55 53 51 99 -21 -999 -999 -999 -86 -6 -85 -3 -999 -999 -999 98 -999 -41 65 -999 -70 -999 60 2 -1 -999 -1 -999 -999 38 -88 -999 -999 -93 91 -999 -999
53 10 -999 -43 -999 -2 -999 -999 -3 -999 -999 -93 -999 -999 -999 -999 -999 -999 -999 -999 -999 10 -999 87 -999 -999 -999 -35 -38 -999 35 89 -81 -999 72 -999 -6 40 -999 -999 -999 32 -999 -65 -17 -90 -999 -85 -97 62 -999 -999 -13 -999 -999 97 -999 -999 -5 31 -89 -88 86 -64 -999 45 35 -29 42 -40 22 -999 -63 -44 59 -999 -94 -87 -999 -14 -999 -93 98 -34 -39 86 82 -999 35 64 -999 76 28 73 29 -999 51 -999 -7 -41
-999 -999 90 -98 -999 -999 0 51 83 82 -75 -999 -999 -999 -32 -84 80 34 -999 -999 98 45 11 -999 38 -999 -15 -13 -999 86 -999 -999 13 75 -999 -999 -999 -999 0 -38 -999 -999 -31 -13 99 50 -999 19 -3 -999 37 -999 -999 -999 -999 -999 -999 -999 90 -999 4 -999 -999 -999 -89 -70 52 4 -999 -999 -999 -999 -999 -63 10 -100 58 -99 -999 -4 -999 -999 64 -52 -999 56 -42 -18 -999 48 51 -999 -999 -999 -999 -40 -79 -999 -64 -999
73 57 -999 -999 -999 -999 -999 -999 -57 -999 30 -19 50 -999 -999 -55 -999 -999 -999 -999 -15 51 -999 -999 -82 -73 -67 -46 -75 -999 -999 -999 -999 -999 -999 -999 -999 32 -38 -999 -999 -999 -999 70 -999 37 23 26 -999 -58 -999 -999 22 -999 -999 -999 -999 84 -64 -19 -999 -999 -999 -82 -999 -999 -999 -999 -999 -98 -38 39 8 95 -999 -999 -999 19 -80 -61 -999 14 -75 -999 -999 -2 -999 -69 -999 -999 87 60 -999 -60 35 -999 -999 -999 86 -51
28 -69 -84 -54 -999 -999 -999 -36 7 -11 -999 -19 -65 2 -97 -32 -999 -999 -75 88 87 77 -999 -999 -999 -999 -999 61 -25 -999 -999 -999 -999 -999 84 -999 -999 -999 -999 17 -32 -82 -999 -999 -51 95 -999 -50 -77 -999 -56 -1 31 -999 -23 31 -999 88 -999 -999 -45 -999 -999 76 -999 27 -999 -17 -999 -999 -999 -999 87 17 62 -999 51 82 63 34 -999 96 -999 57 -67 -99 31 94 -14 94 -999 74 -19 20 -31 -999 -38 -999 -20 12
5 -38 -15 -999 60 -999 -999 -96 -83 -34 -999 -999 -999 -999 -999 -999 81 -999 -89 -999 -999 -25 -999 37 -999 42 -999 -14 -999 7 -67 -999 -999 -999 -9 80 -29 -999 -13 -31 35 -999 -999 42 10 -999 -999 62 -95 -999 -999 1 65 -999 -999 -88 19 29 85 -999 -999 -99 100 -999 -999 26 -999 -51 -999 18 -999 -999 60 -999 -999 84 35 -50 -999 83 -999 -999 71 -98 -999 -79 -89 24 -999 -999 -23 -94 -999 75 -999 -999 41 31 -999 -999
-999 33 59 -22 -20 -54 -999 -53 1 -33 0 -999 -999 -999 -33 -999 -44 -999 -30 -7 -60 69 -59 -39 -65 -999 -999 -31 -77 63 95 -999 -58 -999 77 -999 -999 -999 -31 -999 -999 100 79 -999 -999 -999 -59 17 -999 -79 -999 -999 -60 -999 -999 -999 -999 -68 -46 -65 -999 -23 -70 -999 -999 22 -999 -999 -999 -8 -999 -999 -999 -999 -999 -73 -999 -90 -999 52 -999 82 3 -64 -999 39 -43 -999 -999 -72 16 -999 79 -999 -999 -999 -91 45 -71 -999
-999 -999 42 -8 -89 30 47 -999 -999 20 -999 -999 -999 21 -96 -100 -999 -999 -69 -999 65 -999 -55 4 -999 -999 -33 -999 -999 -999 -999 -65 -999 64 36 -99 -66 69 -999 -999 -999 3 -44 -999 4 96 -999 -999 -32 22 -999 73 -66 -999 -999 -15 -11 -17 -999 32 67 -999 -36 4 -999 -999 -30 -999 6 -63 -55 -79 -999 -999 -96 -999 23 -12 -999 3 -999 -76 -82 35 -999 -999 -999 -999 -999 -999 -999 -999 -999 -999 -999 -999 93 17 -14 -999
-8 -999 -69 3 -999 20 -999 -53 -64 -24 -999 -999 -999 -999 10 -97 -999 -999 -999 -999 73 -999 80 -999 88 14 47 49 -18 -999 -999 -999 -999 -74 -999 -999 -42 -999 74 -88 48 92 60 66 -23 -2 -64 -999 -999 -16 -999 -58 90 -61 -49 -999 -999 76 -18 -999 -25 -33 -999 36 49 -999 -999 -999 0 -36 -41 100 34 -16 -999 -999 -27 -999 87 96 -999 -999 -999 -999 -80 -999 -999 87 -999 -81 62 -999 -999 57 -999 -999 89 -999 -999 -999
-999 73 -999 -999 -999 -43 -999 67 -999 29 86 -57 -999 -999 -999 -999 -999 10 72 -90 -999 83 -89 -999 76 81 -999 85 31 83 -999 -999 -999 96 -11 -88 75 -999 -999 76 93 30 54 1 80 -29 -999 -76 -52 -16 -27 -999 -999 -999 7 -35 70 -999 -21 70 -18 -999 -999 -999 -999 57 -999 34 -999 -14 -95 -999 17 -999 94 -999 -999 -49 -999 53 -999 -20 31 -13 -999 -999 -999 -73 50 -86 38 28 -16 -999 -75 12 -8 -34 -28 -999
-20 23 -75 -80 -999 91 -999 -999 21 0 -999 -999 -70 -36 -999 -999 -999 -34 100 -999 -999 -999 -85 2 10 -59 -49 -999 -10 -98 -999 -999 -63 -63 -999 -999 -999 -999 95 -999 11 -6 -999 -999 -81 -999 -999 -82 -999 -999 13 -71 74 10 -999 -999 31 -54 62 -999 -24 83 -999 -999 -999 -999 -999 -999 -999 -999 -999 -999 86 -999 69 -999 -999 -999 39 -14 0 -18 -999 39 -56 -999 -999 -999 -999 62 2 46 12 -999 -42 -10 -999 73 -999 -999
-999 -999 -59 -999 47 -999 -999 -999 73 -999 97 89 -999 11 -91 -24 -35 -999 -999 -999 -53 20 0 -999 -999 -999 81 42 -999 -999 -999 24 -999 -57 82 -999 31 -999 58 6 -999 -41 -999 -999 -999 -999 12 -82 68 -82 -999 -999 -999 98 -999 -95 -69 -999 -999 -999 -999 -4 100 -999 -999 21 -83 -999 -66 44 -999 0 -67 -999 -21 -999 -999 -999 -999 -999 49 -70 87 -999 -90 -58 -55 91 -13 -999 -999 83 61 56 -999 73 10 -999 31 11
-999 -28 -999 -999 -34 -999 -999 -999 -999 -25 -999 -999 -999 -999 70 99 -51 -999 -13 -52 -999 -63 -999 37 -999 -999 -65 15 -73 -26 -999 -999 43 -999 40 8 -100 -55 -999 -61 18 -999 21 58 31 9 8 -999 -15 -64 -999 -87 -89 -13 24 -999 -999 -999 -999 -999 -999 -999 19 -999 -999 -999 -999 89 21 -999 -81 40 -77 -999 -18 -999 -68 -999 2 -91 -999 -49 -83 -48 -76 -999 96 -66 -87 -28 31 -999 -999 -33 -85 -999 18 -999 93 66
-100 -999 -999 -999 -999 -24 -55 -999 -91 56 -83 53 -999 -28 -999 -69 -16 -999 -68 47 19 -999 0 -92 -46 -999 -999 -999 -68 44 75 -999 -999 17 99 74 9 -999 -999 -999 -16 -999 51 -999 -37 -68 -999 77 -999 -999 -999 -60 -999 -999 -999 -999 -999 75 -999 -82 51 -999 -11 -999 -999 -999 24 -999 -999 58 13 -93 56 -75 -999 71 -999 -57 91 75 -999 15 -999 -999 50 -999 -83 -999 3 26 -999 15 -50 -999 -999 -999 -999 -999 -999 -999
56 -999 -62 -71 97 -999 -41 77 25 63 -999 -999 95 -999 -51 44 -999 -999 -999 -999 -50 46 -18 -79 -999 94 -999 -999 -999 45 19 77 83 -999 99 -999 -999 51 -94 -999 38 -999 -999 -999 -999 -20 -999 -96 -999 60 -999 -32 -999 -999 50 -999 -999 -999 25 -999 -999 22 -999 68 43 -999 -40 -999 -26 -999 -14 -45 -55 -999 -999 -999 -999 -999 -999 -999 85 -56 -999 8 -999 -11 -999 -81 66 -999 -999 -59 -999 -999 -999 -999 -999 -69 -999 -34
62 70 -999 -84 27 18 -999 -999 -64 -999 -45 -999 -999 -999 -68 -999 78 -41 35 -999 -999 -21 -999 -999 -999 57 26 99 -999 -999 -999 -48 -999 -999 -999 -999 -999 -27 -23 -4 -64 80 -80 -999 -999 23 -85 -999 -999 -999 -49 -999 -999 10 -999 -999 72 -999 -999 72 -999 -999 -999 -999 -999 -37 -63 -999 -999 -999 -999 -999 -999 -38 -999 -999 81 -94 -999 -999 -57 -17 -999 -999 62 -999 -999 -999 6 -999 -999 71 -999 -999 -999 -81 -29 72 2 -999
-63 -96 -999 -999 100 -54 -999 -6 43 -999 -999 -999 -999 82 64 76 98 -999 -999 50 -999 47 -999 -999 -92 -33 -999 -999 -999 -999 -999 -999 29 -999 61 -999 58 -999 -37 -96 55 60 -999 50 -999 95 96 -38 -999 -999 -999 -999 -999 -999 -999 -64 -999 -33 -999 -36 67 5 4 -999 -999 -39 -55 86 -999 22 -60 -88 -999 -999 -999 -999 -999 6 -999 -91 -999 -999 -999 -999 -999 97 -13 -999 5 -999 -999 1 -999 -999 19 -99 -47 35 29 24
42 -999 -999 -999 -999 -52 96 -999 -999 -68 -49 -79 -999 -32 74 -999 -999 -999 -98 -999 -999 -999 97 -999 -999 -999 -999 -999 -999 13 -999 -80 -83 -53 100 -999 -81 58 30 -999 -73 51 -15 -999 -999 -80 -999 50 -30 -2 -65 -999 -81 39 -63 -999 -999 -17 97 -999 95 46 20 -999 -999 -999 84 -20 -19 91 -999 -999 -999 -999 -26 88 -999 -78 -999 -999 6 86 -70 -999 70 -999 -999 -92 -81 -999 -999 -999 91 -999 -999 -46 99 -999 -89 64
-67 -999 -999 91 -999 -999 3 -58 -1 -999 93 -999 -999 -999 -68 -999 -15 -999 88 -999 -26 -26 -93 -86 38 -999 -999 -80 -999 -20 -999 47 58 -999 -999 -999 -999 -999 94 -999 72 -999 -33 -999 -999 -999 74 -999 46 -83 55 -47 -999 -999 -999 72 -73 20 -57 79 95 -999 -999 -68 -80 -999 -999 -89 9 -50 -999 -999 33 -999 -999 -999 -12 -74 -53 54 -80 50 16 7 -72 -999 -999 90 -18 -89 -58 -999 -999 -79 45 -999 -999 -999 -999 -96
-73 -999 -37 -34 -999 -88 -50 -999 54 -26 54 82 -999 -999 -999 -999 22 -999 74 -44 -33 -67 86 -999 22 8 -999 -999 -999 54 49 -999 16 11 40 -999 -999 91 -78 -96 14 -999 -999 -999 -999 -999 -88 43 55 69 98 -999 -999 -999 3 39 -999 -62 61 -999 55 -999 -999 -999 -999 -999 10 -999 -999 -13 62 -999 -999 78 -72 -85 -999 -999 83 -38 -999 -999 89 91 -999 -999 -999 -999 -999 -999 -999 -999 -999 11 -999 79 -999 -999 -999 87
-1 -999 15 -46 -14 68 -999 -999 -999 -999 -999 -999 -49 -999 33 -999 78 -999 -999 38 -999 -999 47 -999 -999 -999 10 -92 -999 86 -76 56 -999 -23 -999 -87 48 -999 55 -999 19 -999 -68 -999 74 -999 7 -999 -999 -999 93 -69 -999 -999 29 18 93 -999 97 2 -999 -45 -999 98 36 31 -999 57 -68 84 98 -999 33 -999 -999 -999 -999 4 -7 -999 -999 -999 -55 -999 94 45 -77 -999 -999 37 -999 -999 -26 58 -999 -999 94 -75 94 -57
-999 -999 -999 -999 -999 -999 -999 60 -999 -999 35 19 -999 99 100 13 -90 -999 61 -999 -999 9 -8 0 97 -48 61 -23 -999 -999 -74 -97 36 -999 -999 -999 -999 -999 -999 0 -70 -999 78 -999 -63 64 -999 -999 -999 80 -48 -999 -999 -999 -999 -15 7 72 57 -999 -10 -79 90 -999 -999 -47 -999 86 77 -999 -999 -999 -999 66 -57 -999 11 -82 -999 -999 -96 -55 58 -999 68 2 -24 -999 -999 -999 -999 2 33 -79 -999 -999 -999 73 15 -999
-999 -999 -36 85 -999 -82 19 -999 -68 -29 -999 -999 -999 -999 -999 -999 -999 -999 17 -999 -999 81 -999 97 -81 -51 16 -999 -999 98 -70 -999 -999 -69 84 -999 76 -999 -999 -999 -999 -999 -82 -99 -999 -999 -999 75 -999 -34 -999 -999 -999 -27 -12 15 -999 -999 28 -999 -999 55 -90 -999 -51 -16 -999 -999 -999 -93 -16 -999 -999 8 48 36 -999 -999 32 -999 -999 76 8 10 -999 -999 9 46 -4 -999 -999 -999 -45 23 -50 -11 -999 -999 -99 -999
-999 -7 -999 -999 -999 -999 -4 -999 -58 90 -999 -57 -999 -20 -999 -999 -999 80 51 9 -999 -28 -999 94 -999 -999 37 67 -67 -999 -999 52 -999 -999 -999 -63 -999 -999 60 98 52 -61 -999 -999 -42 31 -999 44 -61 -16 84 -999 -82 -7 -999 -999 30 -999 -1 -999 -999 50 12 -999 -12 6 91 -999 -999 -78 91 58 -7 79 -999 -999 -999 -999 -999 -999 -999 -999 71 -999 -71 -29 6 -999 -999 41 -999 -70 -999 -93 64 -51 -6 18 -999 -999
-999 -999 -999 -999 8 -999 -999 -999 96 -999 -63 -98 -69 -999 -999 -69 29 -999 -6 -999 -999 -90 -999 55 -999 -999 -999 -999 19 -71 -999 75 -53 -999 61 -999 -18 -35 57 -65 -2 -999 -999 -999 -23 -999 -76 -3 -15 -999 33 -999 -999 92 -999 23 58 -999 19 -999 -63 88 -999 -36 -999 -999 -999 27 -999 -64 -98 -999 -3 -999 -999 -53 -999 -999 -999 4 -999 -999 -999 4 -52 24 -40 65 -999 -999 -999 -999 -999 -58 46 -74 -89 -999 -999 -35
-68 -999 35 -999 28 -999 28 -999 37 -999 -999 -999 59 17 -40 -999 -999 -57 56 -68 -10 -999 -82 41 -33 -999 -7 -36 61 -37 -53 66 59 -999 -999 -999 96 -67 -999 42 -51 -999 25 -999 78 -65 22 45 21 -999 -999 28 -999 -999 -999 1 -54 -999 -999 -999 -36 -999 -999 -58 21 -999 12 -999 19 -999 -11 7 -999 -999 -90 -20 -999 -68 -83 -999 -999 -999 -100 -44 79 -20 -999 -999 -999 35 -999 -999 -999 -999 -999 -999 -999 47 -999 -999
5 -999 -999 -40 -999 -999 -11 -999 -999 -999 -53 66 -999 -89 -999 -999 89 -999 -999 -999 -999 -999 -999 -999 64 -11 -999 21 -999 -999 -11 -16 -15 18 -999 -999 33 -3 90 32 -23 -22 -999 -999 -999 -999 -999 99 -38 -99 -999 -999 -999 16 -999 -999 -999 -999 -999 20 -999 -999 -5 23 -67 3 -56 -999 -999 -999 -999 4 -6 -999 -999 -31 -55 -999 -999 -999 62 89 41 -999 -3 -999 -999 -999 -999 -999 80 -999 -999 -999 58 -31 -999 75 -999 -999
-999 -999 -999 -67 -15 36 11 -999 -999 78 91 -25 -15 62 -85 -30 3 -999 -999 -999 -20 -67 -6 -81 -999 -34 -999 -999 -999 -999 -999 -999 -999 -999 -999 88 66 -30 -999 6 -999 -999 -92 -999 -999 -999 -999 -64 -85 -999 40 88 -999 30 6 86 -999 -3 -999 -999 57 21 -86 95 -75 -999 -999 -89 -999 -999 32 28 -59 -48 81 -999 -14 -999 -999 70 -999 -999 -999 -33 39 48 96 -89 -999 -999 -72 44 -90 -7 -14 -98 -999 -999 6 -999
-999 -999 8 30 -999 34 -999 -999 -999 -999 1 -32 -12 -999 -999 -999 -78 -92 -999 -999 -19 -9 -999 -999 -999 -999 -999 -999 -55 -59 53 -999 94 -999 -999 43 -94 54 1 -999 -97 10 -63 -999 60 -999 -999 -61 -999 -15 82 -999 -28 -999 -999 -42 69 75 -75 85 69 88 -999 -999 -999 -24 -999 -999 -89 10 14 29 -999 -999 92 -999 -999 -999 -999 -999 34 -999 16 -999 -999 -999 -45 -999 -999 -999 -999 -1 65 -999 -34 -30 -999 -999 -999 -45
-999 -7 69 -60 47 -999 -999 -999 -37 -999 -999 85 -73 -30 -999 -999 -999 -93 64 -52 -999 -999 -999 -48 21 -999 -24 81 88 -999 -999 37 -999 -82 -999 -71 -999 -999 -999 -999 -999 -999 -999 52 -999 -999 22 -999 -999 -22 34 -999 -999 -999 -999 94 -37 -999 -999 -999 -41 -999 -999 -24 88 50 8 -999 -98 -999 38 -15 16 -999 -999 -97 -999 59 -62 -999 88 -24 -999 -999 -94 97 66 -76 -999 -999 -23 -999 -999 -999 -999 79 27 -56 -999 -999
-58 -999 45 -999 13 -29 -999 -999 -78 -89 5 52 -999 89 56 3 63 28 -999 -999 -87 -999 -14 -999 -999 -46 98 -8 92 23 -18 74 -999 -999 -999 -999 -55 -999 7 -999 -999 -23 -999 -999 -999 95 -999 -27 -999 -999 -61 95 42 9 -82 -999 -999 -64 32 59 68 -58 -47 -13 77 -999 -999 -60 -999 42 -999 -25 -999 -999 50 -85 -999 -13 -999 13 -999 39 -999 -999 -999 -999 -999 -999 26 -999 -999 -999 74 -25 15 -3 28 -999 3 -89
-999 -3 -999 -999 75 -999 -82 -43 85 2 -66 -999 81 -999 -76 -100 56 84 -999 72 -999 -999 -999 -999 -999 -999 77 -999 -999 -999 -999 -59 -999 -85 91 -999 -999 -41 -999 -76 -999 -999 -999 63 -90 -33 -999 -999 17 -39 28 -93 -999 -999 80 -64 -999 -999 28 21 -999 -999 -999 -999 31 48 -999 -999 -999 -999 -32 -999 -999 -999 -999 -999 -68 -999 -28 68 -999 -999 -999 -999 -73 -999 -999 -999 -999 -999 -14 5 66 -6 14 4 -90 38 -999 31
-999 -999 -999 -999 -11 -99 -98 12 -999 -34 74 -999 -999 99 -999 -96 -999 -84 -999 -15 -94 -999 -999 -999 -999 -46 29 -12 93 -999 -999 85 -999 -999 -999 31 -69 -999 -999 -999 -73 -999 56 -999 97 -999 -999 -999 30 12 -999 -999 -62 79 -36 49 -999 -999 -1 -999 -999 37 -999 -999 93 -999 -999 27 -999 -999 91 30 -45 -999 -999 26 83 77 -999 -999 -91 56 -19 -999 -3 -19 46 -47 -79 -999 -82 -83 -999 71 -999 5 -999 -8 -24 -999
56 -999 93 -13 81 -999 -28 18 -999 -54 -27 96 -40 48 -95 -999 -30 -1 -999 16 9 15 -999 52 -999 -48 73 -74 -83 -21 -22 91 26 -999 -57 -47 -999 81 -999 -84 -999 -23 -5 -999 -999 -999 10 -999 53 -999 12 -5 -999 -999 -999 -46 -999 -999 -100 -999 50 -26 -51 -90 42 -999 -999 28 -999 -54 -999 -999 29 77 -89 70 -67 -999 -999 -92 -65 -8 -60 -999 -999 -8 -53 47 -999 -999 -999 -31 -54 -999 -999 -999 -999 -999 -999 -999
69 -999 89 -999 36 29 -92 -2 -999 -999 -999 -999 -999 -33 38 -999 -999 -999 -58 -999 -999 63 38 -39 -999 -89 -999 -999 81 -90 -999 -999 -999 44 23 88 -999 3 -89 -999 57 -999 -999 11 -999 -999 -999 59 -83 -999 58 -40 -45 71 86 7 86 31 2 -999 -29 3 -999 -999 -55 -999 -999 -999 -999 67 -999 84 -999 -999 -999 -999 -999 -999 -68 -999 -25 -36 -999 -999 -999 -999 -100 4 53 -999 -999 -999 66 -55 36 -999 -999 58 100 -999
-999 52 -29 -999 -999 -999 64 35 -999 -999 -999 -88 58 -38 -999 -999 -999 -999 -999 -999 -64 -999 -999 -999 -999 -999 46 -999 36 -41 -999 -90 -999 -999 -91 88 -999 -999 -999 -999 -999 -46 48 -999 -999 -999 37 -999 -40 -999 -999 -999 -999 -85 -999 -999 -100 -61 -999 -999 51 -999 17 -999 -999 -999 -999 36 -32 -43 -999 -99 -55 -999 0 -53 -7 -999 -999 -54 58 -999 -999 -999 18 -11 -34 -999 -69 -999 91 12 -999 22 -999 -16 -26 -999 40 -86
-80 35 -999 -81 28 -999 24 91 73 39 -999 -11 -999 -999 -32 -999 37 -999 -999 -999 -999 9 -60 -70 20 63 -999 -999 72 -999 -999 36 -20 -999 -999 -38 -68 -80 -999 -11 -25 49 49 -4 -9 -63 -999 -68 -55 -999 -999 59 -62 91 -32 -999 -69 -14 -48 -999 -40 -31 -999 -999 -999 49 53 -83 -47 -999 74 -999 -99 -999 43 -999 -999 -999 -999 -999 -6 30 -999 -999 -999 67 -999 -99 -999 -999 -999 -999 -68 -22 -999 -29 -999 -999 -56 -999
-72 -999 -100 -17 -29 -999 26 -999 -999 -999 -999 -999 -23 -999 -53 -91 8 -999 95 -999 -999 -999 -999 -999 39 -999 -999 -999 85 -999 -34 -999 -999 -50 93 -70 22 -999 78 -999 -999 -84 97 -34 -84 -18 -999 58 73 -28 -84 -14 -999 96 -93 -6 -999 -999 -999 -999 -37 -999 -999 5 -999 -999 -999 -999 -25 -81 -13 65 16 -999 79 9 6 -77 -999 -3 2 -999 -3 -999 -999 -999 -55 -999 82 -66 35 -999 -67 -999 -999 -999 -999 42 -999 -999
-999 37 -999 -86 -999 -999 -999 -100 -10 27 -999 -999 -999 69 -999 -999 -999 23 -999 -98 -999 30 58 -999 -999 -999 -999 43 -999 -99 -74 -999 -999 -999 -999 0 -81 -999 -999 -40 -999 -999 71 -999 -999 -999 55 -999 -80 -999 -57 -33 -999 -999 -999 -63 -93 42 -999 -999 -999 -999 48 -999 -70 -999 22 -25 -85 -999 -100 63 -12 -4 21 93 -999 11 -999 -999 15 -999 19 -999 -999 -999 -999 30 -999 -999 -19 -28 -999 19 -71 -28 -1 -999 -999 -97
-999 -999 -999 -999 -999 96 94 35 -999 -999 44 -61 56 -28 -1 -86 -999 -999 -37 -75 100 -14 -999 -999 -45 -51 -999 -999 -999 -999 -999 -999 -999 -14 -999 -999 -999 -92 -999 -999 -999 -22 77 95 95 -17 -96 -999 -87 -999 -36 31 -999 24 65 -999 6 -999 -999 2 -83 45 97 52 -999 82 -999 -65 57 -32 -95 -41 -999 59 19 41 -999 -999 95 9 27 -999 -88 -999 -999 45 -999 -29 -999 0 -999 -41 -999 -999 -999 -53 -29 -999 -999 -999
84 -999 -89 -999 -999 -999 -999 -999 39 -999 -92 -999 -98 -999 -999 -999 -37 -999 -999 -999 -73 -20 -999 92 59 -999 -999 -99 -999 20 -12 -999 -999 -999 -46 -52 -999 39 8 47 -999 43 -999 -999 -999 -999 -999 -64 -999 -24 60 -999 81 -21 17 -999 -25 -999 27 -62 -999 -999 -52 -31 -999 78 -3 46 -999 -72 -19 -53 -999 -999 -26 42 45 47 -999 -28 -999 -95 -999 61 -999 -999 -999 -999 -999 -91 -999 29 64 -999 50 -999 -999 -999 -999 -999
-999 -18 -999 -999 -999 5 -999 -13 -999 58 -999 -999 -999 -92 -999 -1 -999 -51 -999 -8 11 34 88 -999 -999 100 -999 51 28 -999 25 79 19 81 43 -79 -999 32 -65 -61 -999 -1 -999 -999 -46 -999 -84 -999 -999 -999 -999 -41 -999 43 -999 -51 -93 -63 -96 -999 -31 83 92 68 42 -999 -999 95 -999 89 -999 38 -999 -999 16 -999 55 -999 -999 -999 -8 -999 -999 66 -999 93 -999 -999 -999 -999 -999 94 -999 -48 38 -999 -999 -999 -79 -999
84 -999 -52 -83 31 -999 -999 -85 -999 -999 -999 -999 99 -999 -999 44 -999 -18 -999 -999 12 -999 -51 63 -999 -999 -999 52 84 43 -999 -999 -999 -999 -999 -999 18 -999 5 -999 -65 -999 -999 -66 -999 85 -21 -12 -999 90 87 33 26 -999 46 -999 -999 95 35 -999 -999 -999 61 98 -999 -2 65 -999 93 41 -999 -42 -999 -74 -999 80 -999 -999 -999 -68 -29 -999 -52 -80 100 16 52 -999 -26 4 -43 13 -999 -999 -999 35 -999 -999 41 -999
88 92 -999 -6 -999 -999 -999 -41 75 -999 -999 -93 -999 -74 13 -999 -999 -999 -999 -999 -999 26 -999 -999 -999 -999 -999 -999 36 -29 -999 -40 -999 10 -999 -999 -999 96 -999 -999 -999 -999 -76 -97 29 -999 -999 -66 -999 80 -999 -999 31 55 -999 78 17 80 -51 -999 36 -999 -18 -999 -999 -999 -53 -999 -65 97 -999 -999 -999 50 -999 -19 -999 -999 -999 28 90 12 -999 -999 43 -999 17 -79 49 -38 4 26 -999 -999 93 -999 -999 -999 -999 -999
-999 -999 -999 -999 86 89 -999 -999 -999 -98 28 95 46 -999 87 42 -63 -999 -80 -999 -999 -999 -8 -999 -58 -71 -23 -999 -24 -21 -999 -97 33 -999 12 -999 -999 -9 31 -999 -999 18 -999 18 -20 -999 -999 -999 -999 5 95 -999 -61 -999 -999 74 60 -999 41 -47 -90 -91 23 28 86 -999 -23 25 78 -99 74 79 -999 36 56 71 -999 -73 -999 76 13 -999 74 -97 -29 -999 -999 -49 -999 -999 -999 -999 -52 -18 -999 -45 -45 82 -999 94
-999 3 -37 -13 90 21 -75 -999 7 -999 -999 -18 -64 26 -999 -999 -53 9 -999 -5 -97 -76 -41 -81 -999 85 -74 -41 -999 5 21 -999 -24 -999 -82 -72 -48 -999 -16 -999 -999 -999 -59 -999 74 80 30 56 -48 -999 -89 90 -999 -999 -19 -999 -46 16 -999 3 -999 -999 -72 -9 23 -999 -50 -999 -999 -999 39 -999 -999 -999 14 -999 -999 -57 -999 -999 -999 -55 -999 -999 -999 -87 -999 -999 -999 -999 -999 -24 -999 -53 49 -999 -88 -999 26 -71
-999 -79 -999 -22 -999 59 -999 -999 -999 -999 -39 82 -84 -999 -90 -999 -999 -999 71 -999 -999 -999 -999 66 -13 -31 -999 -25 63 -999 -97 -999 -999 -72 50 27 -94 -70 91 -50 -999 -55 57 -999 -22 -6 -999 -999 -999 -999 -84 -999 -24 -999 -999 -999 60 -999 -30 -15 -92 -55 -28 -999 14 15 -999 -999 -999 -999 -999 92 -999 -999 -999 30 -999 -999 -999 -999 -96 47 63 -999 -999 -999 -999 -999 -999 74 -999 59 53 97 -999 -999 -13 -999 -97 -999
-90 -999 -999 -999 -999 -999 -999 4 -999 -999 -85 -48 -999 24 -999 -999 79 -999 -999 -999 -999 24 -999 6 -999 -25 -999 -999 38 -999 -22 1 75 91 -44 -999 -999 -999 43 -999 -39 -999 -51 5 30 -999 -999 -999 -999 -5 -999 83 17 -999 -95 -999 -999 -92 -999 -66 -53 -14 21 -999 -999 48 -999 -96 -999 -40 -999 -999 -999 -55 -999 25 -999 53 -999 4 -999 81 -97 10 -999 -999 42 -100 86 38 -999 -999 -73 80 -72 -999 -999 -999 -999 -999
-999 -999 31 -999 -999 -999 -73 0 -999 -999 -56 77 -999 -999 -999 -33 -999 -26 -999 -51 -999 -4 -999 -27 39 37 -999 -22 -999 -12 -59 -81 -999 71 -15 -999 -64 -999 41 42 51 8 -999 -999 9 -999 -20 -999 -999 96 38 -999 66 -999 -4 -5 -999 -999 14 -20 -999 -999 -999 -999 -999 -999 -86 -999 -999 -999 -999 -999 -60 -999 40 73 64 -33 -6 68 61 -17 51 -999 -83 -999 -999 -999 -21 -999 -999 64 -999 -54 -25 -999 92 -999 -999 41
-999 -999 -999 -999 -999 -89 -44 90 -999 -999 -999 -999 -999 -20 -999 -64 -999 -999 -999 59 -999 -100 61 -999 -999 -95 66 -47 12 -999 12 -34 -999 -75 -999 -18 -999 45 -999 -999 50 -999 -999 44 -999 70 -999 -999 -999 -999 -999 11 -72 -66 -999 -999 -66 -999 -999 -77 -68 -41 -999 -999 -999 -999 -999 -999 -999 13 50 98 -999 -40 -999 -999 54 -999 50 -57 -999 -999 28 86 50 -999 -999 -50 78 40 2 -999 -999 -999 -999 -999 -72 -999 -999 -999
89 -999 34 -999 78 29 -98 -92 -6 98 -999 19 -999 -14 31 -999 -999 -13 -56 -999 14 -999 -999 -76 -999 -70 -999 -999 27 -999 -999 93 42 -999 -59 -52 -999 -999 -999 -22 -49 59 -999 -999 -999 27 -999 -24 -999 -999 93 65 -67 -73 -999 -22 -999 -999 -999 88 77 -999 -65 -13 -999 -999 -999 35 -999 -999 -24 -47 -17 29 -24 12 54 -999 -40 -999 -6 -999 -999 4 -999 49 -999 -999 -999 -999 -999 42 -64 90 79 -999 23 -47 30 49
-999 97 54 -999 37 -999 -999 -51 -999 -999 -999 -999 -39 -999 -999 24 69 -999 -999 69 95 -999 11 -999 52 -999 -999 56 -999 33 55 -999 -999 97 54 93 -999 32 -2 -999 -999 -999 -999 -999 -999 -999 7 10 -64 -999 -999 -999 -999 81 -45 -999 80 -51 59 -999 -100 -999 29 28 21 -74 -999 86 37 -999 -999 70 -999 8 -56 75 -999 6 -999 -999 29 -6 -999 -74 -999 -999 -999 -999 40 -999 9 -28 86 -68 58 -999 -999 -999 56 -999
-999 -999 -999 -999 -999 -21 45 -999 -999 -45 -57 -999 -999 -999 -999 -999 80 -999 -999 -999 -999 27 -79 -87 -86 -999 -42 -999 -61 -66 -999 -87 69 -999 -999 -999 -20 -49 -999 77 78 -999 93 78 -73 -999 -999 -999 -62 -999 -999 -72 -91 -85 -999 11 -999 -999 -999 -999 -999 -999 -999 -999 -999 51 -999 -999 -999 -999 -71 73 -78 75 41 -999 -85 -86 31 -52 -91 -999 13 -999 -999 -999 -999 -999 -79 -999 -1 -999 50 -999 42 45 -999 50 -999 42
38 -93 -999 48 -999 31 -999 -41 -89 -999 83 -999 62 -999 -999 83 -999 -999 -999 -999 -95 59 -999 -999 -85 44 -999 10 56 -88 -999 -999 -999 -81 -999 -85 -64 -57 -999 -999 -999 -999 -999 83 -999 -999 -999 -999 -26 -999 81 -55 2 95 -999 78 -999 -999 -38 -999 54 -999 -82 -999 -81 -999 67 -999 3 -29 35 -7 -42 66 38 85 36 -999 -999 -999 -76 24 34 -64 36 -999 44 42 83 29 -999 -999 -999 69 -999 51 -999 -37 -93 -18
-55 51 -999 -999 -25 -999 -999 -999 -69 -9 -999 -999 -999 -999 -16 -999 -81 -86 -999 30 -999 -999 9 77 -81 -47 -999 -41 37 -999 41 -60 -999 -52 41 -999 -57 59 58 43 -94 -999 -999 -85 -999 -36 -999 -61 -999 -98 -61 -81 -999 -999 -26 -84 30 -11 3 -999 -999 -999 -999 11 -74 -46 -67 -999 -999 8 30 -999 -20 -999 -999 -60 -999 -54 -55 -43 -48 21 -999 -999 57 -10 -999 -68 0 -80 -999 -52 -999 -27 -999 64 -56 -999 -999 0
