100 100
0 -999 -48 -999 -999 -999 -999 -999 -44 -999 -999 -999 -12 -999 39 -999 -61 -999 -59 -999 -13 2 -999 -27 9 -999 -44 9 92 -999 -16 -999 -999 -24 -999 -48 -999 -999 -13 -5 -999 -999 -999 -999 47 71 -999 36 -87 -31 -999 -999 -999 -999 -999 -999 -999 69 64 -5 -999 23 44 88 -999 -57 94 86 -999 -68 -21 -35 43 75 -999 58 -999 -22 -999 -70 -999 65 -999 -999 -999 -999 18 41 -76 -999 -999 -999 88 -4 43 -19 -999 -999 10 -999
86 -6 -999 -999 -22 -32 -999 -999 -42 -999 -999 -86 -999 -42 16 -999 -999 -999 -999 -999 -999 -68 -18 -999 -999 -999 -31 55 -999 -999 -999 -999 -999 -999 100 -84 -999 -36 -72 -91 -999 -999 69 -999 -999 -6 -999 -16 80 -23 -999 -11 29 -999 83 -76 -999 -999 -999 -4 -999 -73 -999 41 -999 -999 -100 -9 -999 34 20 -999 -999 -60 69 65 32 -999 -13 -999 -999 -17 60 -999 -999 -999 -999 -999 -999 77 52 95 -30 -999 82 -1 -999 -999 -99 1
-999 -999 -64 -999 -19 -999 -999 -3 -999 -999 -999 -999 -99 -999 -90 -999 7 -999 -89 -999 50 -58 21 -29 52 -18 3 -999 -999 34 -999 -84 -999 -999 -999 -9 -999 -999 -35 2 -83 -999 -999 38 99 -7 77 -35 64 59 -88 -999 -999 -78 -999 -87 -999 -999 -999 -999 -1 -999 41 -3 -999 -999 -12 -999 -93 -999 -999 -999 -82 -999 79 -999 88 -9 -999 -999 -999 68 -85 31 -999 -999 -999 -7 -999 -999 -18 -62 -999 43 -47 7 -69 48 -45 -71
-999 -999 -999 -999 -999 -999 -999 -999 -999 -999 -31 -999 -999 -999 -99 -999 -999 -17 -999 -56 -999 29 41 -999 17 14 -999 -56 -83 -999 -999 79 -999 -999 -83 -999 76 -999 -999 9 -999 -999 84 39 65 13 -999 -999 -999 -999 -999 -40 9 -999 -999 7 -999 -999 4 -999 -33 -999 -999 -999 -999 -999 -44 -999 -38 24 -999 -65 -999 -999 -999 -73 100 -999 -7 5 19 -999 -999 -93 41 18 -999 -999 -28 -999 -73 81 90 -59 -999 -999 55 -29 -999 -999
37 -999 97 -70 -999 26 1 -61 -999 -999 61 67 34 35 -999 20 -999 -999 20 -999 -999 22 -999 -999 19 -999 -77 93 -999 -999 -999 -76 -999 -90 -32 -11 45 -999 -999 -999 -999 -999 -29 -999 -999 -999 -999 -64 -999 47 -999 77 -999 -999 -999 -999 -999 -999 48 -999 -51 -999 84 -999 -999 -999 99 68 -999 -4 -999 -23 -999 -999 -999 -999 -999 98 -999 -999 10 73 -999 29 -999 -999 28 29 -64 -75 -999 -78 -88 -999 -999 -999 -999 88 38 -88
-999 -62 -36 -999 -999 -999 -999 -999 97 -18 25 -999 71 -999 -999 -72 -2 -999 63 -81 -59 56 -999 -999 68 70 24 -999 -45 -999 -999 1 -999 -999 -999 -999 -38 -999 -999 -999 44 -98 -999 -5 60 -82 -999 -999 -999 -999 -999 -999 -999 -999 -999 68 -999 -999 -999 -999 -999 96 -999 -999 -999 -999 -999 41 -999 -999 -71 -40 -999 -999 -22 -52 -71 -13 31 41 -79 36 -999 -19 -999 -999 33 -57 31 -79 89 -999 -999 39 88 -22 48 -72 -999 -999
-999 -999 -999 -69 -33 93 -2 -999 -999 -999 -999 -8 30 -34 -999 -999 -999 92 -999 -999 46 26 -999 -999 -40 -999 -75 -95 -999 -50 82 16 -999 -999 -70 -23 -65 -68 -999 -999 77 75 -999 12 80 -40 28 -49 7 -98 60 -999 -999 -999 37 35 -14 -999 -9 29 -15 -999 10 -999 -73 -999 -51 -999 -999 -999 -13 -999 -78 -74 -999 -999 -999 -94 -999 -999 41 -999 37 31 46 39 -999 41 31 -23 -40 -999 82 -80 58 -91 74 -90 52 -999
-74 -999 -999 -88 -999 -999 -11 2 -999 17 -47 87 92 -38 -999 0 57 15 -999 -999 -999 -999 -5 -999 -999 93 -999 -60 -999 31 -999 -999 58 82 -999 9 -999 -28 8 -999 -999 -999 -999 -999 -999 -79 -999 -999 -81 -999 -999 11 -999 42 -999 -999 -999 -999 -999 -54 -999 -88 -999 -999 -999 -999 37 -999 -999 -999 -78 57 -999 -999 2 -999 -999 79 -85 -17 -86 12 -86 -999 28 -98 -999 44 -999 -999 -999 38 71 27 45 16 -999 -32 -999 -57
-8 -51 78 -60 -94 -999 34 83 -71 -999 -82 26 -999 -999 -93 -55 -60 -99 -999 -999 -5 -82 25 6 -999 -21 51 66 -999 -999 -21 67 -999 -999 -12 -999 29 48 38 -999 -4 -999 -79 6 -69 -999 -999 -999 -999 -4 -38 -999 -999 -45 -999 -57 89 -30 -999 -84 -999 -85 -3 -999 29 -999 -999 85 4 -999 -999 -93 -999 -999 -999 -999 -999 -999 -56 -999 89 -37 -999 -83 -32 -999 -10 -999 78 -89 -999 33 -94 -999 66 -999 95 -999 97 -999
32 -95 57 94 100 -999 -77 -5 -19 -999 88 -999 -999 -999 -999 60 -999 -85 -999 -70 -999 -73 -79 -999 -999 -999 -88 -999 -999 -999 -999 -999 -999 90 -999 -999 -999 28 -98 -78 -16 -999 -999 90 -70 -77 -999 22 -26 -999 66 -999 -54 -999 16 -62 -999 -999 -999 -999 -999 -999 75 64 -999 -93 -999 -30 62 -999 71 -59 -999 -999 -999 -27 -999 -999 -38 -999 -41 -999 -26 22 -999 -68 -999 -999 59 -999 -86 -999 -999 -999 -999 83 -999 -999 -999 -77
-999 -54 -999 -999 -999 -97 -19 -999 -999 -49 -75 13 -999 21 -999 -999 -999 43 -999 -999 -999 -999 69 -999 -999 -999 -63 92 -53 -999 -999 48 -999 -999 96 -7 29 -999 54 -999 -19 73 82 -999 46 -71 -72 -37 92 94 -999 -12 -999 77 -38 -999 -62 -33 -999 -7 -999 30 -999 -97 -999 -999 63 -999 -999 -999 -999 97 -999 1 -46 -999 46 -999 -999 -999 46 -999 -999 -3 -999 21 -999 -34 -74 -63 -999 73 -99 -999 -57 -999 -33 -16 -999 -999
-999 -999 -999 56 52 -999 22 91 -999 47 -11 -999 -999 -999 -999 98 -58 -24 -999 -999 -999 -11 -10 -999 -999 29 34 -999 44 69 -999 -65 -999 -999 -999 75 35 -73 -51 -999 20 -999 9 -66 -26 -52 14 -999 -999 -999 -999 -75 -999 61 -999 -87 -999 -999 44 -999 -71 -999 -23 -999 -20 -39 -94 -999 -999 -999 -999 -999 60 -49 25 -999 69 53 -999 -999 -30 -999 67 10 -77 67 -999 -999 26 -44 8 -999 -999 34 12 -999 -999 -999 -21 -999
88 4 -999 -61 10 -999 12 44 -999 74 -999 -60 -999 66 89 -11 38 -999 68 -999 -30 -999 93 79 87 -47 -999 56 27 -60 -999 -999 -3 -999 51 -999 -72 -60 -2 -999 43 -999 0 -2 -45 100 63 -999 -78 43 83 -999 -999 -999 98 -999 -40 -999 -999 3 -999 74 -21 90 -999 -75 -74 -999 -999 -999 -999 -17 -999 -999 -999 17 -999 -999 -999 -56 63 -73 -999 -59 71 -999 7 -40 55 -999 -999 -999 -999 -92 -55 -999 -999 -999 -999 -999
65 81 -999 -88 -95 -999 -999 -84 -30 -999 -999 -21 -8 44 -1 2 -999 -999 67 -28 48 33 -93 -60 48 36 -999 -999 -999 -999 -999 -6 -999 -999 -999 -999 -999 6 25 -999 -29 -999 -37 -999 -999 -999 -47 -999 -21 -999 32 -999 -38 -999 -25 -999 -999 68 -999 -999 -999 -999 -11 56 -52 -999 -6 -81 -999 -999 27 33 -29 -999 90 -999 -999 -999 -999 -999 -77 -999 -999 -999 -999 -86 -69 -66 -34 -999 -99 -999 -94 -999 13 -999 -999 -999 78 -999
-999 -999 -82 -999 -999 -999 -999 4 6 -999 -999 -44 -999 80 -31 -999 2 -19 -999 -999 25 -13 9 76 -999 -38 -999 -999 -999 -999 -999 -88 94 -29 -999 89 -999 41 99 -999 -15 -999 -999 -60 42 19 -999 -999 53 -66 39 -999 76 -999 -999 11 58 -999 -999 -35 84 98 77 -999 -999 -999 -999 -999 -999 52 23 -999 64 -31 -999 -999 26 -24 -999 -999 -999 -95 -999 -999 -999 82 -19 -999 99 -999 10 -999 -19 -999 34 24 -999 -82 -999 -999
-999 3 -999 -999 -999 -66 -999 53 -31 -31 -82 -47 86 -999 -999 -50 78 -94 82 8 -999 -35 -99 -78 -74 67 -999 66 -999 -19 -999 -999 -999 -6 -999 -46 39 -51 -999 -999 -73 -999 -999 66 -999 -999 -999 -27 -22 -999 -999 -999 -999 -16 11 -32 -999 57 -999 -95 -999 -65 -40 -75 -999 -34 -999 -999 -999 92 -84 -33 100 -999 -999 -19 -999 18 -999 0 -999 53 -999 -999 -32 -999 -999 94 -999 48 -60 -72 -999 83 -999 -93 -999 -999 -999 -999
-89 -999 -999 21 -999 -50 -35 -57 -67 -999 -10 -999 -11 47 -55 -999 -999 38 -41 -18 -999 -999 -999 20 -999 -7 -13 -999 -6 -56 -999 -22 35 84 -999 83 87 -79 -999 -999 -999 -999 -31 -999 -999 98 -41 97 -999 -999 -999 57 -999 -33 -999 -999 -999 51 -999 -999 -999 -91 -59 -4 56 -999 58 47 -999 3 11 -19 80 -999 -999 -999 56 46 -999 -55 -999 -45 -999 -999 -8 -75 -999 -999 -999 -999 84 -4 -999 -43 -999 29 -999 -999 -999 -999
-999 -999 96 36 37 -999 -55 -51 -999 -999 66 -999 40 -999 0 61 -999 -999 -40 -999 -999 -999 -999 -999 -999 -78 58 -999 74 -999 -999 -999 -999 19 -999 49 -41 -999 -999 38 -93 53 -999 -72 -97 68 -999 58 -17 -999 -999 -999 -999 -57 -999 -999 -999 -999 -999 50 -999 -999 87 -999 90 -999 -25 -999 6 16 -999 -29 -100 -58 -999 -999 -999 -999 -999 0 20 -999 28 -12 77 38 -999 -999 -999 -999 -999 10 -999 -999 18 -10 -999 89 9 -999
-999 -46 66 -999 -10 -18 48 -999 -999 -43 -999 -999 -999 -999 -999 35 -999 -999 -89 -9 -999 -999 -29 10 -42 -68 -999 6 -999 -48 -54 -999 -89 -999 7 -58 66 -999 -26 -999 -45 0 -84 55 -999 -999 9 -999 12 -999 7 -89 -999 -999 38 -999 -999 75 -999 -79 -999 70 -999 -999 -999 -999 -999 29 -999 -999 64 96 -999 61 -999 -999 -999 35 -999 -88 20 -999 87 -100 -999 -88 -999 -999 -999 -60 -97 -999 -74 31 88 -76 91 -13 20 -84
-999 -999 -999 -999 -999 97 -99 -999 -15 -59 0 -999 -999 -999 -999 -999 -56 -96 -999 -999 -60 10 1 -65 52 62 -999 -98 -23 -999 -999 -63 -999 -999 -74 -21 -5 -999 -999 -999 -999 43 -23 -999 -999 -999 -999 -999 -999 -999 -999 -53 -97 -66 -999 -999 34 -14 38 -57 48 -999 -14 -81 -28 -999 -60 -999 -999 -999 -26 -999 17 -999 83 47 12 -999 -999 -999 -74 88 -999 -999 -999 -40 -100 -999 -100 -999 13 -999 -999 -55 -999 25 -4 -3 27 -79
-999 -999 57 -13 30 -999 -999 -999 63 36 -999 49 -999 30 -999 59 -58 -57 -999 -999 -33 -999 -91 60 -999 -999 -72 77 -53 -999 -999 -4 -999 -88 28 -999 -999 -999 -64 -999 -54 -16 46 35 -48 -999 37 27 -999 -999 -999 96 97 -999 90 82 -999 55 -95 22 -999 34 -81 47 -999 -999 -17 -76 -999 -76 1 -25 -999 100 74 -999 1 -28 35 77 -999 -88 -999 49 92 83 25 -13 -999 -999 -97 -96 -46 99 -999 -76 -17 -999 -999 -999
-89 -999 -999 73 -999 -999 -999 42 63 -95 -999 -999 5 -999 52 -95 -999 -999 -999 49 18 -999 -999 -13 -29 73 87 -93 64 -82 -48 -999 95 -999 -999 -99 63 52 -999 12 86 -999 -999 -999 -999 -999 62 -999 -999 -36 6 -999 -999 -999 -999 24 -999 -17 -999 -999 -999 -999 -999 22 -999 -999 13 -999 -71 25 -999 -3 -999 -999 -25 12 -999 -999 -999 -2 -999 -29 -52 12 -999 4 36 -999 -999 -999 85 -999 27 -999 -30 -22 -999 -999 -999 -999
-999 8 -999 78 -35 -999 -15 -30 -999 -999 -27 -44 -999 -66 -9 -10 -999 95 -999 -999 -999 -999 77 -999 -7 10 -999 -999 -999 -999 -999 -999 -999 -999 54 -999 -83 49 77 -57 -999 -999 -999 -999 25 -999 -999 -999 -999 48 16 -999 -999 11 -48 -28 -999 -5 36 -999 -999 78 -30 86 -33 -999 -999 53 21 -19 81 -58 -999 -999 -999 -999 -999 15 -999 -999 22 -57 -999 -999 -999 88 -999 -66 -93 13 -56 -5 1 50 14 -999 77 -999 -999 88
-999 -999 -44 -999 43 80 62 51 -999 -999 31 35 -999 61 0 33 -999 -6 84 91 99 -999 4 -999 -999 38 -15 -999 -999 -17 -999 -999 -18 -999 51 -999 -999 48 88 85 -999 -999 -999 -999 50 -88 -999 -38 -999 -98 -999 -999 28 -60 -999 -50 -81 -999 53 -999 -999 11 85 66 -30 36 -45 82 -999 -999 8 -999 -17 38 95 62 68 56 -999 -21 -999 43 -999 -61 60 -999 -999 -999 -54 -16 -999 -999 -999 -999 -54 -64 93 23 -999 -11
77 99 -999 -8 -999 -60 19 -999 -999 99 -999 -999 -63 72 37 -999 82 -79 74 -14 -999 -88 -999 -999 37 -7 -86 -999 -999 -999 -999 12 -999 -33 -999 -76 80 -89 -999 -999 4 -44 -999 6 28 -64 -999 -999 -999 41 -38 88 -999 -999 -13 38 36 -999 51 30 -999 -999 -999 97 -67 -999 -999 -999 -10 46 -2 7 -999 -32 -999 -30 -999 -999 -999 -999 -97 45 -999 -999 -999 38 -999 -999 -999 -999 -999 -64 37 43 -999 -999 -91 84 -999 -999
-96 -999 -999 -999 -43 -999 -999 41 -999 81 86 -91 -999 -18 24 65 -999 -999 -999 -94 -999 -999 -51 -45 -999 -999 -999 -999 -999 54 -57 -999 -22 85 41 33 -8 -999 -999 73 -51 -66 -999 21 -999 5 -20 51 -999 -999 -66 -32 -999 44 -999 -999 44 24 -91 66 -84 67 -999 -999 -999 71 32 -999 -999 -16 63 -99 -999 -999 94 -999 -31 -999 56 -46 -15 -7 -999 -999 -62 -47 77 -999 96 76 -83 -999 -60 -42 89 -999 24 -999 89 62
-999 -999 -999 -999 -999 -999 -999 0 -999 7 -999 62 -81 -63 -16 -12 -17 -999 -999 -17 -999 59 -999 -53 -999 -999 82 -999 37 -999 -41 77 -999 -999 -999 5 35 27 -999 -99 -999 -66 50 -999 -999 -35 -999 -999 32 -999 69 -81 -999 -999 -999 99 51 -999 -999 -999 -999 -999 80 -999 -35 54 8 -44 10 -9 -999 -999 -999 -80 87 -94 -43 79 -999 -35 -999 -60 -999 -999 -999 -999 -999 79 -999 -999 -999 -999 -999 -78 -999 -16 -999 -33 -999 -999
-59 81 -999 -999 -4 -999 -999 -999 -999 -999 -999 -999 -999 -52 20 -999 -999 -64 79 89 -999 -20 69 -999 6 1 48 43 76 -69 -999 -999 -999 -999 -999 49 -999 -999 -999 -60 -49 -999 -65 -999 82 -999 65 53 -75 -999 25 -999 -999 -97 19 -999 -999 -999 -62 -28 -999 -999 -16 56 40 -56 -999 -999 -61 -999 -999 -56 44 -80 -90 -999 -999 -999 -999 100 -32 -999 -55 88 -999 -29 -999 -999 -999 -26 -84 -999 -999 -999 -999 -999 47 86 -999 -999
38 -999 64 -13 -999 -75 -999 86 78 -2 -999 -999 97 -94 -1 49 -999 -2 -999 -999 -999 -999 -999 -999 28 -999 -90 -999 72 27 -44 -999 -999 -82 5 -999 -999 -74 -999 -999 -82 37 -99 -24 -999 -999 -999 -999 -999 -999 -999 -33 -97 -19 -54 -999 -81 -999 -999 -999 47 -30 -999 70 -999 -999 76 -27 30 -999 87 -33 -17 -999 -7 81 -999 -999 7 -999 -999 -999 2 55 -999 -999 -999 -66 -71 -16 12 -20 -999 -67 -53 -40 -999 61 -999 -999
60 -999 43 -999 -999 -999 -64 -999 64 -999 -999 -999 -999 82 9 -999 -26 -999 31 -999 -66 -999 70 58 -41 -1 -46 -4 -999 -65 1 -999 -999 61 -999 -41 -999 -999 -80 -7 31 -999 59 -999 -42 -999 72 20 -999 -999 -84 -25 77 -76 -999 -27 -95 -82 -32 88 29 10 66 -999 -999 37 -999 -999 -999 -70 2 -999 89 -6 -999 93 -999 -999 -999 -13 -999 -999 65 22 -999 -42 2 -999 -999 68 58 19 16 -39 72 94 -18 11 -95 -72
-44 -999 -999 -999 -10 73 -999 -999 -67 -999 -999 -51 79 -999 97 12 -999 46 -999 90 -999 -999 -999 -999 -999 -999 41 -999 -48 -38 -999 -52 20 62 87 -999 74 -53 -999 -999 66 96 -999 -999 -999 80 -999 49 -999 -999 -999 -999 -999 -20 25 -999 -100 53 -999 -79 -999 -47 -999 26 -999 -999 -999 88 -999 -999 -999 20 27 95 -56 34 3 -48 -81 -91 -999 -9 -12 69 -96 -999 91 -999 -999 -46 -999 -999 -999 47 -36 -999 85 -27 -38 47
-999 -999 -14 29 -999 -999 -999 -54 -999 57 -999 -35 56 19 25 9 43 -32 9 3 49 -19 -999 -76 52 -999 -999 -999 32 -43 -84 -90 -999 -16 -10 -39 9 41 -999 -65 21 -999 -84 -999 -999 -91 -999 -999 -999 -22 -999 -999 -36 -999 -999 1 -999 -999 -999 -91 -999 22 64 -999 -27 -999 -49 -999 -49 -999 31 -999 -999 59 -999 8 48 1 -999 -999 -25 -999 57 -999 54 -999 -999 -999 93 93 -999 -999 -999 -999 -999 -5 74 -81 -999 -999
16 33 -999 -999 -999 -999 -72 -999 -25 74 -999 -999 -999 -999 -999 99 -36 -999 -999 -32 32 -43 -999 -53 -999 -20 -2 -999 -80 -999 -999 -999 -1 14 81 -44 28 21 19 -23 -999 -55 -61 -999 97 -56 -999 -999 -65 -999 -999 -40 6 71 4 -999 -999 54 -999 20 -999 -90 -98 -47 -59 78 85 -999 -91 -9 -50 -14 -999 -47 17 -73 -999 -999 85 -999 -999 -38 -999 -999 -999 -999 -47 -12 -999 55 -999 -95 -999 -999 -10 0 -66 -999 -999 -999
-999 91 -999 -999 -42 -999 -999 21 -999 -98 19 -999 92 -88 79 -999 -6 40 -76 -79 57 -999 4 -999 56 83 -999 90 -28 -999 38 -10 -21 0 -96 -999 -54 -999 69 -58 -999 -999 93 -999 67 -999 -999 -999 -999 73 3 -999 -12 -74 -999 -999 -999 -63 0 -999 -999 -1 -999 -999 -999 -71 -999 -999 -41 -999 -999 -999 -999 -999 -86 -999 -5 -12 -999 -61 89 -999 -46 -999 -999 -27 -999 -999 -46 -999 -999 -999 -999 65 -999 -999 -90 89 -999 -85
-999 -56 -999 86 -47 71 59 -999 -37 -98 -62 -2 -999 -999 -33 -999 -58 -999 65 35 -999 54 -999 -999 -999 -999 53 -999 -25 -999 -999 -999 -87 -999 38 -999 -999 -999 -999 -18 27 10 -999 -999 -3 61 -83 -999 11 -999 -94 40 70 -999 -999 -999 -6 67 -999 -999 83 -90 53 -999 -93 -10 17 -999 3 4 49 78 66 -74 -999 -96 -999 -999 28 -999 -999 7 -999 -999 -76 -999 -39 17 -999 -999 -999 -999 -999 -999 -999 -999 -999 -999 -93 77
-92 -8 -999 -12 -62 -999 -999 -18 14 -999 -999 -15 58 -86 -80 -999 -999 -25 -52 -999 -77 -999 47 -999 -999 -99 -1 -999 -95 -999 -999 -999 -21 -94 27 -43 -43 -999 -8 61 -999 30 -33 -999 -999 -999 -999 -999 71 56 -999 85 -999 -999 24 34 78 -71 -999 97 96 16 -999 37 90 58 -999 -999 -999 18 -999 -999 -7 -999 -999 -999 -999 -83 -50 -73 -999 -999 -51 -999 67 68 -999 -999 39 -999 -999 -71 50 -999 -43 -73 -999 -999 -999 -999
-999 -999 -7 -999 29 9 -999 -41 -74 -57 -999 52 -999 -999 -999 -71 79 -999 -25 -999 -999 61 -999 22 5 48 6 -6 -999 -999 -69 -29 95 -21 -999 -999 -999 -999 -97 -45 -68 -100 -999 -999 -39 -999 -7 18 82 9 -999 -999 -999 -21 -19 -999 -9 -17 81 -999 -999 28 7 -23 -3 -39 -999 -999 87 96 -999 -999 -999 58 4 -18 -32 34 -999 -999 -999 -38 -999 -999 -7 44 -10 -999 12 100 -999 -42 -27 -999 68 56 -31 60 -24 90
80 24 -999 -84 -999 -999 -999 -999 -999 73 -999 -999 -999 -999 69 -34 -999 -34 79 -999 -999 -999 -59 -75 -999 -999 93 -999 48 -75 -999 -4 92 -999 -999 -999 -92 -999 -999 -999 -999 -999 -999 -999 -999 91 10 37 -999 -999 -999 -999 -999 -98 66 -999 -64 -34 -999 -84 -32 32 -999 -999 -31 -999 -47 -999 -8 -999 -44 -999 -999 -999 -999 -999 22 28 -999 -999 -999 -999 -999 -999 -999 -35 7 -999 -51 40 -999 -999 87 -999 -999 -999 -999 -999 -999 -95
-999 -999 -999 -999 -999 69 -999 -999 61 -999 -999 83 -999 -76 67 -999 -5 -82 -16 -63 -999 -999 -999 -42 -16 75 -999 89 -15 -97 -77 -999 -999 -999 -999 -999 28 -999 -7 -67 -999 -999 -53 -999 31 -999 -999 -999 -33 -999 -999 -999 -999 -27 -999 -999 -999 -999 -999 -999 -999 -999 34 -999 -999 72 -999 -999 -999 77 -32 -999 42 12 -999 -999 25 -999 61 -999 67 -96 -52 86 -999 -999 83 -999 -999 84 6 -8 -999 21 -999 -999 -999 -999 -28 -999
-999 3 -51 -999 -999 -999 -60 10 -999 -22 -94 -999 59 86 -999 -4 -999 39 -999 -999 -22 -999 -999 -999 -16 -999 0 -999 -999 -999 7 -999 -46 -92 -3 -999 18 -999 -86 0 42 -999 -999 -999 -999 98 30 -999 48 -999 0 -68 -93 -999 -89 -999 -999 28 -93 -999 -999 -96 17 -43 64 -999 -53 7 -999 73 -999 37 -999 -999 87 -999 -999 82 32 -999 -999 89 -999 -58 75 35 -999 -63 -999 60 -999 -46 -54 -999 -29 -999 -12 -12 -999 -999
-55 11 -999 -58 -999 -93 -43 -999 -999 -999 -50 -55 -61 -999 -21 -999 -999 -999 -999 -38 -999 -999 -999 -999 -999 -999 -999 39 44 -999 -999 -79 -999 -43 45 -999 9 -999 -57 -999 100 -999 -3 -78 -87 1 -999 -999 91 47 58 -999 -999 -38 -999 -74 100 -10 -88 8 72 -999 -999 -74 -999 39 -999 -999 -67 -42 -999 87 -55 83 5 -999 -999 -999 31 -999 -88 86 -999 -999 -39 -999 -999 -999 -4 -7 -999 -46 -34 -999 -999 -93 -99 -999 -999 -999
-999 -10 -999 -71 -999 -999 -999 20 -999 -999 -27 82 50 -999 7 73 -999 -999 -999 -999 -999 -93 -999 -999 87 15 -999 -999 -88 35 -73 -999 54 -999 94 -999 -999 -79 -999 -999 -999 53 -54 -12 -20 -999 -999 -999 -999 -17 27 -999 -999 -999 -999 -999 42 -999 -999 -999 -999 90 -39 -999 -999 -999 -999 52 -999 -999 -999 84 -999 -999 7 -999 -999 -999 60 -999 21 58 -14 -999 9 -999 53 -12 -999 -999 -999 -999 -999 67 -999 67 9 85 -999 46
-82 -90 -28 97 -999 -999 56 -999 -61 27 -999 -999 -999 -999 -999 -999 -999 -999 -56 -999 -29 -999 -999 93 -999 -999 -999 52 -999 -999 -65 -999 -999 -98 -35 -999 21 22 -999 -999 -999 -86 -76 -999 -999 59 -999 -999 -999 -999 -83 -999 -999 -999 -999 -999 -999 14 -56 -999 -999 -999 -999 -999 -1 9 -999 -999 -999 -70 -999 -999 -20 -37 -68 -38 15 -999 -51 -999 -999 -40 -34 -999 -999 -999 -999 74 53 98 -999 -999 -39 -999 -96 -999 -999 -98 82 -999
-999 -999 -13 1 21 75 -7 -999 -999 -999 -999 -81 -999 39 23 -999 46 38 -54 -999 38 -77 71 -999 -999 -50 85 -66 19 -58 -51 -59 -999 -96 -999 -47 90 62 23 -999 79 -999 -11 -999 -999 -999 4 -999 34 14 53 -2 -999 10 14 -999 -85 -999 -999 -999 -999 -999 20 -999 32 -42 -999 -16 -999 -999 -22 69 7 -999 55 64 -96 -999 -9 -92 -17 -98 -28 -999 -67 97 2 57 96 -55 -999 9 -999 -999 -999 -999 37 72 9 63
-83 29 -999 -42 50 -999 -78 79 -999 -12 -14 -36 -999 -999 -999 -999 -20 -999 -46 20 -999 -999 65 -999 -78 -34 80 -20 91 -999 64 -999 -999 -999 -6 -63 7 -999 -18 -999 -999 -61 -999 68 -999 -999 -999 -999 -999 95 -999 57 -76 58 -12 3 84 39 -75 -999 -42 -41 32 -39 -67 -33 -999 -999 -11 38 -999 -999 -84 -999 -999 -999 -80 -999 -999 -999 17 32 30 -83 -999 -999 -999 -999 -999 -999 52 -25 -999 -999 -999 2 -999 2 -98 -60
-999 74 19 -999 -999 -999 -999 97 -97 -999 -999 95 -95 -80 -999 -999 36 -999 -62 -999 -34 -999 25 -999 -999 -999 -999 -999 -96 -61 -999 28 2 -999 -999 50 -999 -999 25 -66 54 -999 -92 0 96 -999 -999 -999 -999 -999 75 -999 -999 -999 -27 -28 -999 -999 73 -999 -83 -999 71 -44 -55 -999 -999 -999 9 -999 -999 24 -999 94 81 -53 -999 -100 -999 9 31 42 -999 -999 -999 -999 -57 -999 -78 48 61 90 -88 -999 -46 -999 10 -95 -999 -96
-999 -43 -999 -25 -999 -4 26 -999 -76 -999 35 -999 17 30 -999 -999 -999 -999 -999 -22 65 12 40 51 -999 -999 55 -19 32 -6 6 78 -53 -999 -999 -999 48 -23 -76 -47 -999 79 -79 -999 -999 -999 -999 -47 -999 -94 20 -999 -999 -56 -2 -999 -39 -999 -999 8 -999 -999 -999 26 -31 -40 -999 -999 -999 -999 -29 -999 -999 1 -34 -999 4 -999 -37 9 32 68 -999 -999 -78 -999 -999 -999 -999 -999 -999 -71 -999 55 -999 -24 72 27 -999 46
-999 -999 -999 -44 -999 -999 48 -999 27 56 -31 -32 -999 -26 -54 -999 83 -999 97 -69 52 62 -999 3 -999 -94 96 -999 -999 -999 -47 43 -67 -999 -38 -64 43 -85 -13 78 18 -999 -999 22 91 -97 -999 72 47 -999 -999 -999 -999 -999 -70 -77 12 -41 -999 83 -999 31 77 89 28 -999 46 -999 88 -999 -999 -999 -76 77 -999 -999 50 -999 -999 -999 -81 -999 -999 -999 -999 -999 -21 -99 95 84 -999 -47 25 11 -58 36 -999 -999 -999 46
42 -999 -999 -999 -999 -999 84 92 -6 -24 2 55 -999 -999 28 15 -999 42 -999 -999 -999 9 -20 -79 -999 -999 -999 -18 -53 -999 6 -999 -999 20 -46 -999 -999 -999 92 -999 -999 -999 -40 -999 -27 -999 -999 -999 29 -6 -1 -999 -999 -29 -999 -999 -999 -999 -999 3 -60 -69 -999 -86 -999 -86 -999 -999 -999 -83 86 -999 -999 51 -44 -51 -18 -999 -999 -999 94 36 -999 17 -999 -999 3 -999 -999 -56 -999 -999 -999 -100 -55 -15 -999 -999 -999 -34
-77 -40 28 -999 4 -98 -999 -999 -50 22 -999 -999 -999 74 46 -999 -999 -999 77 -90 -999 -97 -999 -55 -999 -999 -999 -999 -999 -999 -27 -999 -999 -999 -999 -999 -999 99 -999 -999 -999 -999 -999 -999 -999 -999 -999 -999 -53 -999 -999 -999 -999 5 -17 -20 -999 -62 -999 -999 36 58 67 -25 -44 72 -999 23 -999 -999 -91 -44 31 -999 -60 85 -8 91 -999 -999 -999 6 -999 -999 -999 -999 -25 -999 -48 -18 -999 -999 -999 -999 30 -999 -97 4 -999 -20
24 -999 -77 -36 77 33 53 -999 -999 -46 -999 -999 -999 13 -89 -999 -35 42 -78 14 -59 -999 -999 97 -999 -999 -999 -999 -999 -999 -75 67 73 -76 -999 -999 20 -999 -999 -999 98 -999 -999 82 -999 -999 -999 -24 -999 -999 -999 -999 -20 -999 -999 -9 -8 -44 -999 -999 96 28 39 -52 -999 -999 -999 -999 63 75 -56 -999 -999 -59 -999 -999 -999 -999 -999 -999 -90 25 -24 -999 -999 -999 -999 -999 -999 -6 -999 -37 -39 -999 -52 -96 -999 -999 -999 17
-999 62 10 59 -999 -41 32 -74 -999 -999 -999 -999 -55 19 -66 -999 98 -999 -15 -999 -999 -999 -999 2 -999 81 -999 17 75 -999 0 -79 -94 -999 64 -999 -87 -999 -999 -42 -999 67 -999 -15 -999 -10 -999 -8 -999 -999 74 -999 -999 -999 25 80 93 -999 -999 -999 17 -999 -999 20 -999 -41 57 -999 -72 -999 -999 -25 -43 -999 -64 -999 -999 -999 -999 -999 74 -54 66 -999 -999 90 -12 -999 -999 -999 -999 9 -999 -999 -999 -61 14 27 -999 -26
49 -88 -999 -999 -61 -999 -999 -999 -999 -999 85 -999 -34 -999 -999 -999 97 -999 -999 4 55 -88 40 -999 -999 -999 -999 -80 45 27 -999 21 -999 -999 -999 -999 91 -35 -90 -89 -999 65 -999 -999 87 -999 -999 -44 -999 -43 -999 -20 -88 -999 -999 -999 -100 60 -999 -29 -999 -85 -999 80 -999 56 -999 -999 -48 -999 -999 -16 -999 -999 -999 -999 -1 -71 -999 -18 -17 -31 -999 -999 -22 -999 -43 63 35 -64 -40 -5 -999 80 12 -999 -999 66 -999 -999
-5 -96 72 47 -59 -999 -999 -999 47 3 -999 -999 50 -92 -999 -999 -999 84 92 3 -999 80 -999 29 26 -65 -82 78 57 -3 -999 -999 -999 -999 -999 70 -999 -999 8 -999 -999 39 -999 -64 51 47 -999 11 -999 -18 -16 -999 -39 -999 -999 -999 -999 -75 -999 -26 -999 88 57 -999 -999 -999 -18 -999 -999 37 -999 -19 82 91 -94 -999 -999 62 -999 22 -999 -999 -999 98 13 -999 -999 54 -999 -999 -999 -999 13 63 73 -999 -999 83 -999 -67
-999 -17 -94 -999 -999 -999 -72 -999 -999 -24 -999 -999 -97 -999 -999 -999 -46 -999 57 -999 -999 -999 -999 -999 -999 -999 89 93 -999 -999 1 -999 -999 -6 -999 74 -999 3 -69 -79 -999 27 61 -999 -30 -999 9 -999 -999 43 -999 -20 98 -999 -43 32 11 -999 88 46 -999 -999 52 -999 -59 59 1 -999 -999 8 -97 -999 -999 -999 -999 -999 -999 -54 -999 -98 -30 -999 9 -89 -999 -64 -999 -999 -999 -73 -999 20 -999 -999 -31 -88 45 -999 -999 -999
-10 12 31 70 -999 -999 47 64 -999 -999 26 8 79 -999 -999 -999 -999 -999 -999 52 -20 -4 -999 -27 -999 -8 10 -999 -999 -999 -999 -999 36 -999 -999 -75 -45 -999 -47 69 -999 92 -999 -999 -45 -999 -999 -61 -69 -999 -999 75 -69 -15 -999 -999 -999 0 -84 -999 -100 -999 -77 61 -999 -999 64 -999 -99 -999 -32 36 32 -999 -999 3 -81 -83 -999 97 -24 -25 -999 -999 -999 -999 -69 -71 -7 44 -999 -42 -999 71 49 -999 -999 36 -999 45
-999 -999 27 -17 -13 -999 -999 -37 -999 -999 -999 1 8 -24 -999 -999 -90 -87 -48 -20 -17 -999 -999 -999 -999 -999 -999 -999 -999 69 -999 -999 7 36 57 -999 -999 -999 -999 64 -999 -999 -25 -999 56 -999 -999 -100 28 47 -72 -999 -77 -95 -16 53 -999 -999 -999 -999 29 -999 -999 66 -999 78 -999 -47 -21 -25 -999 7 -999 66 -999 99 -999 -999 -999 20 25 51 84 -999 20 -999 -999 -999 -85 -999 66 -999 -83 -999 5 -999 84 -999 -999 -999
13 -999 -43 -999 42 -18 -30 -90 -6 -999 -6 -999 62 -999 -999 11 -999 -999 92 33 57 -999 -999 -999 -999 -999 -97 -999 -8 -7 66 -999 79 45 -999 25 44 54 -58 -999 -999 -999 -999 -999 3 90 -999 -999 -999 16 -999 48 -58 -35 9 -999 -93 -999 -999 20 -999 -999 -999 -999 -999 -999 -999 68 46 -999 -84 78 -999 -999 -999 87 -999 -999 -999 86 -999 -999 -999 -999 -999 -16 -30 -999 -84 -999 -48 -55 -16 -999 -55 -999 -999 8 37 -75
-66 74 -25 78 43 -999 35 73 -999 44 -999 -93 -7 -61 -999 87 -999 -999 -999 86 17 -49 -999 -100 80 96 -999 -78 -98 -3 -999 -51 -999 -69 -999 -999 62 -999 -999 -71 -999 26 -999 89 -79 26 -66 -999 -999 27 -999 -999 -999 67 -999 36 -999 -999 -24 31 -999 -999 -999 -999 -999 4 -999 52 -67 -40 -999 66 38 -999 -999 -999 10 -999 -999 -999 20 -999 -95 -999 26 0 93 47 -999 -999 -999 -999 -999 -40 47 -999 -999 -999 -26 -70
67 -999 -63 -46 -999 -999 48 45 -999 -999 -999 -999 -33 -999 -46 -98 -999 -92 -999 -31 -999 86 -28 -999 -999 -999 98 -999 -999 -999 -999 85 43 -999 -999 -999 -999 -999 -999 98 70 -21 22 93 60 -25 -999 -999 -42 -53 -76 -999 -999 -999 -51 43 30 78 86 -999 -999 88 53 48 -64 -999 -26 97 -35 3 1 -999 -999 53 -999 -47 91 55 64 -999 -999 -999 -999 -999 -999 -999 -999 -999 -999 -67 -54 67 -999 -999 -999 -95 93 -999 -5 -999
-999 -81 -40 -77 51 -999 -999 -50 -28 -32 -999 23 -999 -999 76 62 -97 -99 82 -999 -999 47 -999 11 -999 -999 -999 -999 -24 -999 69 -999 -999 -9 -999 -999 -999 9 -2 9 -999 57 -999 -999 95 1 85 -45 -43 -999 -999 -999 45 -91 -999 -28 -23 14 -999 -24 42 -999 88 63 7 -999 60 64 -999 -22 -999 -999 -999 -79 -56 -999 -14 -57 -79 -999 -999 -999 -999 -83 -26 98 -999 88 -999 -999 -999 60 -999 61 -999 90 -999 99 -84 -9
-999 86 28 -999 74 -93 -999 -999 40 -9 -23 -53 11 -999 -999 -73 -38 -49 -999 -999 -999 -999 -62 -999 100 -999 -999 64 -26 63 -999 -999 6 -999 -54 -999 -999 -999 17 52 -2 -999 -999 -999 -999 -59 -999 77 -999 54 -999 0 50 -999 74 -999 -94 -52 -999 -999 -999 -999 32 -999 -999 -999 -999 -999 8 -8 -86 53 32 48 60 -48 -999 -18 -999 17 70 78 -999 -54 -94 64 42 21 -999 20 82 -999 -70 28 -999 70 -23 -999 -96 -999
37 14 -40 4 85 -49 -999 18 -83 -70 -43 67 -999 63 23 -999 -999 -64 3 -999 -20 -93 -999 95 -999 69 99 27 44 -12 4 -999 -999 -999 57 -999 41 -24 -6 -94 -999 55 -999 -78 -999 -61 -999 -90 92 -5 -35 -97 -68 -6 -999 -999 -37 64 -99 -999 23 -999 -999 -999 -999 -19 22 -999 -999 -24 -999 -999 -999 -999 40 -999 -999 -999 -999 42 90 -61 -999 -34 -999 -999 -62 -999 -999 -999 -999 -42 -999 -999 -100 -88 -999 -14 -96 -97
-999 49 -23 -999 18 -9 49 -999 -77 -38 77 -999 37 70 20 -999 -999 -999 -999 -999 -999 -999 -999 -999 -999 -999 66 79 -10 -999 -61 -999 35 -999 -999 -999 -999 -999 -38 13 81 -999 -999 -999 -999 -86 6 -999 39 -999 -16 -999 -999 -97 -999 -999 -999 -999 -999 60 -999 -999 1 -999 -87 -999 -999 45 -100 -38 -15 -999 -88 -999 83 66 -999 -66 -999 -999 -999 -79 -999 -999 -999 -999 -999 -999 -999 -64 -999 -37 11 -24 -999 -49 -999 -999 -23 -999
-999 -999 46 -999 -79 -91 -999 -89 -1 -999 -999 -999 56 -46 9 -999 43 20 -999 -20 70 36 48 -67 -999 83 -999 -999 -999 -999 -999 -999 -999 -999 -999 -29 -999 -999 -999 -41 10 -97 -100 -999 -999 -999 -999 76 -10 -49 -999 -999 -84 -999 -999 -999 -999 -999 64 -999 4 -999 73 -999 -999 -999 -24 -999 -999 62 -78 -999 -999 -94 -999 -28 -999 84 -999 82 -9 -999 -999 -999 -999 -999 -999 31 -91 -999 -999 17 -999 -999 -95 -999 99 -60 -999 93
-999 -999 -70 68 43 -999 -999 -999 93 -999 81 -999 -70 -999 -999 -90 -28 -999 -88 -37 -2 -999 -53 -39 -999 -999 -999 -999 -999 -999 -51 -999 54 -999 -999 -1 -62 -999 -999 -999 -64 -71 -68 -999 -999 -999 -999 -999 -999 78 -24 -97 -999 -25 61 -8 77 77 100 -999 -999 -31 -88 65 -999 59 -25 -45 -99 -23 -999 -999 -999 -999 -999 -999 -63 -999 -55 -999 -51 48 -999 6 -93 64 -53 -999 -72 -999 -999 -999 -999 63 -47 -999 -999 -84 -999 -999
-28 -999 -999 -999 -999 -36 -71 -999 -999 36 -999 -999 -999 -71 -999 -999 39 74 -15 -999 -96 -999 58 -9 -999 46 -44 -999 31 -999 -999 -65 -999 -999 -999 -999 13 -30 -44 13 -999 -70 -999 -44 97 -999 99 33 -999 -999 -69 -999 -999 -999 -999 -999 27 -999 85 -7 57 -999 -999 -999 -999 -52 -89 -999 93 -999 -999 -2 -61 -999 -999 -78 72 -999 -86 63 -35 -999 -63 -73 -999 -999 -2 33 36 -999 -999 81 -18 -999 -92 -45 32 43 -10 -66
13 -37 -999 -999 -999 77 -76 46 -999 -999 -69 -999 -999 -999 35 70 40 -999 -999 -999 -999 -63 -36 -999 -73 78 33 -999 -999 -34 -36 -999 -999 63 -999 -999 -97 -999 -999 -27 86 -88 9 46 39 26 92 -999 -999 -18 34 -999 68 -999 29 -21 -95 -999 -999 -999 -999 43 -999 -999 28 -75 14 -999 -55 15 -999 -100 97 6 -86 67 -999 -5 -999 -999 50 -3 -999 -999 -999 42 -4 4 -999 -74 98 66 -999 95 -21 57 -999 -999 -999 -999
-999 48 23 -999 -999 -999 -999 100 27 -5 93 -90 -42 -999 -999 1 -30 10 -999 -999 -999 -43 -73 -43 -999 -76 -89 -19 85 -92 -31 35 -8 -60 -58 -20 51 49 -56 23 88 -999 -999 -999 -91 -999 -62 -999 -999 -999 -84 -999 -999 85 -35 -999 -11 -999 -999 -999 26 6 -999 -999 -97 30 -999 -11 -999 -999 1 -96 -999 -999 -999 84 -999 98 77 -99 64 -999 -999 88 38 -999 -999 -999 33 -93 -999 -999 -999 -999 -999 97 -999 64 41 -54
-999 -999 -27 -999 -999 -999 -39 -999 -999 73 -999 -999 -42 -60 -999 -93 -999 -999 51 12 -999 70 -999 22 -999 -999 -999 -999 -999 -999 -3 -999 -999 -999 -999 33 -999 46 -56 -999 -999 64 100 44 -17 76 -10 -999 -999 -90 62 -999 -999 -999 -25 -999 -999 -999 2 -999 -999 77 -58 -999 -999 -999 -999 -999 -999 -999 10 -94 4 -999 -6 -999 -999 90 -999 -999 -999 -61 -999 44 70 68 -999 -999 80 -999 -1 -999 -70 -999 48 61 34 -37 -14 -999
-999 77 -999 43 -999 -999 47 -999 -999 -25 -999 -999 -999 -999 -999 -999 8 1 -999 75 -6 22 -999 -90 -999 -999 -999 34 -50 28 -28 34 -999 -34 -999 -29 -999 -22 -999 -999 24 -999 -999 9 -999 -999 78 -24 -999 -999 -999 -999 -999 -999 -999 -999 -999 -90 -89 -999 -70 2 -999 24 -999 -999 -75 82 -48 -999 -999 -999 14 -85 -999 -20 45 -999 -999 -999 -999 -999 -999 -999 -999 41 92 34 42 50 -999 -999 -999 -84 -29 -999 -7 -999 -999 -54
100 -88 54 -49 -999 -999 -999 -999 -999 -85 -93 -999 -999 -999 -999 -999 -999 35 -999 -999 57 5 -999 -999 -66 -999 -999 -59 49 22 -999 71 89 -999 -64 57 -32 -999 70 -91 86 -999 47 -51 21 -999 -999 -999 35 -999 -999 74 -18 -13 66 -999 89 -96 -29 -999 -77 -999 -999 -66 -999 55 -999 100 -66 -999 -55 -999 45 -81 23 -999 -999 -999 -999 -45 -999 -51 -999 -999 -999 -12 -999 -79 -999 -999 -999 82 15 38 -999 -999 -999 -999 -62 -999
-12 -75 2 -47 -999 55 -77 42 -96 -999 59 -92 -52 58 60 -999 -999 -999 -999 -999 -999 -74 -999 -999 12 -999 -999 75 42 -999 36 -25 -6 -999 56 1 -999 -76 99 -999 -999 54 23 -86 -999 -999 -999 -999 -999 -999 62 -84 24 -64 -999 -87 -54 -999 68 18 -999 55 -77 -999 47 -999 74 -999 -999 -999 -999 -8 -14 -999 2 -999 -44 95 -999 -999 -36 10 -999 33 -999 -999 -999 0 -7 -999 -999 -83 -56 2 56 -999 48 -60 -59 -999
-999 82 -999 -999 -43 10 -999 34 100 -79 62 -999 24 -999 -82 -999 81 -999 34 -31 -42 22 -999 -999 74 -999 -30 -999 -999 -999 -999 -999 -999 -999 65 -2 -999 -999 -999 43 -999 -999 46 -88 -15 -999 -10 -13 -63 -999 -999 -23 -999 -999 -999 84 -999 -16 -999 -999 -999 -999 -999 -999 -999 -22 -50 -999 59 -81 -83 -999 38 85 -10 -999 8 -999 88 -999 -999 -39 -23 -999 -999 -12 46 89 -81 29 92 -999 -89 -97 56 -999 -999 61 8 -38
-97 -999 -28 -999 -97 -999 39 25 -999 57 -999 -999 -999 -999 30 65 -96 -999 48 -999 -28 -999 -15 -999 -999 -999 -84 85 -999 19 7 -999 -999 55 -999 82 8 -1 2 -999 -45 -999 -999 -999 -999 16 -999 -67 -999 -999 2 97 -999 -999 -999 -999 -999 -12 -999 36 -999 -73 5 -999 62 -999 -999 70 -999 -999 -100 57 -999 63 -59 -999 -999 1 42 -999 -999 -999 -72 -999 -999 -999 -27 -999 -999 86 -999 -999 -91 36 -999 61 -31 65 -62 -25
74 -999 -999 -37 -33 -999 -56 -13 -16 -89 -999 -68 -44 -999 1 -999 -999 -999 -999 -999 -999 -999 -999 -999 80 -999 8 32 -999 -999 -39 -999 -999 88 -999 -999 -62 -999 -999 63 100 -82 -86 -999 -999 -999 -93 -12 -999 -999 -73 -999 -999 -38 -62 -999 51 -63 -999 -999 -999 -999 -999 96 -999 -999 25 6 -999 -999 -37 43 -999 -71 -999 -999 -92 -999 59 -999 40 -999 -999 41 -999 -44 -999 -999 -54 100 -999 -999 -999 45 5 -999 20 66 -44 -999
-999 -999 89 4 31 93 -999 43 -999 -999 47 28 72 -50 80 -999 -7 -999 79 -999 -23 -41 -999 -78 22 -32 -999 -999 -96 -999 57 39 -999 -999 7 -999 36 71 -64 -999 -999 -61 -18 -999 -999 -75 -999 -999 -12 94 -91 -999 -80 18 53 -4 -999 61 -38 -95 -999 -999 -999 -999 -999 -999 22 -999 37 48 84 68 -83 77 -14 -999 51 77 -26 -999 -68 42 46 -999 -9 -17 16 36 -999 -999 -999 -999 -48 -60 -999 -999 -999 -38 78 77
-999 4 -999 84 46 -95 -999 -80 -999 -999 -999 -999 60 0 -999 -999 -999 43 -999 63 -999 31 84 36 -79 -999 -999 -999 -999 -42 -65 -999 -999 6 28 -75 -55 -999 22 92 95 31 -67 -999 -999 -999 -999 -29 19 -999 -999 -999 34 -999 80 -70 25 97 -999 -999 6 -12 -999 -27 76 -27 -999 -999 59 30 -999 -50 -999 -999 -29 -14 -999 -999 -999 16 -999 -999 -999 -85 -999 -999 -999 63 -999 38 -999 -94 -999 22 -999 -999 40 -999 -999 -69
70 -47 94 -999 -999 -42 -999 -999 -999 -999 -85 -92 86 -999 -999 -999 -43 -79 -999 -51 45 -999 -999 -999 -999 97 -32 -16 -999 -999 -999 -69 97 -999 -999 86 -999 -999 -999 21 14 -47 -999 -999 -90 -999 -999 81 -999 62 21 22 -999 -999 74 -999 -58 -999 -30 -999 63 -999 -999 -999 -1 -999 -999 -999 -75 28 -999 -999 -999 -999 -22 69 91 -999 -999 -83 71 19 -66 -999 -999 -999 -999 -999 11 44 -98 -17 -999 46 -74 74 -999 80 9 -999
-999 70 -999 -999 -33 -999 -17 -26 -81 -999 -999 -43 83 20 -41 10 -999 -999 -999 -2 84 -999 -74 -999 -999 50 -30 -82 -999 -32 -45 -80 -999 -35 -999 5 -36 -999 -95 -96 -999 65 -999 66 -999 -999 -999 -999 -999 -78 -999 27 -999 -38 -999 -999 -999 -999 28 9 -999 -999 64 -999 -11 54 -12 -999 93 37 -999 91 -999 -999 51 -73 -999 -96 -999 -999 32 -44 99 27 -999 -999 65 24 -16 100 -999 -32 -61 -13 69 -86 -95 -999 -51 -58
-999 -999 -999 -63 -999 -999 -999 -999 60 -77 -999 -999 -999 -33 32 -999 -999 -55 -37 31 -999 -999 -56 44 -999 -78 -999 -999 -999 -999 11 -81 -999 -999 -88 -999 -999 -999 87 -999 30 -1 -999 34 18 -92 -44 -69 -999 -999 -999 -10 -37 -999 -999 -999 -999 -98 -999 -78 -24 48 -999 -999 -999 -999 57 -999 -999 -18 -999 -58 -999 -999 -999 -85 -62 21 18 -999 -999 -999 -999 -999 -999 -999 19 16 -7 2 54 -21 -2 -999 -999 36 -999 -999 50 -73
-999 -999 -18 -999 87 -10 -999 -999 -999 -999 -999 -35 -59 60 -999 86 44 39 11 -57 -88 -40 39 32 -28 -999 -999 -90 -999 37 -5 -999 88 -999 66 -999 -999 -92 -999 -999 -999 -999 -46 91 -39 -999 -999 25 72 -999 42 -999 -1 28 -98 -36 -999 -999 -79 -999 -999 -999 -999 -76 94 -999 87 -999 28 -999 -999 -999 51 -999 -999 -34 -51 -20 -999 -999 -999 -999 -62 -999 -999 -23 -999 -100 -92 82 -999 35 35 -12 -999 13 -999 30 25 -75
-999 45 -999 1 93 -50 33 6 -999 -999 -999 -999 -999 -8 -999 -999 -11 -8 89 -999 -36 -84 46 -999 -63 0 25 60 76 -71 -77 -999 -98 -999 63 -999 -999 -999 53 -34 -999 -35 -59 -60 -999 -999 -52 -999 -36 -999 46 -999 -51 -999 -999 -999 40 -999 56 -999 63 -999 -49 -999 -999 -27 -20 93 -41 -999 -6 93 36 -999 -5 89 63 -99 -1 35 -999 87 -63 83 -999 -83 -999 -47 34 -18 -3 -999 -999 -6 -84 74 -67 2 -999 -87
-999 -999 -64 -5 72 -999 -999 -999 90 -999 -999 -999 -999 -999 -999 -999 -999 -35 54 -999 -40 50 -999 -999 -999 -999 -999 -19 36 -82 -100 -999 -999 -82 -999 -999 84 -999 -999 -999 -999 -999 -999 -999 -94 -999 -999 -29 -999 82 4 0 -85 2 -999 -90 -999 -999 -999 3 -999 -66 41 -999 -999 -999 26 9 -999 -50 -999 -87 -999 94 -999 -999 -999 -999 -69 5 -999 -999 62 -999 -56 -999 61 88 91 -999 92 10 -999 72 -18 80 -75 -7 -999 -59
-999 -999 72 -999 -999 -999 -92 98 -42 -999 -999 -47 30 -999 -43 -999 -999 -999 0 -29 77 -999 -26 61 6 -999 -999 -999 -66 -999 26 45 -999 -999 -29 -999 -999 -28 -999 -999 46 1 24 -999 -999 -999 4 -999 45 -45 -999 -93 -999 75 -56 -999 -999 94 -999 -999 -87 -24 -77 -999 98 -999 -49 -32 38 95 -92 -54 62 84 -40 27 83 -48 -71 84 -8 -999 14 -999 -22 88 -999 -67 -999 -999 16 -999 -100 28 0 -28 5 -999 58 -999
-37 -999 -10 -999 -999 -33 -44 27 1 -999 73 -999 -999 -999 32 -999 -999 -999 -26 -999 21 -999 -999 -81 -999 -64 -999 -999 19 -75 -70 -999 -91 -999 -30 26 -62 -2 13 -10 -999 -39 -999 34 -45 -999 -3 -999 -20 95 -999 66 88 -999 -999 -999 -999 -999 -999 -71 -999 -35 -999 -999 -999 -45 12 53 -999 -999 -68 25 -51 58 -87 97 -999 -999 -43 64 -999 8 -999 64 52 74 -92 -999 -18 -999 -999 -999 -44 39 -999 -999 82 -999 -999 -999
-100 -999 -999 -999 -80 -999 -999 -999 -999 -999 -999 24 -999 4 -999 100 -999 -999 33 70 54 -70 -62 -999 -999 -999 -999 -999 -84 -999 -9 -999 -999 -999 -999 -999 -999 -66 -75 -14 -46 -999 -999 -999 -999 -999 -999 92 -999 -999 -999 15 -999 -999 -63 75 -17 -31 -90 53 -999 -999 -999 59 -71 -94 83 -999 -66 -999 -999 -999 -999 -75 -12 -999 -999 71 53 -999 -999 -38 -999 -74 -999 -85 -999 -11 -999 -34 -999 -999 -32 40 -43 3 -999 -61 -999 -999
-999 -999 77 13 -66 -62 -2 -999 26 -999 17 -33 -99 76 -999 35 -999 -71 46 -53 -52 82 34 -999 -67 77 -999 -999 -999 -999 -31 24 -999 74 -999 -96 -999 -999 -999 -999 -999 -999 -35 -999 -67 30 -999 -999 56 -999 -999 -999 -76 -999 15 -12 -15 -999 76 -37 24 9 43 -999 -26 -66 -999 -999 42 55 -79 -999 -34 -55 -999 -999 -90 -21 -80 -999 -44 71 97 84 -999 28 -999 -96 -999 -999 -999 55 -999 81 -999 42 88 70 -999 -13
-48 99 52 -999 56 -71 62 -999 -999 40 -999 -999 -999 -999 -999 -999 62 -999 -999 -14 -999 -999 -999 -999 79 -999 -33 -9 -999 -27 82 -41 -78 -80 77 -6 -18 69 99 -999 -999 -999 -999 -999 -56 79 -999 -999 -999 92 -999 -999 -999 -999 -999 24 -999 -999 -86 51 -999 -999 32 -999 11 10 -52 -999 -999 -8 87 -89 -57 -999 -999 -32 -999 25 1 -999 -30 -100 -999 -999 3 -25 -999 -55 21 -27 -999 92 5 -999 -56 -999 -999 -999 -999 -2
-88 96 -999 -999 -999 45 -91 -999 -999 -25 -31 -999 57 -999 -999 -999 -999 -96 85 -999 83 -999 -999 -999 -999 -999 4 -999 -999 -999 -75 58 -999 -4 -85 33 -999 -999 -999 -999 59 36 -999 -999 -999 -72 -999 -999 7 52 -999 -999 91 -999 -92 15 -87 -999 -93 98 -999 33 -999 74 -999 66 -44 -999 57 2 70 -999 99 -999 -999 -86 -999 -67 82 63 -999 -77 -999 52 -19 -999 -10 -34 -999 -999 -21 69 -93 -16 -999 9 -39 60 -20 -10
63 -999 -999 -999 -86 -93 -999 -999 60 76 -999 -18 -14 -999 70 -35 88 44 27 -999 -22 -92 -83 -82 98 3 -999 -999 -999 -999 -999 -999 -69 -57 -60 -999 -999 -999 -999 -999 48 -999 -80 -999 -999 -999 -999 -999 -999 -3 -999 -999 54 14 -999 -999 49 -999 -999 -999 -999 45 -41 -72 30 -999 -999 13 -999 -75 -66 13 -999 42 29 79 9 -95 -999 90 -999 99 -999 68 -999 -999 -21 99 -4 -999 -999 34 -85 94 -49 -57 87 83 -999 74
-999 -94 -999 -999 57 -999 -33 -999 -999 -82 -999 -999 33 -999 33 -999 -66 -999 -51 86 -999 -999 -31 -999 -9 -999 -53 13 -999 48 -999 -65 -999 13 14 -999 -999 -999 -999 -999 87 -999 -999 -93 48 22 -28 -999 -97 -999 -999 -18 -89 22 -999 -999 -999 -46 -63 -999 -999 -56 -33 -999 -5 31 -999 -20 -999 60 -77 -999 -999 -999 53 -999 -50 -42 84 -999 -999 55 58 -51 -40 31 -9 -25 73 -95 -57 -999 -999 -39 72 -999 27 -999 80 -999
-999 -999 -92 -3 -999 -999 97 -999 -999 14 17 64 -999 -30 -84 -999 -999 -66 -999 11 17 87 -55 -999 -67 -999 31 55 -999 49 49 -84 -67 61 -999 78 -999 -46 14 -999 -999 -999 -35 100 51 -999 56 -999 -42 -999 51 -18 86 49 -999 90 -60 -999 -999 41 33 -999 14 -999 56 59 -999 -26 -999 -999 8 -999 14 -82 81 -999 17 -999 43 -999 -9 -999 -56 -88 -4 -77 -999 -999 -999 -57 70 -999 -36 -999 -10 -20 -88 -999 -20 -83
-999 -999 11 -999 -999 -999 -999 93 51 47 91 2 -999 -999 85 -60 -999 15 -999 29 -96 -999 -39 7 -27 -999 10 -999 -999 93 -999 -26 -999 -999 36 -999 -41 77 93 -999 -30 -999 -999 89 -999 70 12 -999 11 -999 -999 -11 4 81 -16 52 94 -999 34 -999 -999 -54 36 -999 33 -49 -999 -11 -999 31 5 -999 57 -999 -18 -999 -999 -14 -999 99 -15 -999 -999 -999 -999 49 28 -999 -999 -999 70 68 73 -58 -33 -999 -999 -22 -43 -999
-37 -999 -999 -999 91 -86 -999 -100 -77 -999 -39 -20 6 -999 -999 -23 -999 -999 -999 34 -999 -47 -999 -999 -999 -27 99 61 -41 -999 74 -999 -999 -18 55 -999 -999 23 -999 -999 -999 -999 -999 -18 -87 -34 -999 -999 -10 26 44 81 -999 -999 -999 1 80 -999 33 -999 -36 90 15 60 45 13 32 -999 -999 -68 -72 -999 -19 -41 2 -999 -999 50 51 58 39 -999 -999 -73 -82 66 8 -35 -999 -999 -999 -999 -999 -999 -999 -999 10 -34 -999 -999
51 -13 -999 -999 59 -999 -999 92 -999 -999 100 -27 -999 45 -41 -999 -999 32 -999 -999 -999 77 26 -6 89 -999 -25 -999 -999 -71 -10 -999 -53 -999 9 -999 -999 -17 -999 -55 -20 12 89 -999 -999 9 -999 -43 -41 33 -999 21 -999 -999 -999 -999 -999 -999 -83 -999 -999 2 -999 83 -999 -999 -999 -999 -999 -91 36 -999 -999 -999 -999 -64 -999 -56 -71 -999 -66 36 -999 13 -999 73 -999 13 -999 -999 -999 94 -999 -999 -999 -94 -999 -999 37 -999
-999 -999 -999 -89 -999 -999 -999 -999 -999 -65 -999 -999 14 54 -999 71 -46 -1 -999 -999 -999 -999 -50 -22 -999 -52 90 10 -999 17 -999 -4 -41 -999 -999 -50 -84 -67 -999 -999 49 -999 -999 -88 65 -999 -25 -42 -999 69 -89 -999 48 -93 -999 -62 -51 -999 -999 -999 53 33 69 -999 -50 -999 66 -34 -999 -999 -999 -24 -999 -15 -999 -999 -999 -76 -999 -999 -50 -11 -999 -999 -91 -999 -999 99 -999 -999 -999 -999 -999 -91 -999 64 -999 84 -16 -97
77 74 -76 -999 -999 -999 -999 -999 92 64 -999 -999 -999 -999 -999 -999 -999 -999 50 -999 -999 -999 -999 44 -999 -999 -91 -999 -999 53 -999 -999 -27 -999 -999 -999 -14 95 -999 96 -999 -999 -17 34 -71 -11 -999 -999 -999 -999 -999 37 -78 34 -45 -999 -999 66 19 -999 -999 -999 -90 -67 -999 -69 -5 -999 -999 -75 -1 -70 -31 -16 30 -999 -999 -999 -999 -95 8 -999 -41 -999 79 1 -66 -11 -999 -84 -999 33 -97 -999 -999 -47 -73 9 -95 -39
-96 -84 -999 -999 -999 -999 30 30 -999 -999 -999 -999 42 -999 -999 61 -999 -1 -999 -9 -999 -20 0 -999 -10 -2 -70 -999 9 -999 -999 -999 -39 -999 -999 -999 68 -999 -999 -999 -999 -999 -64 -999 -999 -999 -20 27 -36 -95 92 55 -999 95 49 53 3 -999 -999 -999 -999 92 -999 -999 -69 -999 100 -999 -999 -999 -999 -999 -81 -999 -16 -999 -999 -90 -31 -999 -999 -999 -999 -999 25 -9 -32 -69 -999 -26 -999 -74 -67 -999 -999 -999 -999 55 -999 -999
72 -27 -999 60 -2 -999 -26 -27 -999 -999 -999 -999 -999 42 -999 -35 83 -999 -999 -999 -999 6 -999 -999 -999 -999 -100 -6 -999 -100 -999 5 -999 -999 -999 -999 -999 -86 -999 -999 -999 -999 -999 -27 -999 -95 -999 -999 -71 -999 -999 -999 -999 -999 -999 -40 -999 54 64 43 -51 -999 -9 -999 -59 -999 -999 52 6 45 -999 -999 -999 -999 -95 -999 -999 -57 -999 -37 6 -999 -73 -999 -86 91 -87 -36 86 -2 52 -999 -999 -999 -999 -999 -999 10 -999 0
