100 100
0 -32 38 -999 -999 98 -16 49 -999 -999 53 81 -42 -999 -999 -999 29 -999 -999 24 -999 -999 -999 -999 -32 -999 -56 -999 -999 89 -999 -36 -999 48 -2 -999 -999 93 76 42 -22 89 65 -999 -999 95 -36 -999 -44 -97 -75 -999 -999 -999 -999 50 -999 -6 -999 9 -5 -23 -999 98 -54 44 86 -999 -999 -999 -999 -999 56 -999 -999 7 59 -999 -43 -999 54 -3 -999 -999 -999 65 -999 -999 -999 -10 -999 8 22 -999 -999 -999 28 35 -999 5
-999 -68 -999 -999 -66 35 -999 -999 73 -91 -999 -999 -999 -999 80 -999 -63 -999 -999 34 79 82 39 -58 -999 -71 63 -999 -96 -999 -999 27 -61 -95 -18 -999 -999 -94 58 -999 -999 -999 -4 -999 80 -2 -22 -999 -999 -82 -57 -999 47 63 -20 -33 -999 -999 -999 -999 -49 -999 -999 -34 90 -97 78 -999 -999 -999 -999 94 80 -999 18 -67 46 -999 19 32 -999 -28 -999 1 -999 -999 -999 -23 -57 -999 -999 -25 -58 -999 -999 -999 -999 98 -999 -999
-91 98 63 -77 -999 -999 4 -29 -999 -999 4 0 -71 -999 -999 77 -999 -999 -999 97 -24 12 -999 -999 -999 -95 -36 19 79 47 -999 8 77 55 -31 -999 -999 -999 7 -96 -13 57 -999 -999 94 -52 -999 -999 -999 -999 -27 -79 15 -999 -999 -999 68 -999 -63 6 -999 -999 -999 -89 81 -999 -999 51 -999 -27 -999 -73 63 -999 -999 -999 -999 -999 -999 -95 -90 27 -999 -999 -999 -5 -22 -999 -75 -999 -54 -999 -999 -999 3 -21 27 -87 -92 -4
-999 93 31 -999 -999 -999 -999 -999 23 -999 -999 20 -999 -999 -999 -999 11 85 44 -999 96 -999 -999 -999 -999 -999 -999 -999 -999 89 -999 -13 -49 -86 24 -999 69 60 -999 -88 17 91 79 72 -999 -999 -52 4 -999 -999 96 -83 2 -999 -74 -999 -3 98 -999 -9 -999 -999 -999 -999 73 -999 -999 -999 15 50 23 -33 55 -999 -999 -21 81 85 -999 -999 41 -8 -999 -76 -999 -76 -999 -71 -999 -999 61 -999 66 -84 -999 -999 98 -12 100 -999
-999 -999 65 -999 41 -56 -999 -999 -999 -999 -999 -999 -78 -2 -999 -89 63 -999 -999 50 -33 -999 -95 -20 -19 -999 23 -87 11 -999 -999 -999 -41 -999 -63 -76 48 -30 -999 -94 -999 11 70 -999 -39 -11 -999 -999 -51 -999 -999 70 -999 -999 -999 -999 -83 -999 40 -79 -999 57 -11 -999 -999 -999 78 -999 63 -36 -999 -999 -999 -999 -999 -96 -999 -999 81 -55 -999 -999 -42 -999 -56 -999 -999 -92 -999 -40 -999 58 -999 -999 -999 83 -83 -13 84 90
36 55 21 -999 -999 67 -62 -999 85 -999 47 49 -999 82 -999 -999 -18 -999 52 54 -1 -999 -999 -999 27 -999 -999 -999 59 5 -999 -24 -999 -999 -999 -999 -999 -999 -999 -999 -999 -7 -41 -14 -29 88 -11 98 -999 -999 3 -999 -999 -60 -999 -999 -999 67 -999 -26 -999 -999 -999 -999 2 13 -11 52 -999 -6 -88 -999 -999 -47 -999 -999 -30 -78 -1 -999 -999 -999 -999 -999 -999 76 82 21 -999 12 -999 -999 -999 -999 95 -999 -999 -999 -68 24
-999 -999 -999 -999 -999 -999 -999 -999 40 87 -999 -999 62 -999 -999 -999 -999 -85 46 -999 -999 89 -999 -999 -91 -999 -91 43 -999 -999 -999 -999 -999 20 -999 -63 -999 -97 -4 -999 -999 -999 -38 -999 -999 -999 86 -999 -999 -999 -999 -88 51 -999 -999 73 12 -999 25 85 -999 -999 0 -71 -999 -999 -999 -999 -999 -999 -999 90 0 -33 -26 -999 -999 11 -999 -19 -999 18 1 -999 -999 20 -999 -999 -45 26 -999 99 -999 -999 61 -999 52 71 -999 81
-999 -1 35 -999 -999 -999 66 -999 -999 56 -999 -66 -999 -999 -999 -99 -999 -999 -999 -999 -999 -999 97 -999 -54 58 -999 -999 88 -62 89 -18 -52 -72 -94 -999 19 -999 -64 -999 -57 -33 -999 17 -10 -999 -999 -35 -41 -999 -39 -55 -2 26 -999 -999 -38 -37 -999 -999 91 12 -999 75 54 -59 -77 65 -999 -999 46 23 -999 -75 -999 -999 -999 -999 -999 29 69 -999 -999 -999 97 45 10 71 -999 48 -999 -38 -74 45 79 -999 -999 -999 -999 -999
-999 -59 -999 -11 -999 -999 76 -999 3 6 -15 -4 19 -999 92 -999 -999 -68 94 -999 -85 -52 -17 -999 -999 0 -999 -999 33 -999 -999 -999 -999 -999 -999 -999 17 -43 -25 88 -999 -999 -68 92 -999 -999 -999 -999 61 -999 -999 -999 84 -80 -999 -55 -999 68 98 20 -40 5 -15 -999 -999 -97 -999 -93 -999 -999 55 -92 -999 19 74 -999 31 -999 -999 -45 22 -43 -999 3 -999 100 -999 -97 9 -93 41 69 -84 -79 -999 -999 -999 -999 78 31
-999 -61 -18 20 68 -999 -999 27 -999 57 -999 -38 -51 -999 -999 -999 -38 -999 -38 -999 -999 64 -999 43 89 -999 34 68 -999 -62 -999 -97 19 -999 -999 -999 53 -999 -999 1 -999 -36 -999 -999 -999 70 -84 -999 -13 -999 -999 -999 96 -999 65 -999 -61 -71 70 -999 -57 11 -999 -98 -999 -999 -43 -999 -999 -999 -44 -999 -999 -999 5 -999 -999 81 -8 -999 5 -999 74 -7 -999 -9 40 -999 -999 -999 -999 -999 68 -999 -999 -89 -999 -999 -999 -999
-999 -999 -999 18 -999 -999 87 -2 -58 80 54 60 -999 -100 60 -999 -63 -999 53 39 -999 -999 -87 -999 -999 93 -999 -19 20 97 -999 -999 -91 -999 -40 -999 -64 -999 -73 -16 -31 -999 -999 -4 -999 -999 -999 84 -38 -999 -999 -999 -999 -999 63 2 -999 -999 95 -91 71 -999 -999 41 72 -67 -999 -85 -52 -999 41 -61 -6 -999 -999 -999 -32 -999 -999 54 -60 -999 -999 -999 -999 -55 -52 -999 29 -999 -29 73 -999 -77 -21 -999 58 75 -5 -999
-86 -999 -999 -999 -86 40 -50 -999 -999 -999 -999 80 -999 -999 -84 -999 -999 -999 -62 -66 -31 -999 -80 -999 -999 -48 -999 39 -71 -999 -999 -999 59 -999 -999 85 6 -15 -999 -999 -999 -999 -999 -999 45 -999 -999 69 58 -999 -46 -999 -78 41 -999 58 -999 -999 18 -999 61 55 19 -999 -999 -999 -999 -31 -37 -999 -999 -14 56 -3 21 -7 -999 -999 -999 -999 94 -999 -10 40 -999 -999 57 96 89 7 64 -999 -999 -999 -39 -999 -999 -66 -999 -9
15 -999 -999 -31 93 -4 -63 15 -64 -93 -19 -999 -999 -10 -999 -999 93 -999 -999 -999 -51 -40 -999 56 -999 3 -15 16 -999 6 -54 11 -999 -999 -999 -8 95 -999 -999 -999 -999 13 -81 -999 -999 82 -999 84 -999 -999 -75 -999 92 -27 -999 -51 -999 -999 -83 -999 42 -999 56 59 -999 -53 -999 -999 -999 16 -999 -98 -20 -999 -999 67 -999 44 -999 -999 -999 -999 -999 -999 84 -999 63 -999 -999 -999 -999 -999 -78 -999 -999 -68 -999 -999 -999 -999
-999 -999 -999 -11 76 -999 -999 -69 -999 -32 16 44 -999 39 -75 55 -999 100 -999 -999 -999 -96 -999 19 48 -999 -999 -999 -76 -999 -64 57 -999 -999 -88 -4 0 51 -999 -29 -60 55 -999 -76 52 -999 -999 -999 -999 -999 -999 54 -999 39 -86 -64 80 -81 -999 37 -999 31 13 -999 -50 -999 -999 85 -999 71 -999 97 10 87 -58 94 37 -999 -999 -999 33 -999 -5 -56 -999 52 -999 -999 1 -999 -62 -999 -55 -999 -76 -999 -999 -1 76 -999
-999 -51 11 -999 -999 -999 -999 -999 -999 -27 57 -999 -999 -999 -999 -999 22 56 -74 -999 -999 -999 27 -999 -999 -5 -999 17 -999 -999 -999 -999 51 -999 -999 36 -48 7 -999 -999 -999 -72 -41 53 -30 -999 69 -999 -93 -98 -999 27 -999 -999 -999 -999 100 -999 -999 -79 32 -999 28 -999 26 -39 -999 35 86 -999 -999 -999 -43 -73 -999 -999 -999 75 31 38 68 -999 -31 -999 -26 -999 -999 -999 48 -999 -999 96 -999 -8 0 33 -999 48 -999 84
88 -999 48 -999 -999 -89 20 -999 -999 94 -999 7 61 85 7 22 -999 -97 99 -81 31 55 -999 -65 -999 -999 -48 -41 -999 4 -999 -7 -999 -95 -35 -999 -91 -999 -999 -31 -78 -52 -29 56 4 -999 -999 -20 84 41 51 -999 -91 -999 -999 -999 -999 -999 -94 -999 -38 -999 9 -999 -12 -999 -69 52 44 -99 84 -999 92 -999 -73 21 -73 76 -999 -999 -999 -999 -999 73 75 63 -38 -999 75 86 -999 -999 54 -999 -999 -999 -4 -999 -90 -999
-999 -999 37 91 -999 -999 -39 -999 -999 -999 59 -999 -49 -999 -15 76 -49 -999 -999 -999 -11 3 -999 -999 24 33 47 -999 -999 -999 80 -999 -999 86 -999 78 51 -999 -18 -999 41 -4 -999 31 -35 -40 -53 13 -999 -999 28 -84 -999 -999 -999 -999 -999 -999 -93 -999 18 16 -87 45 -999 -999 -999 -999 62 -24 95 98 -999 -999 -999 -18 -999 91 -999 -999 -999 71 -999 -999 -999 -999 -90 28 -9 -999 -999 -999 -999 62 -999 22 -999 -999 -999 -999
90 -16 -27 44 -999 -57 -999 -999 -999 -999 44 -46 16 -999 -91 -999 -87 -999 -999 68 -999 -999 -27 -999 -28 -999 -35 -999 -999 -77 -999 37 -999 -999 -999 -999 -999 -999 1 -999 -999 -999 -999 -999 -999 -54 -78 -71 72 -999 -999 -999 -55 -76 -999 8 -23 59 -999 -26 -999 -999 -79 -999 -999 12 72 -999 -999 64 -999 13 -999 -100 -999 -78 55 -46 -999 63 -47 95 -82 -999 -999 -999 -999 -999 -999 23 -79 -999 -59 -999 95 49 -999 -999 -999 -76
47 -999 -999 -999 29 -999 -999 -999 -999 47 -999 93 -20 -999 -88 -999 -999 -18 43 -999 -999 -999 84 -7 61 67 -999 -999 -999 58 65 -999 -999 -999 68 -999 -73 -999 54 35 -999 -999 -999 -24 -999 11 -999 28 26 -999 -999 -999 73 -999 -999 -999 -999 33 -32 -999 -999 -999 -65 -999 -999 40 -999 89 -78 -80 20 -30 -999 -72 -999 -36 -999 -999 -999 -85 -999 -999 -999 -999 -999 2 -999 -999 83 -999 -999 -999 -62 49 -999 -6 5 -999 -999 -999
23 -999 -999 -999 -96 53 51 -999 27 -999 81 85 -24 -999 -13 65 -999 -999 -999 -999 -40 -999 37 -37 -999 -74 83 -999 -999 97 -999 -999 -999 -9 -57 -999 12 -999 -999 52 -11 -999 -999 -999 -999 35 -999 -999 -999 28 -999 31 -999 24 -999 -999 -94 -71 55 -999 -999 23 -33 -999 -47 3 -76 -999 -999 -999 -34 -17 -999 66 -999 -99 -999 -85 -999 88 39 -999 -9 -999 -999 -83 -999 13 -89 20 -999 -999 21 62 -999 -999 -999 -4 -54 -999
-44 -87 17 -999 -999 98 -12 -999 -999 -97 -18 -999 79 -999 -49 5 90 -999 -27 -999 -78 -999 -999 -999 22 17 -999 -999 56 -999 -999 31 -999 30 -91 -999 -54 -81 -999 -58 -42 -999 -999 -999 -39 56 -59 -999 93 41 -72 47 -999 -999 -76 -71 -999 -32 -18 -81 -999 -999 -999 -999 100 -999 52 3 -999 -999 -17 -999 -75 -999 -999 -999 -999 -999 -999 32 -999 13 -72 -999 -999 -999 -999 -999 -5 0 -999 -35 5 -999 -999 -999 -999 -999 -999 -999
-999 -7 -999 -999 -999 -999 -999 -16 -999 -999 13 10 -999 -999 14 -999 -99 -999 -999 96 -57 -95 -37 83 -999 -999 -86 -40 -999 -999 -34 7 -999 -46 -999 14 40 -999 -999 93 -999 76 64 -999 -62 -41 24 -86 -999 -999 94 28 -999 -999 -999 -999 -999 21 -999 -999 -87 -7 91 13 -999 -999 -36 -999 65 5 -999 -999 -999 56 -999 17 -999 -999 -999 -999 69 61 -92 60 -999 39 -51 95 -999 -999 -999 -999 -999 -20 -999 -999 -999 -999 -93 19
-999 66 45 -999 -999 -999 60 -999 -999 -999 -999 -21 -999 -999 -13 -999 77 59 -97 -999 -13 -74 -999 -999 -999 -999 -999 -999 -999 -999 -999 23 23 -999 -3 -999 -999 -78 27 -999 -81 -999 -999 -44 -999 99 -17 37 -56 -72 -999 38 -999 57 -98 -86 -999 55 -999 -999 -83 52 -999 17 -999 -999 64 75 69 -59 -51 68 -999 -999 55 -999 22 -999 76 -53 40 -999 -65 -999 51 -999 -33 -999 -999 75 -999 -87 -999 70 -70 -63 -999 12 -999 -999
33 -83 -11 -62 -999 -29 4 -999 -70 -999 -999 -999 -999 -999 -999 -999 -33 -999 -999 -25 -999 -999 76 -999 -999 -999 68 -999 -91 -999 -999 -99 -999 -79 -36 -999 -16 -999 -34 -27 -57 -64 -999 -999 -999 -29 53 68 -999 -999 -999 13 -22 -999 -999 -2 -999 -19 -999 -999 -999 9 -999 -999 -999 15 -999 3 -999 -999 -999 33 -999 -999 91 -999 -31 52 -76 -66 81 -11 43 -31 -35 -999 2 -83 22 -35 70 -999 15 -38 -999 -71 -73 -999 -999 -999
-999 -7 -999 -66 10 80 70 77 -999 36 -999 -999 -999 45 -999 69 -6 -999 -1 -49 20 42 -999 97 -999 -999 -999 -999 26 -999 -999 -999 23 -999 -68 -999 -999 -98 81 -999 -999 -999 -999 -999 -999 -999 -17 -999 -999 -999 60 -999 -999 -999 -999 -999 -999 -999 81 -999 -60 -999 -999 -7 39 -999 1 -999 -999 17 99 -76 -999 -999 -999 26 15 -999 -999 83 -999 51 38 -83 -999 -999 -999 99 -999 -31 -999 -999 91 -52 -999 -999 -999 -999 -999 -999
7 22 -999 -22 -999 -999 -999 67 36 -999 8 -999 19 -61 -999 -999 -999 -999 -999 -999 -27 34 54 -38 -999 71 -999 -999 -72 -44 21 98 -999 98 -999 -999 -999 -19 -999 -4 -17 -999 -56 -999 -999 -13 -999 86 -999 -999 -999 39 21 -999 -74 -999 -999 -36 -999 -999 -86 -999 -999 -999 -73 54 -999 17 -999 -999 31 56 -64 -999 -79 25 49 35 -18 -39 -999 -999 -999 -999 -999 -999 67 -999 -44 -999 -999 -999 63 -999 80 -999 -999 73 -40 -999
-44 -999 -60 -999 56 16 -999 -999 -20 -999 -11 42 -75 -999 -999 -31 -83 -999 -44 91 -999 68 -94 -999 -999 -999 -999 -999 -999 50 -999 -999 -4 -84 -999 -999 -999 -999 -97 26 58 -999 27 25 78 -999 -49 -999 -999 29 -999 78 -19 -999 -999 -86 70 -87 -8 -999 -999 83 26 -999 -999 -3 -999 -999 20 -999 -999 -35 -999 55 7 95 -999 -999 -999 -999 -999 -999 -80 28 87 -100 -999 -20 -60 -999 -999 -9 -999 -41 -999 -999 -999 62 -999 -999
-61 -999 -50 20 -999 -13 -999 -11 -999 -999 -999 -76 -22 -999 -999 -999 -87 -999 -999 -999 -999 -999 56 -37 1 -999 -999 70 -999 13 -97 -999 -999 67 -24 90 69 -98 3 99 -999 -87 -999 -41 -999 57 -999 -999 31 -999 -999 -999 -27 -999 -999 11 -999 51 -999 -999 -999 -999 41 -999 -18 -999 -999 -82 -999 4 14 -16 -999 -999 -999 10 -47 -49 -999 -2 -999 -999 -999 -999 -999 -999 -999 -999 -999 -999 -21 -999 -89 -999 -999 29 -999 -999 -999 35
44 -999 -999 38 -8 17 86 -27 -999 -68 -999 -999 -25 -30 50 -999 -999 -58 -76 88 -51 -83 -999 -999 -999 79 -999 27 52 -999 -999 -44 -999 -67 -999 40 -999 -79 14 -76 91 99 -45 -73 -999 54 -999 3 -65 15 -7 -999 56 43 -999 -999 -999 -999 -32 -43 -999 -87 -999 -93 -27 -999 -999 -52 -44 4 -999 -999 -999 -999 -67 -999 -999 -99 -999 65 -999 -999 -999 -999 74 -67 -999 -999 -999 -35 -999 -84 -999 -39 -999 -999 -70 -999 -11 -999
-38 97 -36 -999 -999 -999 -999 -999 73 -999 -999 -999 35 -71 -999 50 -999 -999 62 -999 -999 -999 -999 -999 -999 1 99 34 -44 93 -999 19 -999 -999 -83 44 -999 19 -999 -999 52 83 -51 69 -999 -57 60 -999 19 -999 -999 -38 -999 -999 31 -59 -40 -15 -999 -999 -999 -71 -999 -73 -55 -999 -11 -42 66 -41 -999 -999 -999 -41 -999 -87 -999 -66 -34 79 -999 78 42 71 -999 -999 -999 -999 -999 -999 -63 -999 -999 -999 -999 -999 -999 -20 -53 -999
-999 -51 -999 -999 -999 -15 -26 -999 -999 -999 -9 -99 -38 46 -999 -76 -999 -999 -37 -71 -999 -999 77 -32 -999 74 -999 -999 -999 -999 -31 -999 -999 -83 21 1 10 51 -999 -999 -999 -999 -999 -56 16 -999 73 87 -999 76 -999 -999 97 -27 -999 -45 -999 -999 10 -999 -999 -999 -65 -999 -999 -999 -97 -56 30 -35 -999 -88 -999 -4 -999 79 -999 -999 -999 -999 -47 -68 33 -64 -999 4 -999 -57 5 -999 -999 -999 -999 -999 -999 -999 -44 -999 -81 49
-999 -999 62 -999 -999 30 -999 -999 -999 -75 -999 37 -6 -999 -999 -45 -16 -999 -999 24 95 -999 -999 -77 48 90 58 -999 -8 5 17 -81 -999 -999 -999 -34 -37 -55 -999 7 -999 -999 -999 -999 -999 -999 -999 -999 -999 -100 23 -999 -999 67 -71 -999 -999 58 -999 -999 -62 -70 40 -999 63 63 -999 -45 25 -999 -999 68 51 -83 30 -999 -999 -999 -15 -999 -59 -52 -95 -34 -64 25 -999 49 -50 -93 24 52 -999 -999 -999 -15 -999 -74 -999 -999
37 -23 -999 -999 -15 5 76 -13 -56 15 -999 -999 -999 -999 -999 -999 80 76 -58 -999 -17 -999 81 -999 -999 57 -3 77 -52 -999 12 -52 -82 -61 -62 -999 9 -999 60 9 -999 -999 -999 72 -999 -999 -999 91 -999 -44 -67 100 -999 -999 -39 -999 -47 -999 -62 100 -5 -45 -999 -999 -60 -100 -999 11 -999 -999 -999 -999 -999 -999 44 92 -999 -1 -44 -999 -999 -999 63 -999 -999 70 29 94 -16 -999 -100 -999 -999 -999 -999 3 -999 -999 2 64
-999 11 -84 84 6 -999 -999 -999 -999 -999 -999 -999 -999 -999 -85 -999 -999 -89 66 -87 -11 55 -999 -999 75 78 -14 -999 65 86 -65 -63 -999 -999 -999 -999 -75 -31 -46 66 -999 -999 -999 -999 -999 -6 -999 -999 -999 -999 8 -31 52 -999 -999 -999 68 -98 -999 -999 26 96 -41 90 27 -999 22 -999 -71 -999 -999 -37 -999 -999 -999 15 -999 -99 -999 29 -999 -66 37 86 -49 -999 7 -89 -88 16 -999 -999 -999 4 24 92 -92 -999 25 -999
-999 -999 -999 -999 -36 85 -999 80 -999 -999 19 -999 -999 -999 -999 -999 79 -999 -999 -999 -999 -999 -999 81 65 94 11 -999 -999 -23 21 -999 -57 -47 64 -15 -999 -999 73 -999 -999 39 -999 54 -999 -999 -999 2 -999 -73 -79 -999 -36 36 -999 20 -999 -999 -999 -97 -999 -999 21 -999 35 -999 -999 17 -999 -999 46 3 44 -999 -71 35 1 -999 -999 -6 -94 -999 99 -999 -999 -999 16 26 -999 -999 46 -999 -39 19 -999 -999 -999 -999 -999 -999
-44 50 74 -999 -999 -999 -75 29 -999 87 -84 -999 -73 -999 -85 20 -999 -85 -999 -999 97 -999 16 8 56 -999 -14 18 -999 24 -999 -31 -22 -999 -999 -999 -999 -999 88 -999 73 73 -999 -999 -95 57 -999 27 -999 -999 -999 -999 -999 -21 -999 -999 -999 23 -52 -62 -999 -999 -999 -47 11 19 -999 -94 -73 -999 -999 -70 -999 -999 30 -9 -999 -999 -999 34 -55 -999 -74 -81 -999 -999 -29 68 84 -999 -81 -999 -999 -999 -999 -71 -999 -51 67 -37
-999 -999 -55 -999 -97 87 -999 -999 -999 -999 -999 -999 40 -92 -999 -999 -999 -999 80 -999 -999 -3 -48 47 -999 -99 5 -999 39 -37 74 53 -999 -999 -999 -18 -999 -999 -999 37 -45 -999 -96 -56 -999 -999 -999 -999 72 -999 -92 -29 -999 -999 -999 -999 -999 79 -999 -53 -999 -999 -999 -999 21 -999 -999 -999 -999 -999 -999 -1 -999 73 -999 -999 -999 -44 -999 -999 50 -91 41 -999 -999 -999 -999 -999 -71 -999 -999 -39 -999 -16 -999 -999 -53 95 35 -999
-22 -999 -999 -999 7 -999 -999 -999 -78 -999 78 -999 -93 -999 -999 -999 -12 -56 99 -999 69 -99 -999 44 -999 -999 9 -999 -999 -999 -43 75 -23 -999 57 -22 -999 85 -999 -999 -91 -28 -999 -75 -71 -999 -999 57 -999 -999 66 -999 -21 -999 -999 -999 -999 -95 21 -79 -999 -999 95 39 -999 -12 67 -999 -999 -999 -999 69 -999 53 19 -999 -95 -999 -999 -999 -999 82 -47 -40 -57 -999 -999 -999 79 -999 -999 -999 -999 -16 -999 -999 -999 -999 90 28
-60 -66 -12 -999 -86 55 41 83 -999 -999 -30 -17 -999 -999 40 -999 -999 -999 1 -999 -999 -999 1 -999 97 44 -999 -999 83 -70 -73 -999 -44 -46 79 -999 43 -999 -999 -999 -999 -999 -14 -999 -99 46 -999 -999 -999 -999 50 -999 30 -12 69 -999 -999 -999 6 -999 -57 -999 23 -999 -999 -35 -999 -999 43 36 21 76 -30 -31 -95 -999 -21 27 18 -74 -999 8 -999 -999 -999 -28 -85 -999 -999 -82 -1 3 -999 23 -999 -84 -999 -999 -999 -999
-100 -23 -999 -30 -11 12 -999 11 83 -81 -999 -999 -999 -999 83 -999 -999 35 -999 -999 -999 -999 -44 -999 -999 -999 8 -999 37 13 -999 -999 -999 -100 -999 -65 -999 94 -40 34 -999 -2 -999 -999 13 96 57 -33 -39 -999 -61 54 -999 -999 -999 -999 -999 -999 -999 -999 -73 -999 -999 -999 -999 -999 -97 75 -999 -999 -999 38 56 -42 41 -999 -999 -999 40 -999 -999 -999 -999 -999 46 54 -999 -999 -50 -54 -999 -999 -999 -999 -27 -999 -999 -999 -999 -999
-999 -59 -90 -999 -999 91 -64 -97 -999 -999 72 -62 -29 -88 -96 -26 -999 -999 23 61 4 7 87 -999 -61 -999 7 -999 48 49 -91 89 -999 -999 -999 -999 1 -999 -999 52 56 86 88 -999 -82 -55 -999 -100 -999 -42 -14 -76 -999 -999 -999 -999 -40 -54 -999 70 -999 79 -999 -999 -84 44 -999 -999 -21 -999 -999 -33 -999 -44 -999 35 -78 -999 -999 -11 39 -999 88 94 17 -999 55 -999 57 100 -999 55 -999 -83 -999 -99 -38 -999 -999 -999
-999 52 -999 11 -999 -999 -999 -999 -91 -50 -999 -44 20 -1 -49 -999 -43 -999 -999 -13 46 -999 -999 -999 -999 -999 4 -86 -999 -999 -999 -50 -999 -999 -999 -999 -52 -999 -999 -999 -49 -999 11 78 48 -71 70 76 -26 -39 -999 -98 -85 -999 -999 37 -999 -999 -8 -83 -999 -999 -999 66 -999 -94 -999 -97 12 -999 -999 -999 -999 -999 -999 -999 44 -999 -999 47 -22 -999 -77 -999 15 -999 -999 -999 -999 -999 -999 -999 -999 16 -999 52 -999 -999 -41 -999
-999 10 22 -24 -999 -999 49 -999 -999 56 49 100 -76 89 -999 69 -999 -999 50 -999 -999 -999 -54 -999 -999 -95 -76 -45 -59 23 -12 -999 28 -5 -999 20 -33 -999 -999 -999 -999 -54 -2 -17 -999 -999 10 -999 -37 -999 70 -999 50 -999 -999 -999 -999 -999 -28 33 12 -999 16 -999 -32 -33 5 -999 -999 -999 86 -999 -999 -999 -999 -999 20 -999 -86 -999 -29 14 34 -999 95 6 -999 -89 -25 -999 -999 10 92 28 -999 81 -999 89 -999 -999
-999 -999 36 -999 -48 -999 -23 -999 -37 -999 -100 -999 -999 -999 -999 -999 -999 8 -999 -999 -999 0 80 18 0 -999 -999 -999 46 -47 66 -6 -999 -48 -999 -999 100 28 -33 -999 -999 -999 -70 -60 -90 46 -999 68 -999 76 -999 -999 57 -67 -64 -1 18 -999 -999 99 -999 -999 -999 -999 13 -999 -58 -999 22 -999 -999 89 -26 -19 65 -52 -999 1 -29 50 2 -999 -95 64 45 -999 29 -16 -999 -53 -999 96 -999 20 95 -999 -999 -999 30 -999
19 -42 -999 -999 -999 58 58 -999 -999 -999 -999 -43 -999 91 90 46 -100 -999 -999 -64 -999 -71 -999 -999 22 -999 29 -999 -999 80 -49 88 -999 -24 -37 3 80 73 -999 -56 -28 -999 -90 -999 38 -999 92 48 -999 -999 -16 -999 -999 -999 -999 -999 -999 -999 -999 -22 -999 33 -48 -999 -15 75 -999 -22 -38 -999 -999 -78 7 -999 -999 -999 -36 -96 -99 11 -999 -999 -999 86 87 -999 51 -20 -999 -999 -11 40 -999 76 -999 -999 25 -999 -50 97
-53 -97 -999 -999 -999 -13 -999 -999 -68 -999 0 -999 -999 -999 -2 -999 -73 -32 -999 -999 59 -999 -73 43 -999 -93 -80 58 -3 -61 -999 -999 -94 -73 -999 -999 -77 34 -94 -81 -999 -100 -66 -999 -999 -999 -999 26 -999 80 -999 -999 -999 -999 -33 -39 -17 30 -999 -999 -999 -15 -999 -999 -999 -34 -999 -999 -999 -999 -999 -56 -76 62 -41 -999 -999 -999 -999 -999 -999 -91 -45 11 78 -999 -999 69 -999 10 -39 -999 -999 -999 -51 -999 -999 -17 -999 -7
-999 3 -999 -999 -999 -999 -999 80 -999 -999 -97 -999 -9 -999 -8 -3 -47 -999 -999 32 33 -86 -999 -999 -999 -999 -63 87 -999 -58 60 -999 -54 -999 -999 -58 -999 -6 -96 79 0 -999 16 43 -999 -45 22 -999 -999 -999 -999 -13 -999 24 -80 -999 45 -999 -999 -44 -81 -999 -41 71 -68 -999 -999 -51 15 -999 -999 -999 -73 -999 -999 12 -999 -84 -999 -999 -999 -999 37 77 -999 -81 -81 -999 -999 -999 -82 -999 -999 -999 97 -999 2 8 -19 -999
-65 -999 -25 -89 -30 -999 2 -6 -999 -999 -56 -9 -999 -6 -21 -999 6 72 -999 14 -999 -999 -999 -999 -39 -21 84 -999 -999 -999 -999 -999 4 -999 62 -999 -999 -999 -999 -999 -61 64 -999 45 47 7 -999 -999 -999 48 -999 -999 -11 -66 -999 -999 -999 -999 91 80 -83 65 68 81 -999 96 74 -999 44 -999 25 -999 73 -999 -36 48 -999 -999 -999 -999 -73 -999 -57 -999 -999 -82 -999 -999 87 -5 55 21 -999 71 -999 -40 -999 28 11 -999
-999 -23 -999 -999 -71 -34 -999 36 -999 -999 -21 -999 -9 -1 -999 -999 -5 -999 -999 17 18 -55 -999 -10 74 -999 44 -33 -999 -999 85 -999 -24 -999 -999 -999 -47 -40 81 -78 74 52 -84 -999 -999 -999 -999 85 -51 -86 55 -999 -79 -50 -999 3 40 0 -34 -90 -999 -999 15 -20 -999 -95 -999 -41 -999 43 78 -999 -48 0 -89 -999 -999 -999 -999 75 -70 28 3 -999 -91 -999 -999 -999 -999 -999 -999 -999 29 -37 -49 -999 -999 -23 -37 -999
-59 87 -999 91 -999 -27 -999 22 64 -999 -999 -39 -87 28 58 -999 -999 93 93 19 -15 -999 -999 91 79 1 -999 39 71 -999 8 -90 -999 -57 -18 8 -999 -999 -999 -94 73 -83 -999 -23 20 -999 -999 48 -37 -78 41 -999 -999 -35 -999 -100 -999 -67 -999 -999 -999 71 8 -999 -999 23 -999 -999 17 -96 -999 -999 -999 1 -999 -999 -999 92 -44 -999 -999 -33 -999 -15 87 -999 -999 -999 -999 -999 -999 77 53 44 -1 -999 -999 -999 23 -999
-999 8 -77 -999 -999 -999 -999 -999 -999 -999 97 -999 -23 -67 -88 -82 37 -999 -55 -999 0 -999 24 -999 76 -999 -999 -999 -48 -999 -999 -999 -999 -999 -43 56 -999 -999 -999 -80 79 -88 -999 66 -37 -52 -12 -70 -999 -999 33 73 -999 -999 57 -999 12 29 -999 24 100 86 -56 -96 -999 -999 67 1 -999 -999 -999 -999 -999 -999 -49 33 27 -50 -96 -999 -999 -68 -999 -999 -999 -999 -999 17 -26 -89 -83 -99 29 -76 -999 -56 -999 91 98 92
-39 -999 -999 -18 -6 64 -999 -999 -999 68 -42 -999 -52 7 53 -999 43 -999 -82 29 -999 -39 -999 -999 -4 -999 -999 -999 79 -999 97 -999 -21 -2 -999 -999 -999 21 27 93 -100 -999 -999 -999 -6 79 -999 -999 70 -22 -999 -999 49 87 -999 -999 30 -999 -21 -999 -999 -999 -999 -2 51 97 90 -999 -999 -999 -999 85 35 -999 -999 56 -999 -43 -999 -999 -94 -999 -999 59 85 -47 -999 -35 -999 -999 69 -999 -99 31 -39 -999 -999 -999 -46 92
-999 15 -999 -999 -68 46 -999 41 33 -999 5 -999 -999 36 100 -89 -999 -999 -999 16 -65 43 85 50 -999 -999 -12 -999 -999 -37 35 -999 -999 22 49 -999 -80 2 -999 -999 -999 -66 -999 -21 -77 -999 -999 -68 -999 46 -999 -999 -999 -88 33 66 -999 -999 -7 -999 91 -999 44 -28 -999 33 -78 79 -999 -999 -999 -999 -26 -33 -999 -56 -93 -999 -999 -999 17 -19 78 40 -999 85 38 -89 -999 24 40 2 -73 -999 -999 -97 59 63 -999 -81
-999 -64 -33 -999 -75 -999 36 18 -98 -31 -999 -999 -15 -999 73 -999 -85 -53 -999 -999 21 -24 69 -87 -999 1 -999 -999 -999 -12 -1 -999 -14 96 -999 60 -999 -14 28 -999 -999 64 -999 -78 68 -999 -63 -68 93 -55 -999 -999 -999 -999 -999 -26 -999 -95 -999 -10 -999 98 -999 -26 56 39 -999 -56 -999 86 -999 -25 -999 14 49 -999 -999 72 -13 -31 -65 75 -999 -999 -999 -999 -999 22 -999 -999 -50 -999 -999 -16 -999 -999 -999 -999 -6 -999
-999 -100 31 -999 -999 -94 -999 -48 -999 27 -999 -40 70 -46 -11 -8 -999 72 -96 -999 -55 -40 -999 -28 87 -999 -34 -999 7 -999 -100 -78 -999 -999 -71 -8 83 -999 -999 -16 -82 -999 -999 9 -999 -999 -31 -83 -999 -89 -36 3 -999 -83 -24 -92 17 -999 -999 -999 -53 36 -999 -999 11 47 -999 99 40 -999 -37 -999 -999 -12 -999 -999 -27 21 -999 -999 -999 65 -999 54 -999 -999 -68 -999 4 -48 72 -999 -16 60 14 57 -999 -999 -999 100
-999 -999 -999 -999 -999 -999 31 -72 92 -999 -54 -999 -999 -999 -999 10 -999 72 -999 -84 -999 86 18 -999 73 -999 -88 18 63 12 15 -2 -2 -999 -2 44 -35 -41 -26 -57 -999 -999 -999 -37 39 20 -999 -999 5 -999 96 -999 -999 -999 -999 -91 -999 12 74 -15 -999 -999 -27 -19 58 -999 -999 -999 -999 55 -999 91 -89 96 -999 11 7 -999 -999 -999 -999 -999 24 -79 4 27 -27 -999 -999 -999 31 66 -18 45 -999 -999 34 -999 -999 -43
53 -999 -5 -999 -16 -999 -35 -999 12 -48 100 -90 -999 -79 64 -5 -55 95 -20 -999 -11 -999 -31 71 31 -92 -999 6 -76 -999 59 -36 -999 68 60 -999 -999 93 -999 -999 -83 -999 -999 -69 -999 -17 -999 -67 -54 -999 -24 -999 -999 -999 -999 -999 -96 79 -999 -68 -999 -999 -999 -999 -999 -999 3 -999 -48 -999 66 37 -42 -999 -999 -999 -95 -999 -42 63 -999 -14 -999 -999 -999 -999 -999 -999 -999 52 -999 -999 -999 -999 -999 -999 68 64 -999 -999
-999 -999 37 84 -999 -999 -80 -999 -999 2 98 16 -18 -999 32 68 45 -999 -12 -18 -23 -999 85 -78 -999 -999 -999 21 33 81 91 -999 -999 -999 -999 54 -999 -999 -60 -40 -999 -999 -999 -999 -73 -999 -999 -999 19 7 -1 -999 -999 -100 73 -999 -1 -999 -83 -999 68 -69 -999 -999 -87 -999 -999 -999 15 -999 -48 17 -999 -9 35 -999 -999 -999 -999 7 21 44 -999 -999 -32 47 -999 57 -999 -999 -4 35 74 -48 73 32 -999 68 -999 10
-28 -999 -35 -999 -70 -46 -999 -999 -999 -999 -999 -999 18 -999 -999 50 51 -95 84 -40 -999 -999 -999 -20 -71 -999 -999 -21 -8 -999 37 -4 -999 -999 72 39 8 -3 1 -999 -6 -999 -999 -999 -999 80 -999 18 10 -999 -70 -999 -999 -5 -999 -999 42 77 -4 -999 -999 -50 -999 -999 -999 -999 -999 -41 41 23 -999 -20 -999 -999 55 -51 -999 -999 -999 -999 -999 11 -79 33 -6 -999 -999 -48 -999 -999 -17 63 -29 60 -31 -999 -99 -999 -99 -999
40 -61 14 -999 -999 28 59 -999 -999 -999 -999 28 -999 -27 -26 61 -41 97 -999 -22 -11 -999 -999 -999 -18 -999 1 -999 -999 -999 60 4 -999 -64 -96 -999 -999 -999 -12 -68 93 -999 -999 -92 -999 -71 -55 -999 -999 -999 -999 -999 -999 72 -999 -46 15 58 -999 -999 -97 -41 -85 78 -999 65 -999 -999 -999 -98 -999 -999 -91 -29 -999 27 -999 -999 -999 0 -20 -60 61 78 -999 -32 -48 53 -999 21 40 -999 -999 -999 30 42 -999 -999 65 77
-999 53 -999 60 25 -72 4 -95 -999 7 -999 -19 -999 -999 -12 -7 -999 -47 74 -60 16 -999 -999 -999 -999 52 -999 -99 15 19 -999 -999 40 -999 -999 -12 3 -999 46 -94 -999 -999 35 -8 -27 -999 -999 -999 -999 -999 -24 -999 -100 -18 -999 71 -21 -24 91 -999 -999 10 -999 -73 -999 -66 -999 -999 -999 19 84 75 -999 -999 -999 -4 -999 -23 -999 -999 -78 -999 7 -59 92 -100 -999 -999 -999 -42 -999 -71 -100 -999 -94 -999 -999 -999 -999 -59
75 -999 -999 -999 -27 -999 96 -999 8 -999 50 -999 31 51 -999 3 19 -999 -999 -10 -999 -98 -60 83 -98 -5 -27 -999 -84 -77 -999 -93 40 -999 -999 72 17 -999 -33 -999 8 -29 -38 -999 -63 7 -999 -999 67 -79 52 81 27 -999 -999 -999 96 17 -1 73 -999 -999 -999 -3 -72 -3 -999 63 -999 -999 -999 -999 -32 60 -47 -46 -999 -52 -79 -999 -79 -53 -999 36 -11 96 -999 -999 -20 -999 -42 -999 -86 -88 -999 -999 -96 92 -999 -999
-68 -999 -999 -999 -11 -999 -999 -999 -999 -54 68 24 -999 36 -999 -999 98 10 -88 -999 61 76 98 -999 92 -48 4 -999 -999 -999 -999 -999 42 -24 -999 9 -999 -84 -999 -999 -999 90 -999 -999 35 -999 37 81 -32 21 -30 -999 -999 -87 1 -999 77 93 -999 26 -999 -77 -999 34 69 -999 72 -999 -12 -5 -999 -999 -999 90 98 24 -999 17 -999 -999 13 -999 -66 -999 -999 -999 -84 -43 -999 -999 90 -85 5 -44 -85 58 -999 -999 -999 -999
-77 -999 -999 83 -42 -3 -84 90 35 -71 93 -999 -999 44 98 31 -91 -999 88 -999 -52 -999 92 -22 89 59 -22 -999 -999 -40 91 -999 -999 -999 -72 53 -999 -999 89 -999 -999 90 16 -999 14 -999 -59 -27 -999 -15 -57 70 89 -999 -999 -999 4 88 -999 -999 -68 -46 -999 -999 -93 -999 32 -999 -999 -999 -999 -29 15 -999 -999 -999 -64 -7 78 26 -999 -999 -999 24 -999 -60 -999 -999 49 -999 93 -1 -71 -76 12 -999 -999 -72 100 -999
39 -999 -95 -19 89 60 -999 14 -999 -999 -999 -999 -76 -999 -31 -21 -999 67 -70 -26 -79 -96 -999 -999 -999 -75 95 -39 -999 40 -999 2 -999 -999 52 -999 -96 -999 -999 -999 -999 -999 -88 23 51 -999 -999 -999 7 -999 -29 -999 -999 27 -999 -92 -999 -18 -49 -999 -27 -999 -999 -4 66 -999 23 -999 -84 -999 20 -999 -999 47 61 -999 66 -999 50 -999 72 -999 -999 95 -51 -999 -999 -999 84 -73 51 -999 75 -999 -999 -999 -999 -12 -30 12
-999 -999 -5 3 -999 -999 14 43 -999 -999 -999 -999 -999 -999 20 5 -12 -999 65 -999 7 -84 75 19 -48 -999 -999 -999 -999 -999 -5 -63 62 -999 -999 -85 60 41 -999 -36 -999 -999 -999 46 -999 -999 -999 -999 -999 -999 -77 91 86 27 -999 -35 -999 -999 -999 80 -2 -96 -999 -999 -999 45 -42 87 -10 -999 75 -999 -77 6 58 -44 7 -999 57 -61 -999 87 -98 -999 -21 -999 -999 -999 -3 -22 -2 -999 -54 -54 28 -999 77 -999 22 -999
-999 -999 -999 74 -999 -999 -69 -999 -999 -999 100 -999 5 -999 -6 8 -999 -999 -999 -999 81 -999 -999 -999 -24 77 -4 -999 -999 -999 -15 -999 -999 -999 -999 -999 -999 64 25 29 -999 -84 -999 -999 22 -999 -86 -999 21 -15 4 -999 -18 11 66 13 -1 78 -999 32 -999 -999 75 -999 -69 -999 -76 -999 -999 -999 -6 7 -999 -999 -999 42 -73 93 -21 -999 -999 -17 -999 -999 -999 36 -999 -999 -18 -37 -999 -999 71 95 -23 34 75 45 84 -999
-999 33 -999 7 9 49 -999 4 46 -999 70 27 -82 -57 -999 -999 -999 -94 47 -999 -17 -22 99 -999 -999 -35 -999 -999 -999 32 -999 -999 -68 -999 -999 40 -999 -100 86 -999 -999 50 4 -46 -65 94 -999 40 47 64 -999 23 -999 -999 -999 -999 -999 -999 17 62 -84 -999 -999 -73 -999 -999 -27 -66 50 -1 -999 98 83 -82 -100 -73 87 -999 -24 72 40 -90 -999 -999 -999 -999 -999 -999 57 68 -999 44 -999 -999 -18 -999 -999 -999 41 -999
79 -999 -999 -999 -49 -62 -999 78 7 45 -32 -30 26 2 6 76 -98 -999 -30 -999 71 -999 -92 -32 -999 -87 -999 -999 -999 -97 -93 -69 -999 34 -75 -999 -999 -999 -999 21 -50 -79 -999 -999 -9 -67 -999 -999 -85 -999 -999 -999 56 -999 -999 -999 -999 -57 54 97 41 84 -999 -999 -2 -999 -999 -999 -999 16 -5 -999 52 -16 39 -39 36 -999 -999 85 -999 -999 -999 69 -88 -61 -999 -999 -999 60 -23 -999 -999 -77 13 -96 96 38 -96 -999
-999 -6 -999 -79 -999 -999 12 -999 80 96 -999 20 -999 -999 -99 0 -999 -999 -73 -29 -999 -999 -68 30 -70 -999 -46 -999 -79 66 -81 -86 -1 31 63 -59 -999 -11 -999 -999 -999 -90 -999 -94 -999 -67 -999 -999 -84 -999 -999 -74 -46 48 -88 -40 -999 -999 -999 -999 -999 -53 -999 -40 32 -999 -999 -999 -999 -999 56 28 -999 -999 82 -999 -18 -999 -999 -55 70 -11 -13 10 1 86 43 -999 -999 -83 -999 81 -69 -999 47 -6 -999 -999 -80 -999
-999 37 62 -44 -999 -29 32 -999 90 -66 -999 -72 -33 -999 -67 50 88 -999 88 -999 -999 -999 -999 -999 -999 -63 72 -999 -999 -999 -999 -999 -999 -999 -999 -999 -999 -44 -999 -999 80 41 -999 -999 54 -999 7 -58 30 -62 -999 -999 -999 -999 16 -999 -999 61 44 -53 -999 -999 -73 -999 -999 -90 -999 -999 -88 57 -999 -999 -11 -21 -73 -999 -999 -999 -72 70 -999 -49 -999 19 -999 -99 -38 96 -999 -999 -95 -999 16 -999 -999 -999 61 -999 -18 -93
8 -30 18 -999 -999 7 -999 -65 -69 -1 -999 -999 50 -999 -999 82 -999 -15 -999 -43 57 -999 -999 -999 -999 37 -999 33 86 -999 64 -71 -999 -999 -76 -999 -999 -82 23 -999 -999 -55 -999 -999 -999 -33 -999 -6 -999 69 13 -999 -98 -999 -999 -28 -999 -999 -999 -999 -999 -999 -999 90 21 -999 90 -999 -90 -40 55 -93 -32 -999 -999 -36 -999 -31 -79 -9 80 99 -999 -999 -999 92 -999 38 -999 -5 -999 21 -999 -999 62 64 -24 -999 -2 -999
-999 -999 -999 -999 -999 -999 -999 79 -97 -999 -999 59 34 38 -999 -41 37 -999 -999 -58 95 -92 -34 -999 -999 42 -92 -999 -999 -999 -42 -999 -999 -999 -14 -52 86 -999 -999 -999 -97 -999 -999 -74 -95 -999 -999 -999 -45 -999 -999 -999 -999 -999 74 -999 -999 49 61 -56 35 -999 -999 -96 -40 -72 42 100 -999 -999 -999 -999 -999 -89 -52 -999 10 -52 -999 70 -69 99 11 -85 -999 -999 -999 -999 -999 -999 19 -999 -999 -999 -999 -999 -999 -83 -92 -53
-999 -999 -999 -999 -51 -999 -999 -999 -19 -92 39 -999 -999 -999 69 91 79 -999 -999 -999 -999 -999 -12 -999 -44 -999 -999 49 50 -999 39 69 63 -999 -92 33 -999 -999 -19 -999 45 -999 6 -999 -999 13 30 -999 -999 -44 -999 -4 -999 -999 100 -999 30 -999 -999 76 -22 33 -25 3 -999 79 -999 92 69 -999 -999 27 -999 -999 49 -8 -94 -999 -100 -999 83 -999 42 73 -69 -999 -92 -41 -999 -999 -999 25 -999 -999 18 76 -85 -999 -999 -35
-78 -99 -89 2 26 -15 -999 -999 -8 -999 -25 16 -999 -999 -73 -999 -22 45 -999 -999 76 -999 29 -999 -999 34 -999 49 -68 -999 70 -999 -999 4 -999 98 -999 -51 -999 28 2 48 -999 -999 -999 -29 -999 -59 -999 -999 -999 64 -68 -999 -999 -999 -999 47 34 -999 -999 84 -95 35 -999 -999 36 -999 -999 -999 -3 10 -999 56 -999 93 97 -999 77 26 -999 78 -999 -73 -100 -999 -999 -100 -999 -91 -999 -999 -11 -88 -80 -999 -999 30 -999 -999
-93 58 -999 -69 -999 -999 -999 -8 67 -29 -43 -999 -999 -999 -70 3 9 -999 -999 -999 74 32 53 -999 9 -999 -999 -999 50 -38 -999 81 -999 -999 -999 7 26 -55 83 90 -999 -999 -999 -999 -12 32 -999 33 8 -48 -999 56 -999 -999 -999 80 -999 -88 -999 -999 -93 48 -72 -23 -72 14 -999 84 19 89 11 -45 50 22 -999 51 -999 97 -56 -999 -9 -999 -999 -999 -999 -72 -28 -999 -13 -43 -999 -999 -999 76 9 -61 -93 -15 -52 -5
-999 52 -999 -27 -999 -999 -999 99 -32 -999 -999 -9 -999 -16 -43 1 -999 -999 67 -999 -24 81 -999 -999 -999 96 -999 -64 -10 -999 96 40 -999 -999 -999 -999 80 -64 -75 -27 -999 23 88 -51 -999 -20 -999 -999 8 32 64 -38 83 -999 69 -999 -31 -999 63 40 -999 82 -999 87 -999 40 16 71 -999 -999 -20 -999 -999 -999 -999 -999 -999 -999 -32 -999 16 -71 -71 -999 -999 -58 -999 -999 -79 -999 -999 -37 -999 80 -42 58 -999 -999 -999 -999
-999 26 -77 26 -999 -999 -999 -23 -999 -38 -999 -999 -999 56 -999 -999 98 40 45 -999 -999 12 -999 -74 -999 -999 -999 -70 -999 -999 -45 -999 -60 0 -999 50 -69 -999 -999 -999 -999 -999 -61 -999 83 -68 25 -999 92 -999 -48 -999 8 83 -999 -999 51 70 -60 -999 -999 -999 -16 85 -999 27 46 -999 -999 -999 -25 -999 48 -999 -21 -17 -999 89 -68 -999 -47 -999 -64 16 -85 -999 85 100 -999 -999 -57 -999 -999 11 -999 -999 -999 -999 -999 58
-999 13 79 99 83 92 -89 -54 -999 -77 -7 -29 -999 -999 -76 31 -9 53 -1 -999 -50 43 -85 32 -999 1 -999 -999 -999 -6 -999 27 78 -999 9 -999 -999 -52 -999 -999 -999 -999 -7 56 -999 -999 -999 -999 -47 -49 -80 61 -999 -999 -999 -88 34 -999 39 -999 -76 -999 -999 35 -19 -999 27 -999 -29 -37 -999 -999 -999 -82 -999 -999 -999 -999 -999 -999 -54 -91 -999 -55 11 33 -999 -999 -999 -55 -999 29 -999 100 -81 -65 -999 -999 -999 -999
-45 -9 24 -999 -83 35 33 71 -999 -63 -999 -999 -999 -999 -44 -999 -61 7 -74 -999 94 -999 -999 -999 22 -27 -999 71 -85 -999 -999 -999 -5 -999 -999 -45 -999 8 -999 -999 15 -999 -999 87 -999 -75 -999 -999 -22 63 -999 -999 -24 -999 -999 -999 -999 -999 -999 -999 54 -11 78 -97 75 90 37 -999 -999 24 -999 -999 -999 49 80 -999 -999 -999 38 -83 -79 -999 -999 -60 -999 -999 -999 -999 2 -38 -28 27 -999 -65 -999 -999 -71 -999 -999 -71
-58 -47 -999 -999 -68 -42 -999 -999 -19 -999 82 26 -48 -999 -999 -999 -66 -999 -999 -999 -34 38 39 6 3 -1 -999 -999 3 -999 -999 5 -999 -47 -999 66 -999 -999 -999 -999 90 -32 -999 50 -999 -999 -999 -999 -999 -8 -1 -999 83 68 23 -999 -34 38 89 0 75 -999 -76 17 45 84 -999 -999 -999 -98 -999 -999 77 -5 -999 54 15 -999 93 -86 94 -999 -999 -999 -32 -999 -87 94 -999 -999 -999 -999 -999 -36 -999 -999 -999 11 -99 85
-88 5 -999 -999 34 -999 -67 81 -999 -47 31 -999 -999 -62 94 18 -64 99 -52 46 31 -21 -999 -63 -57 -999 -999 -999 -15 42 -2 -999 -999 -34 -999 -999 -999 -999 -999 70 -999 -98 -999 -24 -999 -16 37 -999 -999 -999 -999 25 -999 -999 -999 -999 -999 69 -999 -27 -999 1 21 45 -999 -999 -47 38 -7 -999 -999 -999 -49 19 -999 -999 -999 -999 -999 -51 38 -23 -69 -999 -3 -999 2 -999 -999 -999 -15 -999 -75 -999 -999 -999 -999 -999 -999 -999
-25 -82 -999 5 -999 28 -30 -999 -37 77 -999 -87 -999 -999 84 -999 -11 46 -999 -62 -999 -999 -38 -17 -32 -999 -999 77 -36 -999 91 -999 44 46 12 -61 73 -999 -999 -999 48 -999 -999 48 29 100 72 72 71 -999 -999 -97 -20 81 -37 -67 8 -999 -23 -999 -999 -999 25 -999 -999 -999 -999 -999 -37 -999 -999 -999 -999 -999 15 -12 -999 -34 -999 42 82 -63 -78 -999 -999 -11 -999 16 -999 -999 -26 85 65 -75 -999 36 50 -999 -999 -999
-999 -63 9 -80 87 -87 -999 -999 48 -999 -48 3 -999 -94 -999 65 -80 66 -999 -999 69 -999 -40 -999 -999 81 61 -999 -84 -999 -999 21 14 -999 -999 92 -28 -999 -999 -999 -999 17 -999 -999 -999 -84 -999 -999 -17 -999 -999 93 -999 59 -999 -999 -999 -6 46 71 -999 -999 -86 45 -35 7 -999 -999 -93 -999 -999 -69 -999 -29 -99 -70 -999 -76 -999 -23 51 -78 5 -41 5 91 -999 -999 -65 -999 -999 -999 -999 -85 -999 -999 -999 6 30 -999
-35 -999 -94 -999 -17 -999 -7 25 -6 10 -999 -999 37 -999 -999 -23 -46 -999 -999 -999 -999 -999 -999 -98 -999 -54 -999 -999 14 -999 -999 -30 -999 -5 -999 -94 19 41 -999 -999 -999 -999 -999 -9 91 -33 -999 -999 -999 59 -88 -94 27 -999 -63 -999 32 -30 -999 -99 -71 69 -999 -999 -999 -999 -999 -2 -55 -6 -999 -999 -56 -18 -999 2 -999 -999 -70 -67 -34 -64 -999 71 -999 -999 -86 -999 -999 -999 -18 -40 -999 -60 89 -999 -999 -999 70 -81
-84 -999 -999 -999 -999 -999 -48 -999 -999 -14 -999 -47 74 -30 -999 -999 -999 -999 -999 -999 -88 -999 -999 50 88 10 -999 85 94 -999 -999 -999 77 -60 -86 -999 -999 -999 -999 -30 -999 -999 -72 -11 51 -999 -999 -999 -999 -999 -15 -93 -999 81 -999 63 -999 -84 -999 -95 -999 18 -999 88 -44 -999 -999 29 -53 -91 -999 -2 46 -999 -999 -29 12 -999 -93 -999 -999 -999 -999 -999 -999 26 -83 -999 -33 100 -10 -59 -74 -999 -76 -999 -66 61 -999 -999
-999 -73 32 83 -999 -57 21 -66 62 65 64 -999 -5 -999 -999 94 -999 -999 -999 -999 -97 -999 -999 -65 -999 -999 -6 -999 -999 36 -51 -20 -999 -999 -999 -999 -999 50 -999 -999 84 70 -999 59 40 41 -999 -5 5 -999 -999 -999 -44 -999 -999 -999 -999 -999 -34 -999 98 -999 -999 -999 -999 -2 -90 -95 -999 -999 -999 -999 -999 -999 22 -999 60 -27 -54 -999 -999 -91 -999 -999 49 61 77 -999 -72 -999 -53 -48 75 -77 97 81 -999 -999 6 -12
-66 -999 -999 -15 -33 -999 -95 -34 -54 44 -59 -999 23 -999 -999 -55 94 81 -999 -999 -999 -999 -999 60 -999 -58 -95 -999 -19 -999 -999 -13 -999 -999 -36 40 -999 -999 -999 51 -4 -43 -999 -999 -26 -999 -99 -999 -999 -41 -999 -7 -999 -999 57 -6 -999 -51 -61 79 -92 43 -999 44 -999 -999 26 -1 -84 3 -999 -36 44 -999 -999 -24 -999 -999 -999 27 -75 73 -999 -999 -23 -80 -80 -999 -999 62 -999 -999 -999 -48 -999 33 -999 62 -45 -65
80 64 -999 48 -999 32 -999 -88 -86 -999 -18 -54 30 -999 -999 56 -999 -999 63 -999 -999 -15 -74 -999 -999 58 58 -999 -75 -999 32 -80 -999 -999 -999 -999 32 22 -11 -11 -43 23 -72 54 -999 -41 -999 -999 -999 59 -999 -999 -999 69 -999 -11 -999 -999 -999 -73 -999 -999 -999 -11 -999 -62 -56 -999 -67 45 -77 17 -64 -999 -999 -100 -999 -51 -33 -42 52 75 -999 -999 -999 -21 -71 -999 -66 -35 -999 -999 -999 84 -999 -32 -999 -35 65 -999
-999 -999 -999 -999 -96 -84 -999 -17 -999 -999 -999 -999 -999 -31 -999 -999 -67 -55 -999 -58 -999 -999 -39 -999 -21 -999 -999 -45 -999 58 -999 -999 18 -999 -48 -999 -53 -48 -23 -999 -999 -13 29 -59 -57 -83 44 -999 -999 30 -999 36 45 -999 -83 -54 -999 -19 -999 92 -999 -80 -999 -999 -999 -999 -999 -999 -87 -999 -4 -29 -63 -2 -999 53 -999 -999 -31 -999 69 -33 89 -999 -999 70 -999 42 -46 -9 -999 -999 -999 -999 -56 89 -999 -79 -999 -999
-999 -53 -27 49 -999 -999 -999 -999 -54 -30 61 -999 -999 12 -999 38 -999 -77 -36 -999 -999 -4 -999 74 -89 -999 -999 -999 -999 -999 -999 74 45 -999 -17 -74 -999 -30 -999 50 17 -999 -999 68 -999 -999 -999 -999 58 -999 -58 -999 39 -52 93 90 -999 77 73 76 93 65 26 79 18 96 -74 -66 -999 -95 -999 -999 -5 -2 -77 -999 -45 -999 70 -999 21 -999 -999 -999 -999 -999 6 20 -999 -999 -92 11 -999 57 73 77 -999 -999 -999 -999
-999 -999 26 -999 12 -999 -999 -15 -999 -999 -999 -999 90 -999 22 93 -999 -999 60 -999 -999 -999 -999 -999 41 -65 -999 -999 -999 -999 -999 -87 -999 -999 5 65 -999 36 -999 -999 -999 -49 -70 -999 -999 -72 -999 -999 51 -41 -57 -999 -47 -88 -91 -999 -999 -999 39 80 -999 74 -999 20 47 -999 -999 -94 -999 -999 44 52 -999 94 -100 80 -999 -999 -89 -999 -85 -999 -999 -72 -999 38 -999 -46 -999 -999 16 -53 86 -999 3 -15 -999 69 -999 78
-999 -86 -15 90 -999 -999 -41 -999 72 -999 -999 -999 -999 -999 -999 -999 -999 -73 85 -999 -999 77 -999 20 99 -999 16 -999 -40 -100 -72 33 -999 53 -1 -999 -999 -999 -68 7 98 -999 75 -999 -999 -27 -999 -999 -999 -71 -80 38 -999 -999 17 87 8 34 28 -71 -97 -999 -97 -92 38 76 43 -92 -999 -999 -999 -999 21 -999 -18 -999 -999 -999 -999 79 -999 -9 54 -999 -75 -999 31 -999 -999 -4 -87 -8 -2 -34 -999 -999 -999 70 -999 -99
15 -999 -37 4 -62 4 33 43 31 -999 -999 80 -999 -56 -999 -999 -14 -999 -999 32 -36 44 -45 -999 -999 -999 -999 -76 -999 -19 -70 51 -999 -57 -999 -999 -56 -999 77 94 -52 2 42 27 -999 -999 11 -999 -999 44 69 -999 -999 -999 -999 -999 -999 -999 -999 -18 15 -999 -23 84 37 -999 -999 -999 5 -98 -999 -999 -999 38 -999 -61 90 -999 -999 -24 -999 -35 35 -23 -999 -999 -97 -999 -999 -999 -999 -999 -90 -999 -87 -999 -999 -999 -999 -999
-999 -999 -62 33 -41 -999 -999 48 -15 35 -50 -59 -999 -999 -999 -74 53 -999 38 -999 -76 56 -999 -999 87 80 -999 -999 16 -58 -999 -999 -999 -999 -999 -999 -17 -84 -999 -999 -999 -999 -13 -35 -999 -999 -86 68 -67 -9 -96 20 -999 -999 42 -77 -999 -38 -100 -43 -999 -999 -999 -999 -999 -999 -999 -6 -999 -999 2 -85 -42 -999 -999 -999 -999 -999 -999 -10 8 -999 -35 -999 -999 -2 -97 -999 -999 6 -75 -21 -999 -999 97 -7 -999 -999 60 -32
-999 -999 0 -999 -999 -999 -999 -29 -999 -999 11 -999 -96 -51 1 -41 26 100 -68 -70 -63 -999 15 -49 92 -99 33 -4 65 -40 -999 -999 -999 -999 -999 60 -999 -999 -999 -999 -999 -999 -999 8 -999 40 -999 -999 -999 -61 -55 -44 -999 -999 76 86 69 -999 -999 89 -999 -70 -60 -76 -82 -999 38 45 -48 45 -999 -999 -61 28 -16 -6 -999 -999 -999 44 -82 -999 4 -999 -999 1 -999 -76 7 10 -999 -999 -95 -999 -35 39 -999 48 27 -999
-999 -10 63 87 -999 53 -999 -999 -999 60 32 81 -999 -13 -999 -999 -999 -999 99 -999 4 -76 -999 -94 -999 -84 -999 -999 -999 -94 97 6 63 9 -81 -999 -89 -999 64 -999 60 -20 -999 -999 39 -999 -4 -999 -999 -68 -999 -999 24 51 -999 -999 -999 44 -999 -92 54 -999 25 -999 -999 -999 -999 -999 40 -999 -999 -999 -63 -999 37 -55 -999 -999 -999 30 86 -100 -999 26 -68 65 -999 -50 66 -96 -51 -67 -999 -999 -26 -999 -999 -999 -999 -999
-999 -43 -999 -999 -999 -12 -999 -999 -999 -999 -24 -999 -41 34 -999 -999 68 -40 -35 47 -28 -999 -999 -82 -100 -999 31 -39 -999 -999 38 -28 -999 58 -999 -999 -3 -999 29 -18 18 -73 45 -43 83 -39 -999 -999 -999 -999 -999 55 -999 73 -999 -60 -999 -999 -35 -999 -999 -88 -999 -999 -999 -90 -999 -999 -999 -26 -999 16 45 -11 -999 30 -999 -999 45 -56 -37 -999 68 -999 -999 -53 23 -14 -999 31 -38 -89 -999 1 77 -999 -999 -69 96 -999
39 -999 100 -82 -1 -999 -999 -999 -91 -34 -999 -999 -999 -69 -93 18 -86 -999 -999 55 -999 24 -69 -999 -999 -55 -999 27 -999 -999 -999 -999 -999 -999 -999 67 -999 -999 48 -84 -999 -999 -999 1 -999 -999 -999 9 -999 63 -999 -999 -999 -999 -999 -69 -40 -999 -999 -999 -999 -999 -100 -999 19 31 -999 88 57 -76 77 86 75 -34 -80 -999 -999 -999 -999 -999 -999 -999 -96 -999 -34 -5 87 -46 -74 -999 -999 -999 61 -999 46 -7 -999 50 -999 29
-41 -999 -73 -999 -54 -999 -999 13 -999 -86 -999 -999 3 -999 -999 -999 -999 23 -93 -999 -999 72 98 -999 14 -999 -71 43 -25 -999 -53 -999 -999 -999 -999 80 -999 -999 -999 -999 -999 86 -90 -95 -999 -30 -999 38 -81 -999 -999 -74 -999 -999 36 62 68 -999 -999 21 -999 -999 -999 -999 -999 93 -82 -999 98 -79 29 -91 -999 -46 -999 -999 -999 -999 -999 35 -999 63 94 -999 -999 -999 -999 -47 -999 25 -64 -999 -999 -90 7 -999 -999 -72 -999 0
