4970
0 2
2 2
2 8
3 8
3 9
5 9
5 14
7 14
7 19
9 19
9 24
11 24
11 25
14 25
14 28
16 28
16 30
17 30
17 31
18 31
18 32
19 32
19 33
20 33
20 34
21 34
21 37
22 37
22 39
23 39
23 40
25 40
25 41
26 41
26 42
31 42
31 43
32 43
32 47
35 47
35 49
39 49
39 50
44 50
44 51
45 51
45 52
46 52
46 54
47 54
47 58
48 58
48 59
49 59
49 64
50 64
50 66
51 66
51 67
53 67
53 68
56 68
56 69
58 69
58 71
60 71
60 72
62 72
62 73
65 73
65 79
68 79
68 82
69 82
69 85
71 85
71 86
72 86
72 88
77 88
77 89
78 89
78 90
81 90
81 91
84 91
84 92
86 92
86 95
89 95
89 97
98 97
98 99
