98512
0 5
15 5
15 6
18 6
18 7
19 7
19 8
43 8
43 9
48 9
48 10
50 10
50 12
51 12
51 13
59 13
59 17
68 17
68 18
73 18
73 19
80 19
80 20
81 20
81 24
85 24
85 25
87 25
87 26
90 26
90 29
97 29
97 30
103 30
103 31
109 31
109 32
111 32
111 33
112 33
112 34
115 34
115 35
117 35
117 36
118 36
118 37
120 37
120 38
124 38
124 39
132 39
132 41
133 41
133 42
134 42
134 43
139 43
139 45
140 45
140 51
141 51
141 62
142 62
142 63
143 63
143 65
147 65
147 66
154 66
154 68
160 68
160 69
161 69
161 71
162 71
162 72
163 72
163 74
164 74
164 76
166 76
166 77
167 77
167 78
171 78
171 83
173 83
173 84
175 84
175 85
176 85
176 87
179 87
179 88
181 88
181 90
182 90
182 91
185 91
185 96
186 96
186 98
188 98
188 99
189 99
189 100
190 100
190 102
192 102
192 103
193 103
193 105
194 105
194 108
196 108
196 110
198 110
198 111
199 111
199 117
200 117
200 121
206 121
206 122
207 122
207 123
208 123
208 125
209 125
209 126
213 126
213 128
215 128
215 131
216 131
216 133
217 133
217 134
220 134
220 136
221 136
221 137
222 137
222 140
230 140
230 141
232 141
232 146
233 146
233 153
234 153
234 156
235 156
235 160
236 160
236 163
240 163
240 165
242 165
242 168
243 168
243 170
250 170
250 172
251 172
251 173
252 173
252 175
253 175
253 176
255 176
255 178
256 178
256 185
257 185
257 186
258 186
258 187
259 187
259 190
262 190
262 191
264 191
264 196
265 196
265 197
266 197
266 199
267 199
267 200
268 200
268 201
270 201
270 203
271 203
271 204
272 204
272 207
274 207
274 213
279 213
279 217
282 217
282 218
283 218
283 219
285 219
285 221
287 221
287 231
288 231
288 232
290 232
290 233
291 233
291 236
296 236
296 244
298 244
298 247
299 247
299 255
300 255
300 263
301 263
301 266
303 266
303 273
304 273
304 274
305 274
305 275
306 275
306 278
309 278
309 284
311 284
311 285
315 285
315 286
317 286
317 290
319 290
319 292
326 292
326 293
327 293
327 294
329 294
329 295
332 295
332 298
336 298
336 299
338 299
338 301
340 301
340 304
342 304
342 305
345 305
345 306
348 306
348 307
350 307
350 308
353 308
353 309
354 309
354 310
355 310
355 312
362 312
362 313
366 313
366 314
367 314
367 315
368 315
368 316
369 316
369 317
372 317
372 325
378 325
378 326
379 326
379 328
381 328
381 329
383 329
383 331
390 331
390 335
392 335
392 336
393 336
393 337
395 337
395 339
396 339
396 341
400 341
400 342
401 342
401 344
402 344
402 346
405 346
405 347
410 347
410 350
413 350
413 354
416 354
416 355
420 355
420 356
422 356
422 358
428 358
428 363
429 363
429 364
431 364
431 365
435 365
435 366
436 366
436 368
438 368
438 369
440 369
440 371
441 371
441 375
444 375
444 376
445 376
445 377
447 377
447 379
451 379
451 382
453 382
453 383
459 383
459 385
460 385
460 388
461 388
461 389
471 389
471 395
473 395
473 396
476 396
476 397
478 397
478 399
479 399
479 401
480 401
480 407
482 407
482 412
484 412
484 416
493 416
493 417
501 417
501 418
502 418
502 419
503 419
503 422
504 422
504 424
505 424
505 427
508 427
508 428
509 428
509 429
514 429
514 433
515 433
515 435
518 435
518 436
519 436
519 438
522 438
522 446
524 446
524 448
527 448
527 455
528 455
528 460
529 460
529 461
532 461
532 466
534 466
534 467
539 467
539 468
542 468
542 471
543 471
543 479
544 479
544 482
545 482
545 487
546 487
546 491
547 491
547 493
549 493
549 495
551 495
551 497
553 497
553 500
555 500
555 501
556 501
556 503
560 503
560 508
561 508
561 512
562 512
562 514
563 514
563 515
566 515
566 517
567 517
567 518
568 518
568 519
570 519
570 520
571 520
571 521
572 521
572 523
573 523
573 524
581 524
581 525
582 525
582 526
584 526
584 527
588 527
588 532
591 532
591 533
593 533
593 536
594 536
594 537
596 537
596 539
598 539
598 540
600 540
600 543
601 543
601 545
602 545
602 547
603 547
603 554
605 554
605 555
608 555
608 556
627 556
627 557
628 557
628 559
630 559
630 560
633 560
633 561
635 561
635 566
636 566
636 570
639 570
639 571
641 571
641 573
643 573
643 574
645 574
645 576
646 576
646 577
647 577
647 578
654 578
654 580
659 580
659 582
660 582
660 585
661 585
661 588
662 588
662 590
665 590
665 593
666 593
666 594
668 594
668 595
678 595
678 597
679 597
679 600
681 600
681 601
682 601
682 602
686 602
686 604
688 604
688 605
690 605
690 606
694 606
694 608
701 608
701 609
704 609
704 610
705 610
705 611
706 611
706 612
707 612
707 614
709 614
709 617
710 617
710 619
711 619
711 620
712 620
712 621
715 621
715 622
718 622
718 624
719 624
719 625
724 625
724 634
727 634
727 635
728 635
728 637
731 637
731 638
734 638
734 639
735 639
735 640
736 640
736 641
737 641
737 642
740 642
740 643
742 643
742 645
743 645
743 646
750 646
750 647
751 647
751 650
757 650
757 651
760 651
760 653
761 653
761 654
767 654
767 655
768 655
768 656
769 656
769 657
770 657
770 659
772 659
772 660
773 660
773 663
774 663
774 664
775 664
775 669
776 669
776 670
781 670
781 671
782 671
782 672
783 672
783 673
784 673
784 676
785 676
785 677
786 677
786 680
787 680
787 681
791 681
791 689
792 689
792 696
797 696
797 700
798 700
798 701
799 701
799 704
800 704
800 708
801 708
801 709
802 709
802 711
803 711
803 717
806 717
806 723
813 723
813 724
815 724
815 725
816 725
816 726
817 726
817 727
819 727
819 728
821 728
821 729
822 729
822 734
827 734
827 738
828 738
828 740
829 740
829 743
830 743
830 745
831 745
831 746
832 746
832 747
845 747
845 751
846 751
846 755
847 755
847 756
848 756
848 757
849 757
849 768
850 768
850 769
851 769
851 770
853 770
853 771
855 771
855 777
857 777
857 778
858 778
858 780
859 780
859 784
860 784
860 790
862 790
862 795
863 795
863 796
865 796
865 798
868 798
868 809
870 809
870 812
871 812
871 816
874 816
874 824
875 824
875 825
876 825
876 828
881 828
881 829
883 829
883 832
886 832
886 833
887 833
887 836
891 836
891 838
892 838
892 853
894 853
894 857
898 857
898 862
901 862
901 865
903 865
903 866
906 866
906 876
907 876
907 881
908 881
908 882
911 882
911 884
914 884
914 886
916 886
916 888
920 888
920 889
924 889
924 890
926 890
926 895
927 895
927 898
928 898
928 901
930 901
930 905
931 905
931 907
932 907
932 910
934 910
934 911
935 911
935 913
936 913
936 915
938 915
938 916
940 916
940 919
941 919
941 921
944 921
944 924
945 924
945 925
947 925
947 926
949 926
949 927
950 927
950 928
952 928
952 929
955 929
955 939
964 939
964 942
967 942
967 943
968 943
968 945
971 945
971 948
977 948
977 951
979 951
979 952
980 952
980 956
981 956
981 959
983 959
983 965
986 965
986 980
988 980
988 986
989 986
989 987
991 987
991 991
992 991
992 992
995 992
995 994
996 994
996 995
999 995
