69591
0 1
2 1
2 5
6 5
6 6
9 6
9 9
10 9
10 10
12 10
12 11
15 11
15 12
16 12
16 14
21 14
21 15
24 15
24 16
25 16
25 17
28 17
28 18
36 18
36 19
37 19
37 20
38 20
38 21
39 21
39 22
42 22
42 23
47 23
47 24
48 24
48 25
52 25
52 26
53 26
53 27
55 27
55 28
59 28
59 30
63 30
63 32
64 32
64 33
66 33
66 35
67 35
67 38
68 38
68 49
69 49
69 52
74 52
74 53
75 53
75 54
76 54
76 57
77 57
77 58
82 58
82 59
83 59
83 61
92 61
92 62
93 62
93 63
94 63
94 66
96 66
96 67
98 67
98 68
102 68
102 70
104 70
104 71
106 71
106 73
108 73
108 75
110 75
110 77
111 77
111 82
114 82
114 84
119 84
119 86
122 86
122 91
123 91
123 99
126 99
126 100
130 100
130 105
131 105
131 106
132 106
132 107
133 107
133 108
137 108
137 109
139 109
139 111
140 111
140 112
141 112
141 115
142 115
142 116
143 116
143 117
145 117
145 118
146 118
146 121
147 121
147 131
152 131
152 132
153 132
153 137
154 137
154 139
155 139
155 140
156 140
156 141
157 141
157 146
159 146
159 147
161 147
161 152
162 152
162 153
163 153
163 157
167 157
167 160
168 160
168 162
170 162
170 165
171 165
171 172
172 172
172 173
174 173
174 174
175 174
175 175
181 175
181 178
184 178
184 180
187 180
187 184
188 184
188 188
189 188
189 189
191 189
191 190
193 190
193 192
194 192
194 195
202 195
202 199
203 199
203 201
205 201
205 204
208 204
208 205
209 205
209 206
210 206
210 212
211 212
211 213
218 213
218 214
221 214
221 215
222 215
222 221
223 221
223 222
225 222
225 223
230 223
230 224
231 224
231 226
233 226
233 228
234 228
234 231
236 231
236 232
238 232
238 235
239 235
239 236
241 236
241 237
243 237
243 239
246 239
246 244
249 244
249 246
250 246
250 247
251 247
251 250
253 250
253 251
254 251
254 253
258 253
258 254
259 254
259 257
260 257
260 261
261 261
261 263
264 263
264 267
265 267
265 273
266 273
266 276
267 276
267 280
268 280
268 281
271 281
271 285
280 285
280 286
281 286
281 289
287 289
287 291
289 291
289 292
292 292
292 293
293 293
293 294
294 294
294 296
295 296
295 301
296 301
296 302
298 302
298 308
307 308
307 314
311 314
311 316
312 316
312 317
319 317
319 319
322 319
322 323
323 323
323 329
325 329
325 331
326 331
326 332
330 332
330 333
331 333
331 337
332 337
332 339
343 339
343 340
346 340
346 342
347 342
347 346
351 346
351 347
355 347
355 349
357 349
357 351
366 351
366 354
367 354
367 355
368 355
368 356
372 356
372 357
373 357
373 358
376 358
376 359
379 359
379 365
380 365
380 367
381 367
381 370
384 370
384 372
386 372
386 377
391 377
391 378
393 378
393 383
394 383
394 384
395 384
395 386
397 386
397 387
398 387
398 388
399 388
399 390
400 390
400 393
402 393
402 397
409 397
409 398
410 398
410 399
413 399
413 402
414 402
414 403
416 403
416 411
417 411
417 416
422 416
422 418
423 418
423 425
425 425
425 428
426 428
426 429
427 429
427 432
428 432
428 434
431 434
431 435
432 435
432 436
433 436
433 437
436 437
436 438
437 438
437 441
447 441
447 444
448 444
448 447
450 447
450 448
455 448
455 449
460 449
460 452
464 452
464 453
466 453
466 457
467 457
467 459
468 459
468 460
474 460
474 467
476 467
476 469
477 469
477 470
478 470
478 472
479 472
479 473
481 473
481 475
483 475
483 476
485 476
485 481
487 481
487 483
489 483
489 484
490 484
490 486
491 486
491 490
492 490
492 492
495 492
495 493
496 493
496 495
500 495
500 496
502 496
502 497
503 497
503 498
504 498
504 499
505 499
505 501
506 501
506 508
508 508
508 509
509 509
509 513
510 513
510 514
517 514
517 516
519 516
519 517
520 517
520 519
521 519
521 521
522 521
522 522
523 522
523 523
526 523
526 524
527 524
527 525
529 525
529 526
530 526
530 528
531 528
531 530
532 530
532 533
534 533
534 535
536 535
536 536
538 536
538 539
539 539
539 540
541 540
541 541
544 541
544 543
545 543
545 545
546 545
546 548
547 548
547 552
550 552
550 565
553 565
553 566
556 566
556 567
558 567
558 569
559 569
559 573
562 573
562 574
563 574
563 577
564 577
564 592
565 592
565 595
567 595
567 597
568 597
568 598
569 598
569 599
571 599
571 601
573 601
573 603
580 603
580 604
583 604
583 605
584 605
584 607
585 607
585 610
588 610
588 611
593 611
593 612
594 612
594 615
599 615
599 616
606 616
606 617
607 617
607 618
610 618
610 620
616 620
616 622
618 622
618 623
627 623
627 625
628 625
628 627
629 627
629 628
630 628
630 630
634 630
634 631
648 631
648 633
651 633
651 634
652 634
652 638
654 638
654 639
664 639
664 646
669 646
669 648
670 648
670 653
671 653
671 656
672 656
672 657
673 657
673 662
674 662
674 664
675 664
675 668
676 668
676 669
681 669
681 672
682 672
682 673
685 673
685 674
686 674
686 677
687 677
687 682
689 682
689 683
692 683
692 684
695 684
695 685
703 685
703 687
707 687
707 690
709 690
709 691
710 691
710 693
711 693
711 694
714 694
714 696
717 696
717 697
721 697
721 698
722 698
722 701
724 701
724 704
726 704
726 706
735 706
735 708
745 708
745 709
748 709
748 710
749 710
749 717
750 717
750 718
752 718
752 719
756 719
756 720
759 720
759 724
770 724
770 725
771 725
771 726
772 726
772 727
778 727
778 728
781 728
781 731
787 731
787 732
789 732
789 733
791 733
791 738
796 738
796 739
800 739
800 740
802 740
802 742
803 742
803 743
805 743
805 746
810 746
810 747
813 747
813 755
814 755
814 758
819 758
819 760
820 760
820 761
824 761
824 763
828 763
828 764
830 764
830 765
833 765
833 767
834 767
834 770
835 770
835 771
837 771
837 776
838 776
838 778
839 778
839 779
840 779
840 780
841 780
841 781
842 781
842 782
844 782
844 783
845 783
845 785
849 785
849 790
850 790
850 795
853 795
853 796
854 796
854 797
856 797
856 798
858 798
858 802
862 802
862 803
864 803
864 805
866 805
866 807
868 807
868 808
869 808
869 812
870 812
870 817
871 817
871 826
872 826
872 830
874 830
874 832
875 832
875 833
876 833
876 834
879 834
879 841
880 841
880 842
881 842
881 846
882 846
882 847
883 847
883 848
884 848
884 850
886 850
886 861
888 861
888 863
889 863
889 864
890 864
890 868
891 868
891 869
894 869
894 876
895 876
895 877
896 877
896 879
897 879
897 881
898 881
898 888
899 888
899 895
901 895
901 896
903 896
903 897
904 897
904 898
905 898
905 899
911 899
911 902
912 902
912 905
915 905
915 906
916 906
916 909
917 909
917 911
918 911
918 913
923 913
923 917
925 917
925 918
926 918
926 924
927 924
927 925
933 925
933 926
934 926
934 928
936 928
936 930
938 930
938 934
940 934
940 935
941 935
941 936
942 936
942 937
947 937
947 939
948 939
948 940
950 940
950 941
951 941
951 944
952 944
952 945
953 945
953 946
954 946
954 947
956 947
956 949
960 949
960 950
961 950
961 951
963 951
963 953
969 953
969 954
971 954
971 957
973 957
973 959
974 959
974 964
979 964
979 965
981 965
981 966
984 966
984 970
985 970
985 972
986 972
986 973
987 973
987 975
988 975
988 987
989 987
989 992
993 992
993 993
994 993
994 994
995 994
995 996
997 996
997 998
999 998
