69889
0 2
1 2
1 11
2 11
2 13
5 13
5 15
7 15
7 16
8 16
8 18
9 18
9 21
10 21
10 26
11 26
11 33
15 33
15 34
18 34
18 38
22 38
22 39
23 39
23 40
24 40
24 41
26 41
26 48
27 48
27 49
29 49
29 50
30 50
30 61
31 61
31 63
35 63
35 64
36 64
36 66
37 66
37 67
38 67
38 70
39 70
39 80
40 80
40 82
41 82
41 83
43 83
43 84
44 84
44 85
45 85
45 89
47 89
47 90
51 90
51 94
53 94
53 95
55 95
55 96
58 96
58 98
62 98
62 99
63 99
63 101
68 101
68 103
71 103
71 105
72 105
72 106
76 106
76 107
77 107
77 108
78 108
78 109
79 109
79 111
80 111
80 114
83 114
83 115
87 115
87 121
89 121
89 123
90 123
90 126
91 126
91 127
95 127
95 128
96 128
96 129
97 129
97 131
99 131
99 132
100 132
100 134
103 134
103 136
104 136
104 137
105 137
105 138
109 138
109 139
110 139
110 140
113 140
113 143
121 143
121 147
130 147
130 150
132 150
132 152
138 152
138 153
139 153
139 156
140 156
140 157
142 157
142 162
143 162
143 163
145 163
145 178
148 178
148 183
149 183
149 184
153 184
153 187
155 187
155 188
160 188
160 189
162 189
162 190
163 190
163 191
167 191
167 197
168 197
168 201
169 201
169 210
170 210
170 211
173 211
173 214
176 214
176 220
177 220
177 222
178 222
178 223
180 223
180 224
181 224
181 225
182 225
182 226
183 226
183 227
184 227
184 232
186 232
186 234
187 234
187 238
192 238
192 242
195 242
195 245
196 245
196 247
197 247
197 251
199 251
199 255
200 255
200 257
203 257
203 260
204 260
204 261
205 261
205 264
206 264
206 269
210 269
210 270
211 270
211 271
212 271
212 272
213 272
213 279
217 279
217 285
219 285
219 286
222 286
222 287
227 287
227 288
230 288
230 291
234 291
234 292
235 292
235 295
236 295
236 297
238 297
238 298
239 298
239 300
240 300
240 302
241 302
241 303
244 303
244 308
246 308
246 313
251 313
251 315
254 315
254 316
255 316
255 317
256 317
256 320
259 320
259 323
264 323
264 325
267 325
267 326
271 326
271 327
272 327
272 328
273 328
273 331
274 331
274 332
284 332
284 333
285 333
285 334
289 334
289 336
290 336
290 337
292 337
292 342
293 342
293 348
297 348
297 351
300 351
300 352
302 352
302 354
303 354
303 359
304 359
304 368
307 368
307 369
309 369
309 370
316 370
316 372
317 372
317 375
324 375
324 376
327 376
327 381
333 381
333 382
336 382
336 383
337 383
337 386
339 386
339 388
345 388
345 389
347 389
347 394
348 394
348 400
355 400
355 401
356 401
356 402
360 402
360 406
361 406
361 408
362 408
362 409
363 409
363 412
364 412
364 414
365 414
365 416
368 416
368 420
371 420
371 421
372 421
372 422
376 422
376 425
377 425
377 426
380 426
380 429
381 429
381 432
383 432
383 433
387 433
387 434
388 434
388 435
389 435
389 436
390 436
390 441
397 441
397 444
398 444
398 446
406 446
406 447
407 447
407 453
408 453
408 454
409 454
409 456
410 456
410 460
414 460
414 463
416 463
416 465
421 465
421 467
422 467
422 468
424 468
424 470
426 470
426 471
427 471
427 472
433 472
433 473
439 473
439 474
441 474
441 475
442 475
442 476
443 476
443 477
445 477
445 478
448 478
448 479
449 479
449 480
453 480
453 482
454 482
454 485
455 485
455 486
456 486
456 490
459 490
459 492
461 492
461 493
464 493
464 496
465 496
465 505
467 505
467 507
470 507
470 508
471 508
471 518
472 518
472 525
473 525
473 529
479 529
479 530
480 530
480 534
482 534
482 535
483 535
483 537
485 537
485 538
486 538
486 539
487 539
487 543
492 543
492 546
493 546
493 547
494 547
494 548
496 548
496 549
499 549
499 555
500 555
500 556
504 556
504 559
506 559
506 561
507 561
507 570
508 570
508 571
513 571
513 575
517 575
517 576
518 576
518 578
520 578
520 580
521 580
521 582
523 582
523 583
524 583
524 584
534 584
534 585
535 585
535 586
536 586
536 588
540 588
540 591
544 591
544 593
549 593
549 595
551 595
551 596
552 596
552 599
554 599
554 600
557 600
557 602
563 602
563 605
565 605
565 611
567 611
567 612
568 612
568 613
570 613
570 614
577 614
577 617
578 617
578 619
579 619
579 621
580 621
580 622
581 622
581 625
584 625
584 629
586 629
586 633
591 633
591 634
593 634
593 635
595 635
595 637
597 637
597 638
600 638
600 642
601 642
601 648
603 648
603 651
606 651
606 664
607 664
607 665
608 665
608 669
610 669
610 670
612 670
612 671
613 671
613 672
618 672
618 673
622 673
622 674
623 674
623 678
624 678
624 680
626 680
626 681
631 681
631 682
642 682
642 684
643 684
643 685
647 685
647 687
648 687
648 689
649 689
649 691
653 691
653 694
656 694
656 695
657 695
657 701
660 701
660 702
661 702
661 703
664 703
664 705
666 705
666 706
668 706
668 713
670 713
670 714
671 714
671 716
680 716
680 717
681 717
681 723
682 723
682 724
685 724
685 725
689 725
689 730
692 730
692 731
698 731
698 732
700 732
700 733
703 733
703 734
710 734
710 736
713 736
713 738
714 738
714 751
718 751
718 760
723 760
723 761
732 761
732 762
733 762
733 763
734 763
734 765
737 765
737 770
740 770
740 771
742 771
742 772
746 772
746 773
749 773
749 775
753 775
753 778
754 778
754 782
755 782
755 783
757 783
757 784
758 784
758 785
761 785
761 789
763 789
763 790
764 790
764 791
774 791
774 793
781 793
781 794
788 794
788 798
789 798
789 800
793 800
793 801
794 801
794 802
797 802
797 804
800 804
800 805
801 805
801 806
802 806
802 807
804 807
804 808
805 808
805 809
817 809
817 812
819 812
819 815
821 815
821 816
823 816
823 819
825 819
825 820
832 820
832 824
833 824
833 829
834 829
834 832
835 832
835 833
837 833
837 834
838 834
838 837
839 837
839 840
841 840
841 841
843 841
843 843
844 843
844 844
847 844
847 846
850 846
850 852
853 852
853 853
854 853
854 854
855 854
855 857
859 857
859 861
866 861
866 862
867 862
867 866
881 866
881 868
882 868
882 869
884 869
884 872
886 872
886 875
887 875
887 876
890 876
890 877
891 877
891 878
892 878
892 879
893 879
893 880
898 880
898 882
899 882
899 884
900 884
900 886
902 886
902 893
903 893
903 898
906 898
906 902
908 902
908 907
909 907
909 909
912 909
912 910
916 910
916 914
918 914
918 924
921 924
921 925
922 925
922 926
925 926
925 927
930 927
930 928
933 928
933 930
934 930
934 931
936 931
936 933
937 933
937 934
940 934
940 938
941 938
941 939
944 939
944 945
946 945
946 946
947 946
947 947
949 947
949 948
952 948
952 949
953 949
953 950
956 950
956 955
958 955
958 961
961 961
961 962
962 962
962 963
963 963
963 964
964 964
964 965
966 965
966 968
969 968
969 969
972 969
972 970
973 970
973 971
974 971
974 978
978 978
978 981
979 981
979 982
980 982
980 986
983 986
983 987
990 987
990 988
991 988
991 989
992 989
992 990
998 990
998 993
999 993
