98963
0 2
3 2
3 4
6 4
6 5
7 5
7 8
10 8
10 11
11 11
11 13
14 13
14 16
17 16
17 18
24 18
24 19
27 19
27 20
28 20
28 21
29 21
29 22
31 22
31 23
39 23
39 24
40 24
40 25
42 25
42 29
45 29
45 31
46 31
46 34
47 34
47 36
48 36
48 38
53 38
53 46
63 46
63 47
67 47
67 49
68 49
68 54
69 54
69 56
70 56
70 58
71 58
71 60
72 60
72 64
75 64
75 65
76 65
76 66
79 66
79 68
83 68
83 79
84 79
84 83
87 83
87 84
89 84
89 87
91 87
91 91
94 91
94 94
97 94
97 95
102 95
102 97
103 97
103 98
104 98
104 99
106 99
106 100
107 100
107 102
109 102
109 103
110 103
110 104
111 104
111 110
112 110
112 113
117 113
117 117
118 117
118 119
121 119
121 120
122 120
122 122
123 122
123 126
126 126
126 127
127 127
127 128
128 128
128 129
129 129
129 131
131 131
131 133
133 133
133 137
134 137
134 138
136 138
136 141
141 141
141 145
145 145
145 146
152 146
152 149
156 149
156 152
157 152
157 153
158 153
158 154
161 154
161 155
162 155
162 156
163 156
163 158
166 158
166 159
167 159
167 160
170 160
170 161
173 161
173 162
174 162
174 163
176 163
176 165
178 165
178 166
183 166
183 167
184 167
184 168
185 168
185 169
187 169
187 170
194 170
194 171
195 171
195 172
196 172
196 174
197 174
197 181
198 181
198 187
199 187
199 191
200 191
200 192
210 192
210 193
214 193
214 194
215 194
215 195
217 195
217 196
219 196
219 198
220 198
220 200
222 200
222 204
224 204
224 206
225 206
225 209
226 209
226 211
227 211
227 215
234 215
234 227
236 227
236 233
237 233
237 234
238 234
238 239
241 239
241 242
244 242
244 244
245 244
245 246
246 246
246 247
247 247
247 248
248 248
248 251
250 251
250 252
251 252
251 253
252 253
252 257
253 257
253 259
255 259
255 260
256 260
256 261
260 261
260 264
263 264
263 265
265 265
265 269
266 269
266 270
270 270
270 277
273 277
273 278
274 278
274 279
275 279
275 280
284 280
284 281
285 281
285 289
288 289
288 292
294 292
294 298
302 298
302 303
308 303
308 306
310 306
310 307
311 307
311 308
312 308
312 313
315 313
315 316
317 316
317 318
318 318
318 319
319 319
319 321
321 321
321 328
322 328
322 331
324 331
324 333
325 333
325 334
328 334
328 337
329 337
329 340
331 340
331 342
332 342
332 343
333 343
333 346
336 346
336 349
337 349
337 350
340 350
340 351
342 351
342 352
343 352
343 356
344 356
344 357
345 357
345 358
353 358
353 359
359 359
359 360
364 360
364 361
368 361
368 365
372 365
372 367
373 367
373 374
374 374
374 377
377 377
377 378
378 378
378 382
379 382
379 385
380 385
380 387
381 387
381 389
382 389
382 397
386 397
386 399
388 399
388 413
392 413
392 414
394 414
394 416
395 416
395 421
397 421
397 424
402 424
402 426
404 426
404 427
406 427
406 438
410 438
410 439
412 439
412 440
414 440
414 441
417 441
417 443
418 443
418 453
419 453
419 460
421 460
421 461
422 461
422 467
427 467
427 471
428 471
428 474
431 474
431 475
433 475
433 476
434 476
434 478
435 478
435 480
436 480
436 482
437 482
437 483
442 483
442 486
444 486
444 487
445 487
445 489
446 489
446 492
455 492
455 493
456 493
456 496
461 496
461 497
462 497
462 502
463 502
463 504
466 504
466 505
470 505
470 506
471 506
471 507
474 507
474 508
475 508
475 510
476 510
476 511
477 511
477 513
481 513
481 515
482 515
482 516
483 516
483 517
484 517
484 518
485 518
485 520
486 520
486 522
487 522
487 524
492 524
492 527
494 527
494 530
498 530
498 531
499 531
499 532
504 532
504 533
506 533
506 535
507 535
507 540
508 540
508 541
509 541
509 543
516 543
516 545
519 545
519 547
524 547
524 551
528 551
528 552
529 552
529 554
531 554
531 558
537 558
537 559
538 559
538 564
539 564
539 574
540 574
540 577
541 577
541 582
543 582
543 583
544 583
544 584
548 584
548 585
549 585
549 586
550 586
550 588
555 588
555 589
556 589
556 591
557 591
557 597
560 597
560 598
563 598
563 599
566 599
566 600
571 600
571 603
572 603
572 608
573 608
573 611
576 611
576 612
577 612
577 620
579 620
579 622
580 622
580 623
581 623
581 625
582 625
582 628
585 628
585 630
586 630
586 631
588 631
588 634
589 634
589 637
590 637
590 639
593 639
593 641
597 641
597 642
600 642
600 645
604 645
604 646
607 646
607 648
609 648
609 649
610 649
610 655
622 655
622 656
625 656
625 658
628 658
628 660
629 660
629 661
636 661
636 665
637 665
637 666
638 666
638 668
639 668
639 673
642 673
642 674
644 674
644 676
646 676
646 677
647 677
647 678
653 678
653 679
658 679
658 680
661 680
661 681
663 681
663 685
664 685
664 686
665 686
665 687
668 687
668 688
669 688
669 689
671 689
671 698
672 698
672 699
674 699
674 702
675 702
675 704
677 704
677 705
678 705
678 709
679 709
679 712
681 712
681 713
682 713
682 714
683 714
683 728
684 728
684 731
685 731
685 732
689 732
689 733
690 733
690 739
691 739
691 740
693 740
693 741
695 741
695 742
698 742
698 749
704 749
704 750
707 750
707 753
708 753
708 754
711 754
711 757
712 757
712 758
713 758
713 760
717 760
717 761
720 761
720 762
721 762
721 763
732 763
732 764
735 764
735 768
736 768
736 769
737 769
737 771
741 771
741 772
757 772
757 774
758 774
758 775
759 775
759 777
764 777
764 778
768 778
768 779
769 779
769 780
770 780
770 781
771 781
771 782
772 782
772 783
773 783
773 784
775 784
775 795
777 795
777 796
778 796
778 797
779 797
779 799
782 799
782 802
783 802
783 803
784 803
784 813
788 813
788 814
791 814
791 817
792 817
792 819
796 819
796 823
797 823
797 830
798 830
798 831
801 831
801 832
805 832
805 833
806 833
806 837
807 837
807 840
808 840
808 841
809 841
809 843
813 843
813 844
816 844
816 848
817 848
817 851
818 851
818 852
819 852
819 855
820 855
820 856
821 856
821 858
823 858
823 859
826 859
826 862
828 862
828 864
834 864
834 868
835 868
835 870
836 870
836 871
838 871
838 872
839 872
839 874
840 874
840 875
843 875
843 877
845 877
845 879
854 879
854 880
857 880
857 882
858 882
858 883
860 883
860 889
861 889
861 891
862 891
862 893
863 893
863 894
864 894
864 895
865 895
865 900
869 900
869 901
872 901
872 902
875 902
875 903
877 903
877 904
879 904
879 907
882 907
882 909
888 909
888 910
894 910
894 914
895 914
895 916
896 916
896 921
899 921
899 922
901 922
901 923
903 923
903 925
906 925
906 926
907 926
907 930
909 930
909 931
911 931
911 932
913 932
913 936
916 936
916 938
918 938
918 939
919 939
919 941
920 941
920 942
925 942
925 943
932 943
932 944
933 944
933 945
934 945
934 949
935 949
935 951
937 951
937 952
942 952
942 953
943 953
943 955
944 955
944 957
945 957
945 960
949 960
949 969
955 969
955 970
960 970
960 971
961 971
961 972
962 972
962 974
967 974
967 975
968 975
968 976
979 976
979 977
980 977
980 978
982 978
982 982
983 982
983 983
985 983
985 984
987 984
987 985
989 985
989 987
990 987
990 990
991 990
991 991
993 991
993 993
994 993
994 994
995 994
995 997
998 997
998 999
