97892
0 1
2 1
2 4
3 4
3 6
9 6
9 7
11 7
11 11
14 11
14 16
15 16
15 18
16 18
16 21
18 21
18 24
20 24
20 25
24 25
24 26
25 26
25 28
28 28
28 35
39 35
39 36
40 36
40 37
43 37
43 41
45 41
45 42
50 42
50 43
51 43
51 44
52 44
52 45
53 45
53 50
54 50
54 52
55 52
55 53
56 53
56 55
60 55
60 58
61 58
61 74
63 74
63 79
64 79
64 80
67 80
67 82
68 82
68 83
71 83
71 84
72 84
72 85
73 85
73 89
74 89
74 91
78 91
78 95
86 95
86 96
89 96
89 97
91 97
91 103
93 103
93 104
94 104
94 105
97 105
97 106
98 106
98 109
99 109
99 113
100 113
100 126
101 126
101 129
103 129
103 130
105 130
105 131
106 131
106 133
107 133
107 136
109 136
109 138
110 138
110 139
113 139
113 142
116 142
116 144
118 144
118 151
120 151
120 152
125 152
125 153
126 153
126 154
127 154
127 157
129 157
129 159
130 159
130 160
131 160
131 161
134 161
134 162
135 162
135 164
136 164
136 168
137 168
137 176
138 176
138 177
139 177
139 178
142 178
142 179
150 179
150 180
151 180
151 181
153 181
153 185
154 185
154 190
158 190
158 193
159 193
159 194
162 194
162 195
163 195
163 197
164 197
164 198
165 198
165 199
166 199
166 200
167 200
167 202
168 202
168 203
169 203
169 205
171 205
171 206
172 206
172 213
173 213
173 220
176 220
176 222
185 222
185 228
186 228
186 230
188 230
188 231
189 231
189 233
190 233
190 237
191 237
191 240
192 240
192 242
194 242
194 243
195 243
195 245
196 245
196 250
197 250
197 252
198 252
198 253
200 253
200 254
201 254
201 257
202 257
202 258
203 258
203 262
205 262
205 264
206 264
206 265
207 265
207 267
208 267
208 270
209 270
209 272
210 272
210 274
211 274
211 280
213 280
213 282
214 282
214 283
215 283
215 287
219 287
219 288
223 288
223 289
224 289
224 291
225 291
225 300
227 300
227 303
228 303
228 308
229 308
229 311
233 311
233 313
235 313
235 315
236 315
236 320
237 320
237 333
240 333
240 334
241 334
241 338
245 338
245 344
250 344
250 348
251 348
251 351
254 351
254 353
255 353
255 355
256 355
256 357
257 357
257 358
259 358
259 361
261 361
261 362
263 362
263 365
264 365
264 367
272 367
272 372
276 372
276 373
279 373
279 374
280 374
280 376
281 376
281 377
282 377
282 382
284 382
284 384
285 384
285 388
293 388
293 390
298 390
298 391
299 391
299 392
302 392
302 394
303 394
303 396
304 396
304 397
305 397
305 399
306 399
306 400
312 400
312 401
313 401
313 422
315 422
315 423
317 423
317 436
318 436
318 441
319 441
319 442
320 442
320 445
321 445
321 446
322 446
322 455
323 455
323 457
331 457
331 458
332 458
332 464
334 464
334 468
337 468
337 469
341 469
341 471
342 471
342 474
345 474
345 475
347 475
347 476
349 476
349 480
350 480
350 481
355 481
355 485
358 485
358 486
359 486
359 488
360 488
360 489
362 489
362 491
363 491
363 494
364 494
364 506
366 506
366 509
367 509
367 512
368 512
368 513
369 513
369 518
370 518
370 519
371 519
371 520
372 520
372 521
377 521
377 522
379 522
379 524
380 524
380 528
383 528
383 530
388 530
388 531
389 531
389 532
390 532
390 534
391 534
391 535
393 535
393 537
394 537
394 538
398 538
398 539
399 539
399 540
412 540
412 544
419 544
419 551
422 551
422 554
423 554
423 556
424 556
424 557
428 557
428 565
430 565
430 569
431 569
431 570
433 570
433 572
434 572
434 573
438 573
438 576
439 576
439 577
441 577
441 581
455 581
455 584
458 584
458 585
459 585
459 590
461 590
461 597
462 597
462 600
463 600
463 602
465 602
465 604
467 604
467 609
468 609
468 611
469 611
469 615
470 615
470 616
473 616
473 618
476 618
476 621
487 621
487 622
488 622
488 623
489 623
489 625
493 625
493 627
497 627
497 628
499 628
499 629
502 629
502 630
504 630
504 635
506 635
506 636
508 636
508 638
509 638
509 642
512 642
512 644
517 644
517 647
519 647
519 650
520 650
520 652
522 652
522 653
523 653
523 655
526 655
526 656
527 656
527 658
530 658
530 661
531 661
531 662
534 662
534 663
535 663
535 664
537 664
537 665
538 665
538 667
539 667
539 673
541 673
541 676
546 676
546 681
549 681
549 682
550 682
550 683
551 683
551 688
556 688
556 691
559 691
559 692
560 692
560 693
561 693
561 695
563 695
563 697
566 697
566 698
571 698
571 699
574 699
574 700
576 700
576 701
582 701
582 702
583 702
583 703
584 703
584 705
586 705
586 706
590 706
590 709
592 709
592 712
601 712
601 713
602 713
602 715
604 715
604 716
605 716
605 717
608 717
608 718
609 718
609 721
616 721
616 724
618 724
618 725
623 725
623 729
626 729
626 735
627 735
627 736
628 736
628 738
629 738
629 739
630 739
630 745
632 745
632 752
634 752
634 753
635 753
635 754
637 754
637 757
638 757
638 759
644 759
644 760
648 760
648 761
656 761
656 762
657 762
657 766
658 766
658 771
659 771
659 772
662 772
662 773
666 773
666 778
667 778
667 779
668 779
668 781
670 781
670 782
671 782
671 785
673 785
673 786
675 786
675 790
676 790
676 792
678 792
678 796
680 796
680 797
682 797
682 800
683 800
683 804
684 804
684 806
687 806
687 808
688 808
688 809
689 809
689 810
694 810
694 811
698 811
698 812
700 812
700 814
702 814
702 815
704 815
704 817
705 817
705 820
707 820
707 822
710 822
710 824
711 824
711 825
716 825
716 828
717 828
717 829
719 829
719 830
721 830
721 831
725 831
725 832
726 832
726 834
727 834
727 836
733 836
733 837
739 837
739 838
744 838
744 840
745 840
745 841
751 841
751 842
754 842
754 843
757 843
757 844
758 844
758 845
760 845
760 850
770 850
770 851
779 851
779 853
780 853
780 855
782 855
782 859
784 859
784 860
785 860
785 862
789 862
789 863
791 863
791 866
792 866
792 867
793 867
793 868
797 868
797 870
799 870
799 871
807 871
807 872
813 872
813 873
816 873
816 874
817 874
817 875
826 875
826 877
828 877
828 880
832 880
832 882
837 882
837 883
840 883
840 884
842 884
842 885
843 885
843 892
844 892
844 893
845 893
845 894
849 894
849 895
850 895
850 897
853 897
853 899
858 899
858 901
859 901
859 905
860 905
860 906
861 906
861 907
862 907
862 908
863 908
863 909
865 909
865 911
870 911
870 912
878 912
878 913
879 913
879 914
881 914
881 915
884 915
884 918
885 918
885 919
886 919
886 920
890 920
890 921
892 921
892 923
893 923
893 930
894 930
894 931
896 931
896 935
910 935
910 938
913 938
913 944
916 944
916 948
917 948
917 951
933 951
933 952
934 952
934 954
935 954
935 955
940 955
940 956
941 956
941 959
946 959
946 961
950 961
950 962
953 962
953 964
955 964
955 966
957 966
957 968
959 968
959 973
961 973
961 974
962 974
962 975
964 975
964 976
967 976
967 978
968 978
968 979
973 979
973 982
974 982
974 984
976 984
976 985
977 985
977 989
980 989
980 991
981 991
981 992
983 992
983 993
984 993
984 994
987 994
987 995
988 995
988 998
993 998
993 999
