97997
0 1
4 1
4 2
6 2
6 6
8 6
8 7
9 7
9 9
10 9
10 12
12 12
12 19
13 19
13 23
14 23
14 25
20 25
20 27
24 27
24 31
25 31
25 32
29 32
29 34
46 34
46 37
48 37
48 39
54 39
54 40
63 40
63 45
64 45
64 48
66 48
66 51
68 51
68 53
70 53
70 54
71 54
71 55
72 55
72 56
75 56
75 57
77 57
77 58
79 58
79 61
80 61
80 64
81 64
81 65
82 65
82 73
83 73
83 75
87 75
87 76
88 76
88 82
95 82
95 88
98 88
98 89
99 89
99 90
101 90
101 91
102 91
102 92
104 92
104 99
105 99
105 101
107 101
107 102
109 102
109 104
116 104
116 107
117 107
117 108
119 108
119 109
120 109
120 110
124 110
124 113
126 113
126 118
129 118
129 131
133 131
133 132
134 132
134 134
136 134
136 137
137 137
137 139
138 139
138 140
144 140
144 141
147 141
147 142
151 142
151 158
153 158
153 159
154 159
154 164
157 164
157 165
158 165
158 166
160 166
160 169
162 169
162 174
165 174
165 175
166 175
166 178
167 178
167 179
170 179
170 181
176 181
176 182
178 182
178 184
179 184
179 187
182 187
182 191
183 191
183 195
186 195
186 199
187 199
187 206
188 206
188 207
189 207
189 208
190 208
190 213
191 213
191 214
192 214
192 218
195 218
195 221
198 221
198 222
202 222
202 223
209 223
209 225
213 225
213 226
214 226
214 229
217 229
217 231
218 231
218 232
220 232
220 233
221 233
221 234
223 234
223 235
224 235
224 236
226 236
226 238
228 238
228 239
230 239
230 243
234 243
234 244
238 244
238 245
242 245
242 246
247 246
247 247
252 247
252 248
253 248
253 261
254 261
254 262
256 262
256 263
257 263
257 268
258 268
258 285
259 285
259 295
261 295
261 296
262 296
262 301
266 301
266 302
267 302
267 304
268 304
268 307
269 307
269 311
271 311
271 312
272 312
272 315
276 315
276 318
277 318
277 319
279 319
279 320
280 320
280 321
281 321
281 322
286 322
286 323
288 323
288 324
291 324
291 328
292 328
292 331
293 331
293 336
294 336
294 337
295 337
295 342
296 342
296 345
300 345
300 346
303 346
303 352
307 352
307 353
310 353
310 356
311 356
311 362
312 362
312 363
314 363
314 366
315 366
315 367
316 367
316 372
317 372
317 378
319 378
319 381
320 381
320 386
321 386
321 387
323 387
323 389
325 389
325 390
328 390
328 396
329 396
329 397
332 397
332 400
334 400
334 401
335 401
335 402
336 402
336 403
337 403
337 405
340 405
340 406
341 406
341 409
344 409
344 410
345 410
345 420
347 420
347 421
349 421
349 424
351 424
351 431
356 431
356 432
357 432
357 433
358 433
358 435
360 435
360 437
361 437
361 438
364 438
364 439
366 439
366 442
367 442
367 443
370 443
370 445
371 445
371 448
376 448
376 449
377 449
377 454
378 454
378 456
380 456
380 459
382 459
382 461
383 461
383 466
384 466
384 470
386 470
386 472
387 472
387 475
388 475
388 477
389 477
389 485
391 485
391 487
394 487
394 488
398 488
398 490
399 490
399 491
400 491
400 495
403 495
403 498
405 498
405 500
407 500
407 501
412 501
412 502
413 502
413 504
414 504
414 506
415 506
415 507
416 507
416 509
418 509
418 511
420 511
420 513
422 513
422 515
423 515
423 519
424 519
424 521
425 521
425 522
430 522
430 523
431 523
431 524
433 524
433 525
434 525
434 529
435 529
435 531
439 531
439 533
441 533
441 537
442 537
442 543
443 543
443 544
444 544
444 548
446 548
446 549
448 549
448 550
449 550
449 552
453 552
453 553
454 553
454 554
456 554
456 559
459 559
459 563
460 563
460 565
461 565
461 569
464 569
464 572
465 572
465 574
466 574
466 576
468 576
468 577
469 577
469 578
472 578
472 584
473 584
473 587
474 587
474 588
475 588
475 591
476 591
476 592
479 592
479 593
480 593
480 598
482 598
482 599
483 599
483 605
484 605
484 608
486 608
486 611
487 611
487 614
488 614
488 619
489 619
489 620
492 620
492 622
495 622
495 627
499 627
499 632
502 632
502 633
506 633
506 634
508 634
508 636
509 636
509 643
511 643
511 644
512 644
512 646
515 646
515 654
516 654
516 655
518 655
518 657
519 657
519 660
520 660
520 661
521 661
521 663
522 663
522 667
523 667
523 668
524 668
524 670
525 670
525 671
526 671
526 675
527 675
527 676
529 676
529 677
533 677
533 684
534 684
534 688
536 688
536 689
539 689
539 691
544 691
544 694
547 694
547 697
550 697
550 699
553 699
553 700
554 700
554 701
555 701
555 702
556 702
556 703
561 703
561 705
566 705
566 707
570 707
570 713
571 713
571 714
572 714
572 716
576 716
576 720
580 720
580 721
581 721
581 723
583 723
583 726
584 726
584 730
585 730
585 732
587 732
587 737
588 737
588 738
589 738
589 739
590 739
590 740
592 740
592 742
593 742
593 743
594 743
594 744
595 744
595 745
596 745
596 748
604 748
604 751
605 751
605 752
606 752
606 757
608 757
608 760
609 760
609 761
611 761
611 763
617 763
617 766
618 766
618 767
621 767
621 768
622 768
622 769
623 769
623 770
624 770
624 771
625 771
625 772
626 772
626 773
628 773
628 774
629 774
629 775
630 775
630 777
631 777
631 778
632 778
632 779
634 779
634 780
636 780
636 781
638 781
638 782
641 782
641 783
644 783
644 785
647 785
647 786
648 786
648 787
655 787
655 789
656 789
656 790
657 790
657 792
659 792
659 795
663 795
663 798
665 798
665 801
666 801
666 804
668 804
668 805
669 805
669 807
673 807
673 808
682 808
682 810
683 810
683 811
685 811
685 812
696 812
696 813
697 813
697 814
703 814
703 816
705 816
705 817
709 817
709 821
712 821
712 822
718 822
718 823
719 823
719 824
720 824
720 825
721 825
721 826
722 826
722 827
725 827
725 828
726 828
726 829
733 829
733 832
735 832
735 833
738 833
738 834
740 834
740 842
741 842
741 843
742 843
742 847
743 847
743 848
744 848
744 849
746 849
746 859
747 859
747 860
748 860
748 865
750 865
750 868
751 868
751 869
753 869
753 870
756 870
756 875
757 875
757 876
763 876
763 878
767 878
767 879
770 879
770 882
771 882
771 886
773 886
773 890
774 890
774 891
775 891
775 892
777 892
777 894
778 894
778 895
785 895
785 896
786 896
786 899
789 899
789 901
790 901
790 902
800 902
800 903
802 903
802 909
804 909
804 910
805 910
805 912
808 912
808 913
810 913
810 917
816 917
816 918
817 918
817 919
820 919
820 920
821 920
821 924
827 924
827 926
840 926
840 928
841 928
841 930
843 930
843 931
845 931
845 932
846 932
846 934
848 934
848 937
849 937
849 940
851 940
851 943
852 943
852 944
856 944
856 945
861 945
861 946
862 946
862 947
865 947
865 948
869 948
869 950
870 950
870 952
875 952
875 954
877 954
877 963
881 963
881 964
883 964
883 966
886 966
886 967
890 967
890 969
903 969
903 970
904 970
904 972
906 972
906 975
908 975
908 979
930 979
930 980
937 980
937 981
940 981
940 982
941 982
941 984
947 984
947 985
954 985
954 988
955 988
955 990
956 990
956 992
961 992
961 993
962 993
962 998
994 998
994 999
