100179
0 1
3 1
3 3
6 3
6 4
10 4
10 6
11 6
11 8
16 8
16 9
19 9
19 12
20 12
20 14
28 14
28 17
30 17
30 18
44 18
44 19
50 19
50 21
51 21
51 23
54 23
54 26
56 26
56 27
57 27
57 31
60 31
60 32
61 32
61 34
62 34
62 38
63 38
63 39
64 39
64 44
68 44
68 45
69 45
69 46
70 46
70 61
73 61
73 63
76 63
76 64
77 64
77 66
79 66
79 68
80 68
80 69
86 69
86 70
87 70
87 71
88 71
88 74
89 74
89 78
96 78
96 79
98 79
98 80
101 80
101 81
102 81
102 82
114 82
114 84
116 84
116 85
117 85
117 90
118 90
118 91
120 91
120 92
122 92
122 93
123 93
123 94
124 94
124 95
126 95
126 96
127 96
127 99
131 99
131 104
134 104
134 105
137 105
137 106
138 106
138 108
139 108
139 109
143 109
143 110
147 110
147 113
149 113
149 115
151 115
151 116
154 116
154 117
155 117
155 118
156 118
156 121
157 121
157 124
158 124
158 125
159 125
159 134
160 134
160 137
161 137
161 139
162 139
162 147
165 147
165 151
166 151
166 152
167 152
167 154
169 154
169 156
172 156
172 157
183 157
183 158
184 158
184 159
185 159
185 162
188 162
188 164
190 164
190 167
193 167
193 168
194 168
194 169
198 169
198 170
202 170
202 172
203 172
203 173
206 173
206 174
207 174
207 182
208 182
208 183
209 183
209 187
212 187
212 188
214 188
214 190
217 190
217 193
220 193
220 194
223 194
223 196
224 196
224 197
226 197
226 206
228 206
228 208
231 208
231 209
233 209
233 215
239 215
239 217
250 217
250 220
254 220
254 223
256 223
256 224
258 224
258 225
262 225
262 226
264 226
264 227
265 227
265 228
266 228
266 231
268 231
268 232
270 232
270 234
272 234
272 235
285 235
285 236
290 236
290 238
296 238
296 241
297 241
297 242
298 242
298 243
300 243
300 244
302 244
302 245
304 245
304 246
305 246
305 247
308 247
308 248
310 248
310 249
312 249
312 250
313 250
313 253
315 253
315 254
319 254
319 255
322 255
322 256
323 256
323 259
324 259
324 262
327 262
327 273
332 273
332 277
335 277
335 279
336 279
336 284
339 284
339 286
340 286
340 287
341 287
341 291
350 291
350 292
353 292
353 293
354 293
354 295
356 295
356 299
357 299
357 300
360 300
360 307
361 307
361 308
363 308
363 310
364 310
364 311
365 311
365 314
369 314
369 316
371 316
371 325
372 325
372 326
375 326
375 327
377 327
377 328
379 328
379 330
380 330
380 335
381 335
381 344
383 344
383 358
384 358
384 360
385 360
385 361
388 361
388 365
392 365
392 369
394 369
394 374
395 374
395 375
396 375
396 377
397 377
397 381
399 381
399 383
400 383
400 384
402 384
402 385
405 385
405 388
408 388
408 391
409 391
409 392
410 392
410 400
411 400
411 401
413 401
413 411
414 411
414 413
415 413
415 414
416 414
416 419
418 419
418 421
421 421
421 425
422 425
422 427
424 427
424 433
426 433
426 435
430 435
430 437
432 437
432 444
433 444
433 451
434 451
434 453
437 453
437 456
442 456
442 457
443 457
443 458
446 458
446 461
447 461
447 464
448 464
448 465
450 465
450 472
452 472
452 473
453 473
453 474
458 474
458 478
459 478
459 479
461 479
461 482
464 482
464 483
466 483
466 484
469 484
469 486
470 486
470 492
471 492
471 494
472 494
472 495
475 495
475 496
476 496
476 499
481 499
481 500
486 500
486 501
487 501
487 502
490 502
490 503
492 503
492 508
493 508
493 509
494 509
494 517
495 517
495 518
497 518
497 524
498 524
498 525
501 525
501 526
502 526
502 528
504 528
504 530
505 530
505 534
506 534
506 535
511 535
511 541
512 541
512 552
513 552
513 556
516 556
516 557
518 557
518 558
520 558
520 560
521 560
521 562
522 562
522 565
523 565
523 573
525 573
525 574
526 574
526 576
527 576
527 578
529 578
529 579
530 579
530 580
532 580
532 583
535 583
535 584
538 584
538 594
543 594
543 599
546 599
546 600
549 600
549 602
554 602
554 604
556 604
556 605
558 605
558 606
559 606
559 607
560 607
560 609
561 609
561 610
562 610
562 614
565 614
565 615
566 615
566 616
567 616
567 617
568 617
568 618
569 618
569 619
573 619
573 620
574 620
574 623
575 623
575 635
576 635
576 638
578 638
578 639
579 639
579 640
580 640
580 644
581 644
581 645
583 645
583 646
585 646
585 648
593 648
593 650
597 650
597 652
601 652
601 657
602 657
602 658
603 658
603 659
608 659
608 662
609 662
609 663
613 663
613 667
615 667
615 669
616 669
616 673
618 673
618 674
620 674
620 675
621 675
621 676
622 676
622 677
623 677
623 679
633 679
633 680
635 680
635 681
637 681
637 686
638 686
638 687
639 687
639 688
642 688
642 690
652 690
652 692
656 692
656 696
659 696
659 697
667 697
667 703
669 703
669 706
674 706
674 709
681 709
681 710
688 710
688 711
689 711
689 712
691 712
691 713
694 713
694 714
701 714
701 716
703 716
703 718
706 718
706 719
707 719
707 720
714 720
714 723
715 723
715 725
723 725
723 733
724 733
724 737
729 737
729 738
734 738
734 739
737 739
737 744
738 744
738 745
739 745
739 747
740 747
740 750
745 750
745 752
746 752
746 753
747 753
747 755
751 755
751 758
752 758
752 759
755 759
755 766
757 766
757 768
760 768
760 770
767 770
767 771
768 771
768 772
769 772
769 773
771 773
771 777
773 777
773 781
784 781
784 783
785 783
785 784
786 784
786 791
788 791
788 793
789 793
789 794
790 794
790 797
791 797
791 803
796 803
796 804
798 804
798 805
800 805
800 806
801 806
801 807
803 807
803 808
805 808
805 810
808 810
808 813
810 813
810 816
811 816
811 817
813 817
813 823
818 823
818 826
820 826
820 827
823 827
823 828
826 828
826 829
837 829
837 830
839 830
839 831
841 831
841 832
842 832
842 833
844 833
844 834
845 834
845 835
848 835
848 837
850 837
850 842
851 842
851 843
853 843
853 849
855 849
855 851
858 851
858 853
865 853
865 857
866 857
866 861
867 861
867 865
868 865
868 868
870 868
870 869
871 869
871 870
872 870
872 874
873 874
873 878
876 878
876 879
877 879
877 884
878 884
878 886
879 886
879 887
881 887
881 890
883 890
883 896
884 896
884 902
885 902
885 904
887 904
887 905
888 905
888 907
890 907
890 910
891 910
891 911
892 911
892 915
894 915
894 918
897 918
897 920
904 920
904 921
905 921
905 923
906 923
906 924
916 924
916 925
917 925
917 926
918 926
918 927
919 927
919 929
920 929
920 930
926 930
926 931
928 931
928 932
930 932
930 933
932 933
932 935
933 935
933 937
934 937
934 938
940 938
940 939
941 939
941 940
942 940
942 945
944 945
944 948
952 948
952 957
953 957
953 961
956 961
956 962
957 962
957 963
958 963
958 964
959 964
959 971
960 971
960 972
962 972
962 976
963 976
963 977
964 977
964 979
967 979
967 980
968 980
968 981
969 981
969 983
970 983
970 985
972 985
972 989
973 989
973 991
975 991
975 992
981 992
981 993
987 993
987 995
994 995
994 998
995 998
995 999
