97977
0 2
3 2
3 3
9 3
9 4
13 4
13 7
14 7
14 9
21 9
21 10
23 10
23 14
27 14
27 17
31 17
31 18
42 18
42 20
51 20
51 21
54 21
54 23
57 23
57 24
58 24
58 26
62 26
62 28
63 28
63 30
64 30
64 36
65 36
65 38
66 38
66 39
68 39
68 42
69 42
69 43
71 43
71 44
81 44
81 45
87 45
87 46
94 46
94 47
102 47
102 48
106 48
106 49
107 49
107 51
110 51
110 52
111 52
111 55
116 55
116 56
118 56
118 57
119 57
119 62
120 62
120 64
122 64
122 66
124 66
124 67
126 67
126 69
129 69
129 71
134 71
134 72
135 72
135 73
136 73
136 74
141 74
141 75
143 75
143 77
146 77
146 78
149 78
149 79
150 79
150 80
153 80
153 82
154 82
154 84
157 84
157 85
158 85
158 87
159 87
159 89
160 89
160 92
165 92
165 93
166 93
166 94
167 94
167 96
170 96
170 97
172 97
172 98
178 98
178 99
180 99
180 100
192 100
192 101
194 101
194 102
198 102
198 103
200 103
200 105
202 105
202 106
206 106
206 109
207 109
207 110
211 110
211 111
214 111
214 112
215 112
215 115
219 115
219 117
223 117
223 118
225 118
225 119
226 119
226 121
228 121
228 124
231 124
231 129
232 129
232 131
236 131
236 134
237 134
237 135
239 135
239 136
241 136
241 140
243 140
243 141
245 141
245 147
246 147
246 148
252 148
252 150
256 150
256 151
257 151
257 152
259 152
259 154
260 154
260 156
263 156
263 167
264 167
264 171
268 171
268 179
269 179
269 186
270 186
270 187
272 187
272 193
274 193
274 195
276 195
276 196
277 196
277 197
280 197
280 199
281 199
281 201
286 201
286 202
287 202
287 204
291 204
291 211
292 211
292 213
293 213
293 216
294 216
294 219
295 219
295 226
296 226
296 231
298 231
298 232
300 232
300 234
302 234
302 236
304 236
304 239
306 239
306 244
307 244
307 250
308 250
308 258
310 258
310 260
311 260
311 262
313 262
313 264
314 264
314 271
315 271
315 272
316 272
316 273
317 273
317 274
319 274
319 275
320 275
320 278
325 278
325 279
327 279
327 280
328 280
328 283
329 283
329 288
331 288
331 294
332 294
332 296
336 296
336 298
343 298
343 299
348 299
348 304
350 304
350 305
351 305
351 309
352 309
352 310
353 310
353 311
355 311
355 312
356 312
356 313
366 313
366 316
367 316
367 317
370 317
370 319
371 319
371 323
372 323
372 326
374 326
374 328
385 328
385 329
386 329
386 330
388 330
388 332
389 332
389 333
391 333
391 337
393 337
393 339
394 339
394 340
400 340
400 345
401 345
401 346
403 346
403 348
405 348
405 349
406 349
406 355
408 355
408 356
409 356
409 357
410 357
410 360
413 360
413 363
414 363
414 366
415 366
415 368
416 368
416 373
417 373
417 374
420 374
420 375
421 375
421 377
427 377
427 378
429 378
429 379
430 379
430 386
435 386
435 390
436 390
436 392
437 392
437 393
439 393
439 394
443 394
443 395
444 395
444 401
446 401
446 402
447 402
447 403
449 403
449 406
450 406
450 407
456 407
456 409
458 409
458 414
459 414
459 417
461 417
461 419
462 419
462 420
468 420
468 422
469 422
469 430
472 430
472 431
474 431
474 436
475 436
475 437
476 437
476 443
479 443
479 444
481 444
481 445
482 445
482 446
483 446
483 451
484 451
484 457
487 457
487 460
491 460
491 461
496 461
496 464
497 464
497 477
498 477
498 481
499 481
499 485
503 485
503 489
505 489
505 491
508 491
508 492
510 492
510 498
512 498
512 499
513 499
513 500
517 500
517 501
518 501
518 515
520 515
520 521
527 521
527 523
531 523
531 529
534 529
534 530
537 530
537 538
539 538
539 544
540 544
540 545
542 545
542 546
543 546
543 549
545 549
545 550
550 550
550 551
555 551
555 552
560 552
560 556
564 556
564 557
565 557
565 559
567 559
567 561
568 561
568 564
569 564
569 568
570 568
570 569
574 569
574 570
576 570
576 571
577 571
577 576
578 576
578 577
581 577
581 579
582 579
582 584
583 584
583 588
584 588
584 590
586 590
586 591
589 591
589 594
592 594
592 607
593 607
593 609
594 609
594 610
598 610
598 616
600 616
600 619
601 619
601 621
602 621
602 623
603 623
603 624
608 624
608 632
610 632
610 634
616 634
616 638
617 638
617 641
620 641
620 642
621 642
621 643
623 643
623 645
624 645
624 646
627 646
627 647
631 647
631 648
633 648
633 649
634 649
634 650
635 650
635 653
639 653
639 656
641 656
641 657
644 657
644 658
646 658
646 659
654 659
654 660
655 660
655 662
657 662
657 664
659 664
659 668
663 668
663 669
664 669
664 670
673 670
673 673
678 673
678 679
681 679
681 680
687 680
687 681
691 681
691 682
697 682
697 683
698 683
698 685
706 685
706 687
708 687
708 688
709 688
709 689
710 689
710 692
719 692
719 693
720 693
720 694
721 694
721 696
731 696
731 697
732 697
732 698
740 698
740 699
741 699
741 700
742 700
742 707
743 707
743 708
758 708
758 709
763 709
763 710
765 710
765 712
766 712
766 714
767 714
767 716
768 716
768 718
774 718
774 719
778 719
778 720
781 720
781 722
783 722
783 723
785 723
785 724
786 724
786 725
788 725
788 726
789 726
789 729
794 729
794 730
796 730
796 731
797 731
797 732
798 732
798 733
799 733
799 739
800 739
800 740
801 740
801 741
802 741
802 753
803 753
803 759
804 759
804 761
805 761
805 762
806 762
806 764
807 764
807 765
809 765
809 766
810 766
810 767
814 767
814 768
819 768
819 770
822 770
822 772
824 772
824 780
826 780
826 781
827 781
827 782
828 782
828 796
831 796
831 802
832 802
832 803
833 803
833 806
834 806
834 807
836 807
836 809
838 809
838 812
839 812
839 816
842 816
842 818
843 818
843 819
844 819
844 821
845 821
845 824
846 824
846 826
847 826
847 827
848 827
848 829
849 829
849 831
852 831
852 832
853 832
853 833
854 833
854 839
856 839
856 842
858 842
858 844
859 844
859 846
860 846
860 847
862 847
862 853
863 853
863 854
865 854
865 856
870 856
870 861
871 861
871 867
874 867
874 868
876 868
876 870
882 870
882 871
883 871
883 872
886 872
886 876
889 876
889 877
896 877
896 878
898 878
898 879
899 879
899 880
900 880
900 882
902 882
902 886
903 886
903 889
909 889
909 890
911 890
911 891
916 891
916 894
920 894
920 895
921 895
921 897
923 897
923 898
929 898
929 900
935 900
935 903
937 903
937 905
938 905
938 906
939 906
939 912
940 912
940 915
941 915
941 916
942 916
942 921
943 921
943 922
944 922
944 929
947 929
947 930
950 930
950 943
956 943
956 944
958 944
958 945
960 945
960 946
966 946
966 947
970 947
970 953
971 953
971 954
972 954
972 956
974 956
974 957
975 957
975 960
978 960
978 961
979 961
979 964
980 964
980 965
981 965
981 974
983 974
983 975
985 975
985 980
986 980
986 981
988 981
988 986
989 986
989 988
990 988
990 989
991 989
991 992
994 992
994 993
995 993
995 995
996 995
996 996
997 996
997 997
998 997
998 999
