97547
0 1
1 1
1 3
2 3
2 5
9 5
9 8
10 8
10 9
16 9
16 13
17 13
17 15
19 15
19 19
23 19
23 20
25 20
25 21
28 21
28 22
29 22
29 27
31 27
31 28
35 28
35 29
37 29
37 32
39 32
39 33
40 33
40 36
50 36
50 37
51 37
51 38
52 38
52 39
55 39
55 40
56 40
56 41
60 41
60 43
62 43
62 46
63 46
63 49
65 49
65 54
66 54
66 55
67 55
67 56
68 56
68 57
70 57
70 58
71 58
71 62
72 62
72 63
73 63
73 64
74 64
74 73
78 73
78 74
82 74
82 75
87 75
87 76
88 76
88 77
91 77
91 78
95 78
95 79
98 79
98 82
99 82
99 83
103 83
103 86
104 86
104 87
105 87
105 89
106 89
106 92
108 92
108 97
111 97
111 98
114 98
114 102
117 102
117 103
118 103
118 104
119 104
119 105
125 105
125 108
133 108
133 109
134 109
134 110
139 110
139 118
141 118
141 119
142 119
142 120
144 120
144 121
148 121
148 123
149 123
149 125
150 125
150 126
151 126
151 129
152 129
152 131
155 131
155 133
158 133
158 138
159 138
159 140
160 140
160 143
161 143
161 148
162 148
162 149
163 149
163 152
164 152
164 153
166 153
166 154
167 154
167 155
172 155
172 159
176 159
176 160
178 160
178 167
180 167
180 170
182 170
182 172
184 172
184 174
187 174
187 175
189 175
189 176
191 176
191 177
193 177
193 179
198 179
198 184
202 184
202 185
209 185
209 188
211 188
211 189
215 189
215 190
220 190
220 191
226 191
226 192
227 192
227 194
228 194
228 195
230 195
230 196
231 196
231 197
232 197
232 198
240 198
240 200
242 200
242 201
243 201
243 202
249 202
249 207
250 207
250 209
252 209
252 210
255 210
255 213
260 213
260 215
265 215
265 216
270 216
270 219
272 219
272 220
284 220
284 224
286 224
286 225
291 225
291 229
294 229
294 231
298 231
298 232
301 232
301 233
302 233
302 237
303 237
303 238
305 238
305 243
306 243
306 244
308 244
308 246
309 246
309 248
311 248
311 249
312 249
312 250
315 250
315 251
320 251
320 252
323 252
323 254
327 254
327 255
328 255
328 256
332 256
332 257
334 257
334 259
335 259
335 265
336 265
336 270
339 270
339 272
341 272
341 273
342 273
342 274
346 274
346 278
347 278
347 279
350 279
350 283
353 283
353 285
354 285
354 287
355 287
355 288
357 288
357 292
358 292
358 293
359 293
359 294
364 294
364 298
367 298
367 299
369 299
369 301
370 301
370 306
372 306
372 307
376 307
376 309
379 309
379 310
382 310
382 312
384 312
384 317
385 317
385 320
386 320
386 321
387 321
387 322
392 322
392 323
396 323
396 324
398 324
398 328
412 328
412 331
413 331
413 332
414 332
414 333
416 333
416 334
417 334
417 335
422 335
422 336
425 336
425 338
426 338
426 339
427 339
427 340
442 340
442 342
444 342
444 343
445 343
445 344
449 344
449 346
450 346
450 348
454 348
454 349
456 349
456 350
457 350
457 351
458 351
458 352
461 352
461 353
463 353
463 354
469 354
469 358
470 358
470 360
472 360
472 366
474 366
474 367
476 367
476 370
480 370
480 371
481 371
481 373
482 373
482 374
485 374
485 375
486 375
486 377
488 377
488 378
490 378
490 379
491 379
491 382
496 382
496 389
499 389
499 394
502 394
502 395
503 395
503 396
505 396
505 404
507 404
507 406
508 406
508 410
513 410
513 420
518 420
518 421
523 421
523 427
524 427
524 428
526 428
526 429
527 429
527 431
528 431
528 432
529 432
529 433
530 433
530 435
531 435
531 436
532 436
532 445
533 445
533 447
534 447
534 451
537 451
537 452
538 452
538 454
539 454
539 459
541 459
541 461
542 461
542 470
543 470
543 471
545 471
545 474
546 474
546 475
551 475
551 478
552 478
552 479
557 479
557 482
567 482
567 484
570 484
570 487
574 487
574 489
575 489
575 490
576 490
576 491
577 491
577 494
578 494
578 496
581 496
581 497
583 497
583 500
586 500
586 501
587 501
587 504
588 504
588 506
592 506
592 508
594 508
594 510
595 510
595 511
597 511
597 513
598 513
598 514
600 514
600 522
601 522
601 525
602 525
602 531
603 531
603 532
604 532
604 533
605 533
605 536
607 536
607 543
608 543
608 546
610 546
610 550
611 550
611 551
613 551
613 555
619 555
619 558
620 558
620 561
623 561
623 563
624 563
624 566
632 566
632 569
640 569
640 570
641 570
641 574
642 574
642 577
644 577
644 578
645 578
645 580
646 580
646 581
648 581
648 582
651 582
651 583
653 583
653 584
654 584
654 586
658 586
658 587
664 587
664 588
665 588
665 589
666 589
666 590
667 590
667 591
671 591
671 592
672 592
672 594
674 594
674 597
683 597
683 603
684 603
684 606
685 606
685 607
692 607
692 612
693 612
693 621
694 621
694 622
697 622
697 624
699 624
699 626
701 626
701 628
706 628
706 629
709 629
709 630
715 630
715 631
717 631
717 632
728 632
728 635
731 635
731 636
733 636
733 640
736 640
736 641
737 641
737 642
738 642
738 644
743 644
743 645
752 645
752 648
754 648
754 649
755 649
755 650
757 650
757 652
759 652
759 656
760 656
760 658
761 658
761 660
763 660
763 662
764 662
764 663
765 663
765 666
766 666
766 676
769 676
769 682
770 682
770 687
771 687
771 688
772 688
772 693
773 693
773 701
774 701
774 703
775 703
775 705
778 705
778 709
779 709
779 710
780 710
780 727
782 727
782 732
783 732
783 738
790 738
790 739
792 739
792 740
793 740
793 741
796 741
796 746
803 746
803 747
805 747
805 749
808 749
808 751
815 751
815 752
816 752
816 755
818 755
818 757
831 757
831 758
839 758
839 761
841 761
841 762
844 762
844 763
846 763
846 764
850 764
850 765
851 765
851 766
852 766
852 767
855 767
855 768
856 768
856 769
858 769
858 770
859 770
859 771
861 771
861 776
862 776
862 779
863 779
863 783
865 783
865 786
866 786
866 788
870 788
870 791
873 791
873 792
875 792
875 793
878 793
878 800
880 800
880 804
881 804
881 807
884 807
884 813
885 813
885 814
886 814
886 817
887 817
887 818
889 818
889 822
892 822
892 824
893 824
893 825
896 825
896 828
898 828
898 831
901 831
901 833
902 833
902 835
904 835
904 836
912 836
912 838
914 838
914 840
915 840
915 841
916 841
916 842
918 842
918 844
922 844
922 845
924 845
924 846
929 846
929 847
932 847
932 848
940 848
940 849
941 849
941 851
942 851
942 852
943 852
943 853
946 853
946 854
947 854
947 858
949 858
949 867
950 867
950 868
953 868
953 869
954 869
954 872
957 872
957 873
959 873
959 875
961 875
961 876
962 876
962 884
963 884
963 887
964 887
964 891
965 891
965 911
966 911
966 916
968 916
968 918
970 918
970 919
973 919
973 926
974 926
974 927
975 927
975 929
976 929
976 931
977 931
977 934
979 934
979 935
980 935
980 938
981 938
981 940
982 940
982 941
983 941
983 946
984 946
984 948
985 948
985 971
986 971
986 978
987 978
987 979
988 979
988 980
989 980
989 991
990 991
990 992
993 992
993 993
994 993
994 994
995 994
995 996
997 996
997 998
998 998
998 999
