98972
0 2
8 2
8 4
10 4
10 7
12 7
12 9
13 9
13 10
19 10
19 11
20 11
20 12
28 12
28 13
31 13
31 14
35 14
35 15
41 15
41 16
42 16
42 17
44 17
44 18
45 18
45 19
47 19
47 20
49 20
49 21
50 21
50 23
51 23
51 26
52 26
52 27
53 27
53 31
57 31
57 32
58 32
58 33
60 33
60 34
67 34
67 37
68 37
68 38
72 38
72 40
73 40
73 41
75 41
75 42
76 42
76 46
81 46
81 47
82 47
82 49
88 49
88 51
91 51
91 53
92 53
92 55
93 55
93 61
97 61
97 62
99 62
99 63
107 63
107 69
111 69
111 71
112 71
112 72
126 72
126 73
128 73
128 75
133 75
133 79
134 79
134 80
135 80
135 85
138 85
138 91
139 91
139 92
141 92
141 93
145 93
145 94
147 94
147 98
149 98
149 99
151 99
151 106
152 106
152 107
153 107
153 108
158 108
158 109
160 109
160 111
161 111
161 112
162 112
162 113
165 113
165 116
166 116
166 119
167 119
167 121
169 121
169 123
170 123
170 125
172 125
172 127
173 127
173 128
174 128
174 129
175 129
175 131
176 131
176 132
177 132
177 135
178 135
178 138
179 138
179 141
180 141
180 143
181 143
181 144
182 144
182 145
183 145
183 147
184 147
184 148
186 148
186 149
187 149
187 152
190 152
190 154
191 154
191 156
199 156
199 159
200 159
200 160
203 160
203 161
206 161
206 162
210 162
210 163
211 163
211 165
214 165
214 175
215 175
215 176
217 176
217 183
218 183
218 184
231 184
231 185
232 185
232 187
234 187
234 188
244 188
244 190
246 190
246 191
247 191
247 193
250 193
250 194
253 194
253 196
259 196
259 197
261 197
261 201
263 201
263 206
266 206
266 210
268 210
268 211
270 211
270 214
273 214
273 215
275 215
275 216
278 216
278 217
279 217
279 218
281 218
281 219
282 219
282 220
286 220
286 221
288 221
288 223
290 223
290 225
292 225
292 230
295 230
295 232
303 232
303 234
304 234
304 236
305 236
305 238
306 238
306 243
307 243
307 247
309 247
309 248
310 248
310 256
311 256
311 257
313 257
313 264
315 264
315 266
317 266
317 267
321 267
321 269
323 269
323 270
328 270
328 271
332 271
332 276
333 276
333 278
335 278
335 283
337 283
337 284
338 284
338 286
339 286
339 288
344 288
344 289
345 289
345 290
350 290
350 291
351 291
351 292
355 292
355 293
356 293
356 294
357 294
357 306
358 306
358 314
360 314
360 317
362 317
362 318
365 318
365 320
366 320
366 321
375 321
375 322
381 322
381 324
383 324
383 327
387 327
387 328
393 328
393 329
394 329
394 330
396 330
396 331
397 331
397 339
400 339
400 343
401 343
401 346
402 346
402 348
405 348
405 349
410 349
410 352
414 352
414 355
416 355
416 358
418 358
418 359
419 359
419 360
420 360
420 361
421 361
421 362
422 362
422 363
427 363
427 364
428 364
428 365
430 365
430 366
436 366
436 367
437 367
437 369
440 369
440 370
441 370
441 371
443 371
443 372
446 372
446 376
448 376
448 377
449 377
449 378
450 378
450 380
452 380
452 383
455 383
455 384
456 384
456 388
457 388
457 389
459 389
459 390
462 390
462 391
463 391
463 394
465 394
465 395
467 395
467 397
468 397
468 398
469 398
469 405
476 405
476 407
481 407
481 408
482 408
482 409
483 409
483 410
496 410
496 411
497 411
497 412
499 412
499 416
500 416
500 417
503 417
503 421
509 421
509 422
510 422
510 423
514 423
514 426
522 426
522 427
523 427
523 431
526 431
526 432
527 432
527 433
528 433
528 434
529 434
529 435
531 435
531 440
532 440
532 441
535 441
535 442
537 442
537 449
539 449
539 451
540 451
540 455
541 455
541 464
542 464
542 465
543 465
543 466
544 466
544 469
546 469
546 471
550 471
550 472
552 472
552 475
555 475
555 476
561 476
561 477
562 477
562 478
569 478
569 481
570 481
570 482
572 482
572 483
580 483
580 486
581 486
581 487
585 487
585 489
586 489
586 491
587 491
587 492
593 492
593 493
598 493
598 494
599 494
599 496
601 496
601 497
602 497
602 498
603 498
603 500
604 500
604 502
607 502
607 503
609 503
609 504
610 504
610 505
611 505
611 507
612 507
612 508
613 508
613 513
614 513
614 521
616 521
616 522
617 522
617 523
618 523
618 524
619 524
619 526
620 526
620 527
621 527
621 535
622 535
622 538
623 538
623 539
628 539
628 544
631 544
631 546
633 546
633 548
634 548
634 549
635 549
635 550
636 550
636 551
637 551
637 552
638 552
638 555
639 555
639 558
641 558
641 560
642 560
642 561
643 561
643 562
646 562
646 563
647 563
647 564
658 564
658 566
659 566
659 570
662 570
662 571
664 571
664 572
668 572
668 573
669 573
669 574
676 574
676 577
678 577
678 578
683 578
683 579
684 579
684 585
685 585
685 588
686 588
686 589
687 589
687 590
688 590
688 592
694 592
694 593
697 593
697 602
698 602
698 604
700 604
700 607
701 607
701 610
702 610
702 612
704 612
704 616
705 616
705 617
706 617
706 622
707 622
707 624
708 624
708 627
710 627
710 630
711 630
711 635
716 635
716 636
717 636
717 645
721 645
721 646
722 646
722 648
724 648
724 649
725 649
725 651
728 651
728 657
731 657
731 658
732 658
732 661
733 661
733 662
734 662
734 663
735 663
735 665
738 665
738 666
739 666
739 673
740 673
740 679
743 679
743 687
744 687
744 688
747 688
747 689
751 689
751 690
753 690
753 691
755 691
755 694
756 694
756 696
762 696
762 697
764 697
764 698
765 698
765 700
767 700
767 701
768 701
768 707
772 707
772 709
775 709
775 711
776 711
776 712
782 712
782 716
784 716
784 717
785 717
785 721
787 721
787 725
788 725
788 731
793 731
793 733
794 733
794 735
796 735
796 736
798 736
798 737
802 737
802 740
805 740
805 743
808 743
808 745
810 745
810 746
811 746
811 747
812 747
812 750
813 750
813 752
814 752
814 755
817 755
817 756
818 756
818 759
820 759
820 761
826 761
826 763
828 763
828 764
837 764
837 765
840 765
840 766
842 766
842 769
843 769
843 770
844 770
844 771
847 771
847 772
848 772
848 773
849 773
849 776
850 776
850 778
851 778
851 779
852 779
852 780
853 780
853 781
854 781
854 782
855 782
855 788
856 788
856 790
858 790
858 794
859 794
859 796
860 796
860 797
862 797
862 798
863 798
863 799
865 799
865 801
867 801
867 803
868 803
868 806
871 806
871 810
875 810
875 811
877 811
877 813
878 813
878 814
881 814
881 819
882 819
882 827
883 827
883 829
887 829
887 833
888 833
888 835
890 835
890 836
892 836
892 839
894 839
894 852
896 852
896 853
897 853
897 856
900 856
900 865
902 865
902 868
903 868
903 871
908 871
908 873
911 873
911 874
912 874
912 875
913 875
913 876
916 876
916 878
919 878
919 880
920 880
920 884
923 884
923 889
927 889
927 890
930 890
930 901
931 901
931 902
933 902
933 904
936 904
936 908
938 908
938 909
947 909
947 912
948 912
948 917
949 917
949 920
951 920
951 926
952 926
952 929
954 929
954 936
955 936
955 943
956 943
956 944
957 944
957 945
958 945
958 953
959 953
959 954
960 954
960 957
962 957
962 959
963 959
963 961
964 961
964 972
965 972
965 973
967 973
967 977
968 977
968 978
971 978
971 980
973 980
973 981
975 981
975 984
976 984
976 986
982 986
982 987
984 987
984 988
986 988
986 991
992 991
992 992
993 992
993 993
994 993
994 996
996 996
996 997
998 997
998 998
999 998
