98587
0 3
2 3
2 5
5 5
5 8
6 8
6 10
8 10
8 11
12 11
12 16
15 16
15 17
19 17
19 18
21 18
21 22
22 22
22 24
25 24
25 25
26 25
26 32
27 32
27 34
28 34
28 39
32 39
32 42
36 42
36 44
39 44
39 46
40 46
40 48
42 48
42 49
49 49
49 50
52 50
52 53
58 53
58 55
60 55
60 56
61 56
61 57
62 57
62 59
64 59
64 61
65 61
65 62
66 62
66 63
72 63
72 64
73 64
73 69
76 69
76 72
77 72
77 74
82 74
82 76
84 76
84 80
86 80
86 83
87 83
87 85
90 85
90 87
91 87
91 88
94 88
94 90
95 90
95 93
99 93
99 94
101 94
101 95
102 95
102 100
105 100
105 103
106 103
106 109
107 109
107 117
108 117
108 125
110 125
110 128
111 128
111 130
112 130
112 131
113 131
113 133
115 133
115 134
119 134
119 135
122 135
122 137
123 137
123 141
127 141
127 142
129 142
129 145
130 145
130 146
131 146
131 150
136 150
136 154
138 154
138 159
141 159
141 164
143 164
143 167
144 167
144 170
147 170
147 177
148 177
148 178
149 178
149 179
150 179
150 182
151 182
151 189
152 189
152 191
153 191
153 193
155 193
155 195
158 195
158 196
161 196
161 197
163 197
163 201
166 201
166 203
168 203
168 209
169 209
169 210
170 210
170 212
172 212
172 215
173 215
173 228
174 228
174 230
175 230
175 231
177 231
177 244
183 244
183 245
184 245
184 247
187 247
187 248
188 248
188 250
189 250
189 255
193 255
193 256
195 256
195 257
198 257
198 258
199 258
199 259
205 259
205 260
208 260
208 261
211 261
211 264
212 264
212 266
213 266
213 270
216 270
216 273
218 273
218 274
219 274
219 275
222 275
222 276
224 276
224 277
226 277
226 281
230 281
230 282
232 282
232 284
233 284
233 291
234 291
234 294
236 294
236 296
237 296
237 299
238 299
238 300
239 300
239 307
240 307
240 311
241 311
241 312
243 312
243 313
245 313
245 314
258 314
258 315
260 315
260 316
264 316
264 317
266 317
266 319
269 319
269 320
273 320
273 323
274 323
274 325
276 325
276 326
277 326
277 327
280 327
280 328
281 328
281 331
282 331
282 336
284 336
284 337
289 337
289 338
290 338
290 345
293 345
293 347
294 347
294 348
295 348
295 352
296 352
296 359
297 359
297 376
298 376
298 378
299 378
299 381
300 381
300 383
303 383
303 387
305 387
305 388
307 388
307 389
308 389
308 390
313 390
313 400
315 400
315 402
316 402
316 407
317 407
317 411
318 411
318 412
319 412
319 414
320 414
320 415
321 415
321 416
322 416
322 419
323 419
323 420
324 420
324 423
326 423
326 424
327 424
327 426
328 426
328 428
329 428
329 429
332 429
332 430
333 430
333 431
334 431
334 433
335 433
335 434
339 434
339 438
340 438
340 443
341 443
341 444
342 444
342 446
343 446
343 449
346 449
346 451
347 451
347 452
348 452
348 453
353 453
353 454
354 454
354 458
356 458
356 459
358 459
358 460
360 460
360 462
361 462
361 464
362 464
362 465
364 465
364 468
368 468
368 469
376 469
376 472
377 472
377 473
378 473
378 476
379 476
379 477
381 477
381 478
383 478
383 479
384 479
384 480
387 480
387 482
388 482
388 484
389 484
389 486
392 486
392 490
396 490
396 496
397 496
397 497
398 497
398 498
401 498
401 499
403 499
403 501
404 501
404 503
405 503
405 505
406 505
406 510
408 510
408 511
409 511
409 518
410 518
410 519
414 519
414 520
415 520
415 523
417 523
417 524
422 524
422 525
423 525
423 526
425 526
425 527
426 527
426 529
427 529
427 536
428 536
428 538
429 538
429 544
431 544
431 546
432 546
432 550
433 550
433 552
439 552
439 554
441 554
441 556
446 556
446 560
448 560
448 561
450 561
450 563
456 563
456 565
457 565
457 566
461 566
461 568
466 568
466 569
468 569
468 574
469 574
469 576
473 576
473 577
477 577
477 581
479 581
479 583
481 583
481 584
483 584
483 585
485 585
485 588
486 588
486 596
487 596
487 597
489 597
489 600
490 600
490 601
492 601
492 602
495 602
495 612
496 612
496 613
497 613
497 615
498 615
498 616
501 616
501 617
503 617
503 618
505 618
505 621
506 621
506 622
507 622
507 624
508 624
508 625
510 625
510 627
511 627
511 630
513 630
513 632
514 632
514 635
516 635
516 637
518 637
518 639
519 639
519 640
521 640
521 641
523 641
523 642
524 642
524 643
526 643
526 644
528 644
528 646
531 646
531 647
532 647
532 651
533 651
533 652
534 652
534 655
536 655
536 656
539 656
539 660
540 660
540 662
545 662
545 668
546 668
546 670
547 670
547 673
549 673
549 674
551 674
551 678
552 678
552 679
553 679
553 680
557 680
557 681
559 681
559 684
561 684
561 688
564 688
564 690
566 690
566 691
567 691
567 692
569 692
569 698
573 698
573 699
574 699
574 702
575 702
575 704
577 704
577 705
578 705
578 709
581 709
581 711
582 711
582 712
584 712
584 713
587 713
587 717
588 717
588 718
589 718
589 733
590 733
590 734
591 734
591 735
594 735
594 736
599 736
599 739
602 739
602 741
603 741
603 742
609 742
609 744
610 744
610 747
612 747
612 748
613 748
613 754
615 754
615 758
621 758
621 760
624 760
624 761
626 761
626 764
627 764
627 765
629 765
629 768
630 768
630 769
635 769
635 770
636 770
636 771
640 771
640 775
641 775
641 776
642 776
642 777
643 777
643 779
644 779
644 782
645 782
645 783
648 783
648 789
651 789
651 790
654 790
654 791
655 791
655 794
656 794
656 798
659 798
659 799
661 799
661 800
663 800
663 801
664 801
664 802
665 802
665 803
666 803
666 804
676 804
676 805
677 805
677 806
682 806
682 807
683 807
683 808
684 808
684 813
686 813
686 816
689 816
689 817
691 817
691 820
693 820
693 821
694 821
694 822
695 822
695 824
696 824
696 825
697 825
697 829
698 829
698 831
699 831
699 832
703 832
703 833
715 833
715 834
723 834
723 835
729 835
729 837
731 837
731 842
732 842
732 843
734 843
734 845
743 845
743 847
745 847
745 848
749 848
749 851
750 851
750 852
755 852
755 853
757 853
757 854
766 854
766 863
769 863
769 864
771 864
771 868
772 868
772 869
776 869
776 871
780 871
780 873
782 873
782 875
786 875
786 876
788 876
788 877
790 877
790 879
795 879
795 881
796 881
796 883
797 883
797 887
799 887
799 890
801 890
801 891
803 891
803 892
804 892
804 893
805 893
805 894
818 894
818 896
823 896
823 899
830 899
830 901
833 901
833 902
834 902
834 907
840 907
840 908
841 908
841 912
850 912
850 913
851 913
851 914
853 914
853 915
859 915
859 916
861 916
861 917
862 917
862 918
873 918
873 919
874 919
874 921
875 921
875 922
882 922
882 924
884 924
884 925
889 925
889 926
892 926
892 929
894 929
894 930
902 930
902 931
911 931
911 935
921 935
921 936
922 936
922 938
923 938
923 940
926 940
926 942
930 942
930 943
932 943
932 946
933 946
933 947
934 947
934 948
935 948
935 950
938 950
938 959
939 959
939 963
942 963
942 967
943 967
943 968
944 968
944 969
947 969
947 971
948 971
948 972
954 972
954 973
956 973
956 974
957 974
957 978
958 978
958 979
960 979
960 980
961 980
961 982
962 982
962 984
972 984
972 987
973 987
973 989
988 989
988 990
989 990
989 991
990 991
990 992
995 992
995 994
996 994
996 997
997 997
997 998
999 998
