98521
0 7
1 7
1 10
2 10
2 12
3 12
3 13
8 13
8 14
9 14
9 15
12 15
12 18
17 18
17 23
18 23
18 25
20 25
20 27
21 27
21 29
22 29
22 30
28 30
28 31
33 31
33 33
34 33
34 37
35 37
35 38
36 38
36 40
37 40
37 41
38 41
38 42
40 42
40 44
41 44
41 45
42 45
42 47
43 47
43 48
44 48
44 51
45 51
45 53
46 53
46 63
47 63
47 67
48 67
48 73
49 73
49 76
50 76
50 77
51 77
51 78
52 78
52 87
54 87
54 92
55 92
55 96
56 96
56 98
58 98
58 99
60 99
60 100
62 100
62 105
63 105
63 106
64 106
64 109
67 109
67 110
71 110
71 112
72 112
72 119
73 119
73 121
74 121
74 123
75 123
75 129
76 129
76 131
80 131
80 134
84 134
84 136
85 136
85 141
88 141
88 142
90 142
90 143
99 143
99 144
100 144
100 145
104 145
104 148
105 148
105 149
106 149
106 150
107 150
107 153
108 153
108 160
110 160
110 161
112 161
112 162
113 162
113 173
116 173
116 176
123 176
123 177
126 177
126 180
128 180
128 182
129 182
129 184
131 184
131 185
133 185
133 187
140 187
140 188
144 188
144 190
145 190
145 191
147 191
147 192
149 192
149 194
154 194
154 195
155 195
155 197
160 197
160 198
162 198
162 201
169 201
169 202
171 202
171 203
178 203
178 205
180 205
180 208
181 208
181 209
182 209
182 215
184 215
184 216
188 216
188 217
189 217
189 220
192 220
192 223
195 223
195 230
196 230
196 240
198 240
198 241
199 241
199 242
204 242
204 245
208 245
208 246
209 246
209 248
215 248
215 252
216 252
216 254
219 254
219 257
221 257
221 258
222 258
222 259
223 259
223 262
224 262
224 263
231 263
231 264
237 264
237 265
238 265
238 272
248 272
248 274
250 274
250 275
252 275
252 276
253 276
253 277
256 277
256 278
257 278
257 279
258 279
258 280
259 280
259 282
260 282
260 284
261 284
261 285
262 285
262 287
264 287
264 289
265 289
265 291
267 291
267 298
268 298
268 299
270 299
270 300
271 300
271 301
277 301
277 303
283 303
283 304
290 304
290 308
291 308
291 310
292 310
292 311
305 311
305 315
306 315
306 316
308 316
308 317
309 317
309 319
312 319
312 320
313 320
313 321
315 321
315 325
316 325
316 326
317 326
317 327
318 327
318 330
319 330
319 331
320 331
320 333
321 333
321 334
322 334
322 335
323 335
323 337
329 337
329 338
333 338
333 339
335 339
335 340
336 340
336 341
337 341
337 343
341 343
341 345
342 345
342 347
344 347
344 348
345 348
345 352
346 352
346 353
349 353
349 357
350 357
350 359
354 359
354 360
358 360
358 362
359 362
359 364
362 364
362 367
363 367
363 371
364 371
364 375
365 375
365 376
368 376
368 383
370 383
370 389
371 389
371 393
373 393
373 395
374 395
374 396
380 396
380 397
385 397
385 398
389 398
389 400
390 400
390 401
391 401
391 404
392 404
392 407
396 407
396 408
397 408
397 409
399 409
399 411
400 411
400 412
402 412
402 413
407 413
407 415
414 415
414 417
416 417
416 418
418 418
418 419
419 419
419 420
420 420
420 430
421 430
421 431
422 431
422 432
424 432
424 434
428 434
428 436
431 436
431 437
433 437
433 445
434 445
434 446
435 446
435 447
437 447
437 448
438 448
438 452
445 452
445 453
446 453
446 454
449 454
449 456
451 456
451 457
452 457
452 459
463 459
463 462
467 462
467 464
468 464
468 465
472 465
472 466
477 466
477 467
479 467
479 468
480 468
480 469
481 469
481 470
486 470
486 472
487 472
487 475
488 475
488 476
489 476
489 477
490 477
490 481
492 481
492 483
496 483
496 484
498 484
498 485
499 485
499 487
500 487
500 488
504 488
504 489
509 489
509 491
510 491
510 493
511 493
511 496
512 496
512 497
513 497
513 500
515 500
515 503
518 503
518 504
519 504
519 505
520 505
520 508
526 508
526 511
530 511
530 513
533 513
533 514
534 514
534 515
539 515
539 516
544 516
544 517
553 517
553 518
564 518
564 523
565 523
565 525
569 525
569 526
570 526
570 528
572 528
572 529
576 529
576 530
577 530
577 533
581 533
581 536
582 536
582 539
583 539
583 542
585 542
585 543
586 543
586 548
587 548
587 550
591 550
591 551
592 551
592 552
595 552
595 553
596 553
596 554
598 554
598 555
599 555
599 557
601 557
601 567
602 567
602 570
603 570
603 572
604 572
604 573
606 573
606 580
607 580
607 585
608 585
608 586
611 586
611 587
612 587
612 588
614 588
614 589
618 589
618 590
621 590
621 591
622 591
622 594
624 594
624 596
625 596
625 604
626 604
626 605
629 605
629 606
630 606
630 607
632 607
632 608
633 608
633 610
634 610
634 611
635 611
635 614
640 614
640 616
644 616
644 618
646 618
646 620
653 620
653 622
655 622
655 623
659 623
659 624
663 624
663 625
668 625
668 627
676 627
676 628
678 628
678 629
679 629
679 630
681 630
681 632
686 632
686 633
687 633
687 635
689 635
689 636
691 636
691 639
693 639
693 640
695 640
695 642
698 642
698 644
700 644
700 645
701 645
701 646
704 646
704 648
710 648
710 649
716 649
716 650
717 650
717 655
718 655
718 657
719 657
719 658
725 658
725 660
726 660
726 661
727 661
727 663
734 663
734 666
735 666
735 667
737 667
737 668
739 668
739 672
742 672
742 674
744 674
744 680
745 680
745 682
746 682
746 687
747 687
747 688
748 688
748 689
749 689
749 694
750 694
750 695
751 695
751 696
755 696
755 698
756 698
756 704
758 704
758 706
762 706
762 708
769 708
769 709
770 709
770 712
773 712
773 716
774 716
774 717
776 717
776 720
777 720
777 722
778 722
778 726
779 726
779 729
786 729
786 730
788 730
788 731
790 731
790 732
791 732
791 733
795 733
795 734
796 734
796 736
797 736
797 737
801 737
801 742
803 742
803 745
805 745
805 747
806 747
806 748
809 748
809 751
810 751
810 754
811 754
811 757
812 757
812 758
814 758
814 760
816 760
816 761
818 761
818 765
829 765
829 766
830 766
830 768
832 768
832 769
835 769
835 771
836 771
836 772
838 772
838 773
840 773
840 774
843 774
843 775
844 775
844 776
845 776
845 777
848 777
848 778
855 778
855 779
856 779
856 785
858 785
858 793
859 793
859 795
860 795
860 799
861 799
861 804
862 804
862 806
863 806
863 808
864 808
864 817
866 817
866 818
868 818
868 819
869 819
869 821
871 821
871 822
874 822
874 825
878 825
878 828
879 828
879 829
880 829
880 830
882 830
882 833
886 833
886 834
889 834
889 835
891 835
891 838
892 838
892 839
893 839
893 844
894 844
894 845
895 845
895 847
897 847
897 849
900 849
900 851
901 851
901 856
902 856
902 860
906 860
906 861
907 861
907 862
909 862
909 864
912 864
912 868
913 868
913 870
915 870
915 872
916 872
916 873
918 873
918 874
920 874
920 875
927 875
927 876
928 876
928 877
929 877
929 880
935 880
935 894
936 894
936 901
937 901
937 903
939 903
939 905
940 905
940 907
943 907
943 911
944 911
944 914
945 914
945 921
947 921
947 922
948 922
948 928
955 928
955 929
958 929
958 931
962 931
962 935
966 935
966 937
970 937
970 938
971 938
971 940
973 940
973 950
977 950
977 952
978 952
978 959
979 959
979 960
980 960
980 964
981 964
981 970
983 970
983 975
986 975
986 982
987 982
987 988
989 988
989 991
990 991
990 992
995 992
995 994
997 994
997 995
999 995
