50 50
0 -91 -10 -77 73 20 -67 86 90 22 85 -95 -45 45 38 -11 23 10 -63 81 71 66 -14 -51 -32 46 55 -15 -90 -30 -55 -21 39 -36 -82 78 -37 83 -77 15 -83 56 -29 -49 49 -39 -5 -83 42 -13
90 4 35 37 -73 -50 -61 58 62 15 -40 43 71 -71 -33 -49 30 -18 -42 -10 40 -87 -94 59 -26 11 14 -74 -22 -70 81 -65 61 -93 -59 13 47 44 95 9 -70 -42 -32 -54 -38 -84 36 4 74 -44
-42 40 64 10 68 -42 -32 -9 -81 -16 36 10 -4 -65 75 15 -52 17 63 -23 -29 46 -14 -54 -24 -73 95 43 8 76 -76 -38 -77 56 -74 -56 34 51 -37 -21 -77 10 -21 31 -76 75 -54 -20 91 44
-3 -61 -24 -79 -77 66 66 -33 -17 56 7 68 70 82 68 44 34 46 -76 41 18 86 92 28 30 -69 -83 -26 -25 -28 29 34 68 -29 38 34 -28 93 5 -86 99 84 59 -2 -89 85 18 -52 -86 -17
-34 -66 -61 40 55 60 -69 66 51 -87 66 24 -78 -58 80 -55 -11 49 -42 82 -27 -19 -75 85 -78 9 -4 -74 18 52 -88 21 3 -77 12 -63 43 5 -60 -32 80 13 67 -86 -70 32 52 -95 40 -36
-61 84 -75 46 68 17 -80 -30 66 39 -39 -27 84 1 -50 -98 60 -54 36 -6 30 76 14 38 97 -77 30 82 86 20 63 -86 -82 -96 7 -23 9 -24 40 38 -66 71 19 -40 20 24 59 -82 45 3
17 -5 -15 -62 -31 78 85 -39 -23 65 83 45 32 75 25 -81 -56 -72 39 35 44 -34 69 -51 -17 23 13 85 -29 -78 49 -75 40 5 -72 35 -9 -50 16 -84 44 -54 37 38 -18 -46 -3 -72 -15 82
-67 -92 58 -69 4 49 -6 3 17 78 -70 -4 42 -100 74 60 90 11 67 -52 -5 61 41 -28 0 -64 -1 84 4 73 12 -77 -67 -14 81 91 29 -33 -30 -34 45 -23 65 -9 76 -27 -85 -70 29 93
26 29 38 -15 -45 82 -68 -56 -87 11 -26 -14 -17 -51 92 -95 -60 54 -82 8 -65 26 -32 17 57 -23 21 5 36 -99 -43 94 11 -27 32 -8 50 69 11 -39 -82 94 -12 76 33 15 69 -16 12 -20
-31 -8 33 -29 30 77 73 -13 60 97 22 -15 -36 87 22 46 -60 7 -57 -13 40 8 -8 -85 -42 -29 29 -33 35 27 89 21 89 -99 -77 -17 80 77 66 100 91 98 74 -91 -49 39 -98 1 -31 48
-27 -51 66 26 75 81 38 -57 48 88 -23 -96 -67 -49 44 -6 -38 -23 -94 -73 81 22 94 -37 26 -21 31 5 50 -67 14 93 -4 22 -16 9 -30 82 68 62 51 -75 -30 100 99 -93 64 76 -30 -9
-74 16 -54 96 -11 -45 7 -95 -26 55 -65 -59 -44 91 54 71 -68 64 19 -41 -2 -90 -40 56 -32 -74 93 27 -31 28 -69 -80 31 12 0 -56 48 -69 38 25 -43 -99 99 -84 -12 -69 13 78 47 -30
-25 -37 56 1 17 -8 -76 -43 95 93 67 39 -71 -82 -49 -98 60 -22 -58 -87 -47 73 23 -16 75 77 -54 -10 -40 38 100 -7 -19 -3 -58 57 69 75 51 -7 64 8 -41 -17 -22 -5 -60 -100 15 -2
24 -5 14 -39 32 -28 45 63 18 -85 -100 8 -5 -32 27 -62 -94 22 84 46 -4 58 -8 -65 -41 -8 -62 53 -40 18 -54 11 66 -69 55 84 34 -16 36 76 -66 45 -52 -8 64 42 54 -7 -62 48
-27 79 17 -62 73 47 -67 -84 78 -18 54 -6 23 -95 30 7 -3 -87 68 26 12 -1 6 82 53 63 -5 8 76 -32 -45 22 -22 14 -45 -28 59 -13 -82 -41 82 8 4 -55 -2 14 -80 10 -80 -47
64 1 90 1 52 26 68 30 90 -40 -69 84 -21 -31 59 79 80 28 -64 -23 -8 85 32 -5 -27 91 -7 -63 38 61 33 -43 71 -6 -69 -32 27 50 8 45 -24 51 16 34 -13 28 11 3 -50 16
-28 64 40 14 -10 89 72 17 43 44 -44 -70 61 16 77 -76 -57 84 12 -45 -90 -64 -80 56 -44 35 85 75 70 -46 -30 -67 18 -28 62 -16 -97 73 46 70 82 -5 31 52 -81 60 91 -57 66 -52
-36 -94 96 -63 61 -55 -65 -69 -53 -82 -67 10 36 30 -54 83 -70 43 0 98 -69 86 95 -49 21 0 -88 60 -82 -59 16 -78 -98 -19 98 31 38 -45 -2 13 -77 -5 -94 -64 7 21 94 8 -16 -4
-24 57 -75 86 -33 -88 65 6 -76 17 68 -19 -86 -96 -7 46 21 46 -69 -74 67 -90 90 27 -81 -37 100 -36 -27 35 32 13 93 -22 -42 26 62 -21 -10 -77 -86 72 90 -65 38 84 30 36 97 34
35 92 -69 65 -51 -12 0 5 -21 12 7 6 -79 -38 4 -87 -21 -37 76 -78 -98 89 88 -68 -14 40 18 50 50 -19 -22 -61 39 31 23 -80 -55 75 34 -24 -61 -15 -80 25 2 41 -76 -44 69 -38
-9 12 17 7 -20 -17 -90 -70 42 87 67 9 -14 37 68 -6 -13 -18 16 -22 78 -7 -35 -74 -1 -68 -17 59 98 85 70 -62 93 85 -75 -100 -58 34 -59 -74 39 -53 45 85 -74 -54 2 85 -32 19
20 72 -4 37 81 6 33 48 26 91 33 25 32 -20 53 -82 -60 -96 77 -37 -85 -22 44 17 34 90 47 -63 -47 -89 93 82 36 -33 74 -27 100 36 74 -59 -24 -54 42 93 -14 62 -56 -96 79 17
7 2 11 -86 -88 59 72 1 -36 -35 -62 -78 -42 57 -76 -95 -82 -70 32 53 -33 -46 25 -5 -39 48 49 -10 -88 79 -69 55 53 -59 1 12 76 -64 -2 73 62 41 -83 16 -13 61 81 -32 15 48
-16 -92 45 -99 -5 9 -15 -72 -100 -73 -68 14 9 66 6 -64 -46 -3 -58 -72 -32 96 -48 30 4 81 -58 -31 -18 44 -28 -11 50 -48 95 39 21 -97 92 56 -51 65 78 -80 62 -66 -1 -54 -24 45
-76 25 -21 -17 81 26 2 -94 10 34 82 38 53 -67 63 -25 8 24 -92 48 29 -17 -31 81 54 86 81 -35 -54 -96 33 -20 -92 -36 59 -9 -25 99 -58 95 57 1 -27 -84 73 84 -41 91 -64 -84
50 -96 -62 86 -7 -27 -99 85 72 -38 -85 -87 -66 -71 -63 -50 -96 99 -49 -23 82 68 -97 -69 79 -53 9 -9 34 -8 40 -91 2 19 -93 -20 60 50 -2 91 -48 -82 -67 41 45 -20 -100 -58 1 54
-51 -44 -75 -49 100 14 50 38 -2 78 -5 1 -31 28 -15 56 37 34 47 66 -54 67 -98 -88 -62 -90 -40 -3 -22 87 25 78 73 92 11 1 -59 3 -1 -90 -96 9 79 -49 -42 85 -33 -16 -73 -14
22 90 67 -24 82 -70 -33 -4 -32 -18 0 79 97 16 -82 -49 41 -71 96 32 -63 -72 30 -56 -40 -81 -90 -82 62 -18 55 -61 -89 56 100 15 69 5 76 -36 56 99 -11 43 19 -4 -19 90 -89 -90
36 29 -23 -66 -63 -41 48 -34 -24 48 -8 67 52 -49 -42 92 -68 44 26 85 -96 -14 32 98 -36 -2 -22 82 -56 12 76 89 1 21 -90 72 -45 -12 66 -78 77 10 -50 -89 62 6 13 -49 63 -18
70 60 -80 39 -40 17 -9 -91 -45 74 -83 -71 64 13 -100 -16 40 -55 -25 57 -10 -14 21 49 68 -99 70 10 -23 -47 38 -4 -89 -37 -40 93 -53 97 -30 25 -15 68 -78 94 53 -94 93 81 10 -49
-57 -59 -16 88 -7 39 79 17 76 44 82 -29 89 76 -27 69 4 20 -56 20 -55 -33 28 18 -53 13 -14 41 54 -93 -89 100 -58 50 -88 -23 61 -24 56 45 16 29 -96 12 50 -75 40 96 10 -54
-64 -22 -52 -25 -35 -38 18 49 -13 -91 -6 -97 -66 -11 65 -35 12 -38 -63 40 83 97 25 -9 80 -61 52 79 29 0 -99 76 -28 -94 5 -79 17 -13 74 -13 -59 -40 33 81 42 -46 -23 -47 -49 3
-18 96 -19 -45 -29 -46 61 35 -45 30 7 67 -59 24 -37 24 -47 -30 -52 -82 -95 -38 -4 -82 -78 100 45 48 -54 60 -28 6 98 -29 -7 -32 -57 -9 -42 81 -16 -76 25 53 -45 -83 -17 -33 -11 39
21 9 -18 55 38 -26 89 87 37 64 63 -50 -43 -31 -75 -1 -25 -58 52 82 25 7 -64 0 27 -64 59 9 21 11 90 31 -59 -30 39 81 -64 8 81 39 21 -89 -13 -14 -35 -54 -35 89 34 91
-96 -7 -76 -54 3 -80 63 6 80 35 -30 -18 -98 -78 -45 -57 -26 1 67 95 14 92 -22 -45 94 34 -77 -87 -6 12 -82 100 -17 67 -58 80 -79 -6 88 -62 13 -39 65 63 90 -25 -59 -65 58 74
-13 64 72 28 -74 92 -94 -38 11 -50 -22 80 48 21 -97 31 -80 -99 82 22 14 52 31 -99 8 56 51 26 92 -11 -57 35 74 93 -30 -63 27 -58 -72 -15 47 99 -48 -20 45 -87 55 -19 -34 50
-24 -51 3 19 -26 79 -28 94 85 86 -47 18 86 47 -80 -19 30 16 98 -74 -75 88 7 86 4 -20 26 5 -17 91 -12 70 63 98 -49 33 -57 25 35 60 -29 89 8 -26 -77 -76 52 66 71 -79
38 40 -44 4 32 -79 67 94 39 66 -14 100 -94 -79 20 85 30 -15 -84 -66 70 88 -29 94 87 25 45 -28 -47 -17 59 10 88 -69 -34 35 -56 24 -11 40 -67 31 46 82 83 67 -8 39 -95 -18
78 -64 78 -31 -23 95 39 82 88 67 -12 -44 -95 45 -39 -90 88 66 -22 94 99 31 -76 94 -55 -23 77 39 15 -88 56 56 -99 -10 72 -79 10 -62 78 69 67 -56 40 -90 -60 -44 -41 -79 -10 2
67 -44 47 -20 -6 70 -65 68 40 53 52 -43 59 89 -98 -66 94 81 -25 -37 62 -37 -52 -10 -20 -9 64 -7 59 62 -99 96 -41 -72 12 -92 15 -70 52 -6 98 72 -11 25 93 -67 -3 59 -30 77
56 -92 96 -33 -12 -38 12 23 52 -75 -2 19 -75 60 89 -29 -94 -75 -38 -5 -16 41 -96 16 -12 30 92 79 60 -28 -79 43 84 4 -95 93 -10 74 -93 16 38 26 -62 -78 -71 50 -97 91 32 3
31 -40 -84 86 -67 36 72 -36 16 -4 39 93 -97 84 32 10 42 99 -61 -42 16 91 73 72 51 14 98 31 -17 -7 50 -9 -22 -10 20 13 -20 -35 89 23 58 93 88 12 -84 -36 48 69 -51 -93
-33 -8 -66 2 -93 -59 0 45 -87 -2 -32 -31 17 -14 -90 18 -33 -20 28 3 -20 -37 73 97 -48 -62 92 -89 40 49 71 93 -70 -48 73 24 6 32 48 85 -81 24 11 -79 -89 -52 7 56 -86 -58
-16 12 -60 91 -72 79 76 -63 95 25 13 35 81 -66 96 -40 -76 -14 -79 -20 93 44 -33 1 -94 -56 -76 -29 73 -53 -94 9 96 -87 79 -97 9 47 7 -15 -32 -65 -1 -46 -99 -42 -18 17 -18 70
28 61 79 7 11 -71 12 68 -91 10 -54 -45 8 45 -61 -65 -97 -60 -56 69 86 16 27 -27 13 69 15 -59 26 -100 -17 -6 11 -17 -50 -41 -38 -42 20 -43 -49 16 95 -63 69 6 -21 67 -2 79
-6 -88 -31 -46 -22 -24 54 93 -14 13 39 -82 29 -41 80 -13 58 -9 -94 28 -39 72 21 83 -90 -72 71 -38 30 61 19 100 34 99 20 27 43 -62 -61 -40 1 -39 -19 -20 100 -68 -93 52 94 94
71 47 63 24 -11 -18 -91 82 72 -37 -37 -37 -89 80 67 10 -63 -37 -61 -36 36 -91 91 81 0 -52 27 -81 22 -73 31 -53 32 87 -43 -40 -45 -83 -81 81 37 48 34 -93 -40 47 44 14 15 -24
-59 -34 18 -17 71 3 -16 66 -55 -14 10 72 -96 -95 -36 95 98 3 -90 -82 -40 -42 -68 -83 59 99 -30 -48 -74 -20 55 -14 78 42 -54 2 65 -48 -16 -8 91 -48 -53 -51 -53 -40 -40 95 30 9
-99 80 64 80 -63 -74 63 -80 41 100 31 -13 -26 -18 92 -64 -54 36 42 25 -69 75 -66 -99 -57 23 55 67 -56 79 69 9 57 -7 -91 2 69 -54 73 -63 -13 -49 -92 88 54 -19 -70 -71 46 -98
83 61 41 20 83 25 66 66 54 95 -20 -91 75 75 22 -29 78 -66 -46 80 -35 55 9 27 -45 -30 -13 -45 65 67 1 -80 -84 15 0 98 97 89 56 86 -36 -84 -83 -29 -9 92 43 -44 53 0
