50 50
0 -34 -70 90 -80 80 50 43 34 -61 1 85 -90 -74 47 -22 -62 -24 57 -56 95 -67 47 -78 53 98 21 47 -89 -78 88 -56 100 87 -16 -72 50 52 -72 -46 -64 8 -31 97 81 36 93 -96 41 -9
21 67 -41 -73 -83 50 -99 76 99 8 53 -21 87 21 89 -62 78 99 11 95 -20 80 -50 52 -5 -36 -60 -10 56 13 64 11 34 98 11 -32 -24 33 -76 3 -1 -66 -70 -44 64 41 96 -15 -36 50
81 -99 -34 9 64 -9 -93 76 11 -55 83 -97 -93 79 23 -39 12 -17 -44 -16 -61 -13 -26 65 -32 10 -57 -17 75 -56 -69 -30 53 -88 -22 -13 21 78 -73 69 -9 75 -93 -73 -14 -85 -92 -39 -54 -91
-66 -35 22 -27 96 -94 81 -9 13 34 99 -29 -45 -87 52 -66 -90 85 68 -27 -75 9 43 -88 3 40 -81 25 92 -8 62 75 60 38 -4 -56 46 12 -72 -62 36 -80 -72 78 -78 56 -46 -74 41 -33
-72 10 10 -62 70 -2 -86 -96 -68 10 51 -28 -98 -95 17 -63 98 -40 50 29 -42 -54 82 -19 -59 7 -58 -54 86 -55 55 -56 -31 -25 35 -76 69 -8 86 -9 -73 -6 -15 1 75 -74 66 -10 -28 -13
-75 99 -54 -3 -88 50 -16 -46 94 -24 -37 13 -67 39 -87 26 -93 -69 -50 -98 -73 6 59 58 37 61 -39 -24 -76 -95 5 72 -61 62 -51 -3 -14 69 11 -71 70 15 -36 -75 22 -20 -4 -80 14 64
-34 -86 -61 -51 73 15 76 -31 92 -99 19 -32 71 27 -26 -9 -11 88 -40 31 83 2 -4 7 -18 -28 27 -28 -69 -55 -60 -55 -72 -27 45 -4 -62 20 -31 84 46 9 79 27 -64 -45 97 25 -14 -32
36 -34 -60 -27 -26 8 22 53 10 -26 87 11 44 48 -72 30 -94 22 46 46 -48 -31 -6 -8 86 50 20 39 -6 96 -7 -21 -6 -49 -68 -74 65 -98 48 89 35 33 -98 -34 91 -3 -34 72 -95 -90
86 62 22 -3 -90 -64 30 53 -49 81 -42 -26 -49 66 77 73 -39 -73 -36 37 -76 16 24 90 85 95 25 44 -36 -40 96 85 62 88 -48 -91 42 -26 53 40 38 -28 20 40 -25 36 -51 -45 86 49
72 96 -20 86 -21 93 -79 -97 -59 73 -82 -58 -67 -9 -48 -71 -10 22 -96 -45 46 39 -82 55 8 79 -53 75 -21 -9 5 78 -81 -36 94 50 -49 97 35 13 60 -91 7 88 77 65 -22 84 74 58
-59 76 -31 83 77 45 44 71 -69 99 57 12 73 83 20 44 39 27 -15 48 -7 19 -82 63 31 -21 -82 1 34 40 -61 -35 27 -25 -37 -88 -26 -85 59 -59 -27 -21 -21 -63 -38 14 -79 94 45 -3
62 -41 -46 -41 -26 14 -5 -65 9 -30 -100 -36 -36 -29 -51 -69 50 26 5 100 -65 40 59 100 78 13 52 17 73 -54 21 -33 10 -37 29 22 -89 -99 -75 33 -25 4 -85 57 -85 44 -69 23 9 29
40 81 60 73 48 -34 2 9 95 -33 78 -79 -8 -9 -9 59 11 49 -52 98 30 -90 -44 -17 69 96 -57 67 -35 18 94 45 16 -27 59 73 8 14 89 85 -64 45 81 -97 -45 -64 7 -5 -41 -11
-94 -33 -69 -29 -39 93 -40 -22 18 -44 -77 -94 -20 -11 91 -2 18 -16 52 -57 -71 -8 44 -11 -35 7 43 -60 -33 -9 -58 73 -1 90 -44 75 -76 51 -4 100 60 -16 -31 99 80 -83 -88 81 -93 69
-31 3 -57 -26 8 82 -80 72 -95 -53 7 -32 25 64 -84 60 10 -83 69 43 -80 66 64 27 -83 -45 72 -98 1 -99 32 2 -91 -90 95 65 -94 7 -73 32 -42 46 -89 -22 80 11 -25 -59 -27 -26
-58 -84 -15 8 -77 60 69 78 -54 76 22 -64 20 12 -12 -94 3 76 5 49 -30 63 -66 -1 -91 91 -95 48 -89 -99 8 -65 -99 -22 72 -83 -71 42 -90 63 30 48 -18 81 64 75 -43 -36 93 18
-55 82 60 -18 89 -89 13 -12 -42 69 86 77 7 -56 -18 -91 15 42 -42 -26 29 92 -66 -27 -89 29 -40 21 -92 -44 -80 -59 63 8 -66 -23 81 79 11 -34 15 30 39 -45 17 -35 35 18 -35 -77
91 24 -15 -50 55 -64 96 -43 58 70 -90 -67 -2 -60 84 36 -81 81 -55 -79 26 49 -71 -32 -54 98 -23 -85 17 -7 -60 18 -10 98 30 -33 -34 -85 -80 31 -13 37 80 -34 -23 -7 -11 -12 20 -54
-93 -49 -22 57 80 -59 -76 -91 -38 -22 -1 84 -11 -24 48 17 -15 -2 -75 15 -5 -93 32 -34 -44 -37 68 -40 -27 10 -57 92 -20 14 60 -43 88 38 -3 -8 72 0 7 -92 -35 -86 -2 96 26 -50
-28 29 37 81 71 88 0 -11 85 -48 67 14 18 13 -79 27 -29 -58 -69 -2 21 -63 100 22 33 -84 -13 -3 -12 7 -64 15 -11 90 -72 68 17 9 14 -45 63 -11 -55 -22 -35 48 91 -84 32 -84
63 33 59 24 -76 18 -70 -21 66 -41 18 -58 25 -66 -58 53 91 47 77 13 -38 49 19 -10 -83 -93 32 17 -23 -22 -60 64 -2 -88 -51 38 -76 29 11 83 34 -16 40 94 8 94 -58 -33 58 13
6 18 -19 -19 72 43 -62 9 -40 3 16 -13 -78 -3 6 -75 44 -75 10 -42 78 -26 25 -71 -21 -100 -22 -54 -49 32 68 -87 -8 59 -11 27 -83 87 60 -62 42 -70 -16 -24 14 -36 -33 65 78 -26
44 85 -89 0 -62 38 -20 37 66 -82 82 -73 -31 36 9 54 -54 39 -19 81 -75 9 -98 9 -42 -9 -1 -8 69 18 -52 72 -76 -51 -72 -37 37 84 -1 20 62 -39 -37 -18 28 57 82 -47 84 -27
18 -82 85 4 -60 -71 -37 56 19 10 -87 1 1 46 5 66 -80 -1 -46 39 96 -23 10 5 -24 -53 18 -50 34 -47 15 26 26 -76 -6 -47 7 53 -83 -60 -63 -89 -15 21 -69 54 -74 3 11 13
82 12 48 -82 52 3 37 -92 -79 -35 -63 -11 -59 44 35 -88 -30 19 36 12 39 78 34 -96 -23 16 6 -20 -59 64 -15 99 37 -41 12 11 28 95 95 -50 -39 57 22 57 90 -9 -21 45 18 62
-14 -76 -9 -55 86 24 88 49 -71 9 4 44 30 -41 -85 7 13 29 -40 -68 -30 -14 73 37 93 3 -96 -37 54 -21 67 -89 -2 -43 36 1 -91 78 40 27 -86 -80 69 83 -21 84 24 61 84 52
36 14 -38 58 100 -81 -12 28 -54 13 -11 91 -42 -42 -88 67 -39 99 46 7 2 -24 23 -90 15 -3 59 -94 -98 63 28 -72 -75 40 52 1 95 68 -70 -71 -71 -48 -76 17 52 -88 -87 -50 -19 -26
71 21 23 -21 24 -79 -51 57 -50 73 -33 -95 -90 -45 57 -38 24 -6 79 -41 -22 67 80 30 20 -89 -92 -5 81 20 -27 31 -36 -70 54 79 -37 -17 -22 -43 90 -75 74 -39 -70 98 47 74 -96 -3
53 -84 12 45 -59 2 66 -13 99 -58 -42 36 -46 15 28 -67 -61 -34 -67 52 31 99 -15 -96 98 92 -93 -11 21 -95 -8 2 -27 -23 76 64 -22 -17 80 17 -53 -85 -13 -16 -16 -9 -56 14 -84 -83
-13 22 -34 -5 70 40 89 -63 -19 -52 25 73 -28 -66 -92 -22 57 46 68 -91 -89 99 -20 -14 96 77 46 20 -33 33 89 -13 -61 -71 26 43 15 83 42 69 42 -16 -95 -72 -46 -14 -85 39 -15 92
-75 23 43 14 79 -10 26 -33 -53 -12 19 -19 -68 33 -96 -70 -27 -74 -5 12 90 -75 93 -97 64 -14 -16 -51 15 -20 -10 -60 -88 -32 2 64 2 49 -55 -78 85 -53 86 80 70 -52 63 -83 50 -57
-15 63 68 1 54 2 54 -67 -36 96 81 38 -85 -76 42 77 49 57 3 10 -32 71 20 11 -31 72 -50 34 76 46 -24 -96 29 -10 55 74 -9 77 -17 6 -34 83 -60 -89 81 14 -87 37 -48 19
-35 -48 -97 -27 -17 20 16 -7 38 95 6 -2 -71 73 -56 -62 99 -10 -84 19 -94 -53 -30 -90 0 -38 -78 46 36 25 34 -43 -94 69 -73 -15 -4 -36 61 -8 22 -78 32 60 -28 -41 28 46 1 -48
-80 -21 89 10 -83 -2 -21 -27 2 20 -93 84 12 -43 26 -89 93 94 58 20 -56 -88 -5 81 31 -86 56 70 -73 64 33 45 -18 -63 -81 -35 -18 -76 -53 16 -92 45 50 -55 10 57 11 12 -15 -45
88 98 94 93 -64 -50 -16 -82 25 2 -21 -20 16 42 69 -62 54 32 -12 96 -42 -3 -15 37 -3 -12 -77 -51 -89 51 6 43 -40 46 -92 -35 -70 -80 92 -7 -1 -95 -86 16 71 -96 32 7 -54 -43
51 -46 -23 72 22 -20 2 -38 -96 16 -8 64 76 -95 -100 45 81 13 -100 -20 57 -22 34 63 -80 63 81 -78 3 -67 2 21 38 -95 -36 -30 68 -24 -41 -53 37 83 61 -72 -62 -100 -4 -82 98 63
-11 23 48 78 -29 -26 -85 62 -65 25 63 15 45 -96 100 70 -36 -37 -80 -26 -53 67 6 -54 92 -99 -26 -70 -51 -15 92 94 -48 -39 -42 -59 -40 -86 -62 -23 -30 38 -40 9 -68 21 98 35 -26 94
-77 24 100 95 -64 -89 -38 90 -6 72 -13 10 -46 -40 9 49 -96 -46 60 -70 -29 94 -64 4 -95 30 -78 1 44 5 -94 97 -20 -73 34 -20 1 31 -31 4 -7 94 -35 -45 -43 -17 -77 8 22 -97
-20 -39 72 49 96 98 78 -94 0 5 -79 -8 -42 87 89 -57 100 -67 93 -39 -7 -18 8 6 65 -100 -59 23 -71 35 12 52 -34 -79 24 32 -89 -95 -63 49 70 -40 -76 -26 72 -60 -38 -58 61 90
2 36 -10 -47 -84 -41 -4 -64 -57 -25 -3 -6 -2 -57 -64 73 83 64 -46 -25 -33 94 72 37 48 -9 -8 -37 15 80 -78 66 -85 99 -11 40 92 -74 -42 -19 -89 88 0 -56 29 -34 -71 -8 46 99
-45 90 -53 66 33 -18 -14 72 99 16 66 31 -81 -18 -56 50 97 -9 -14 85 61 -48 -67 14 -36 45 -56 12 68 63 -95 -47 -69 45 -41 18 0 64 -4 68 -58 47 -62 42 52 46 -21 90 64 19
-18 59 -19 43 8 -5 56 61 69 31 -19 2 36 21 86 73 22 -70 -5 -63 -10 -50 60 46 53 -27 -98 41 -16 41 -30 24 24 100 -6 55 61 95 -47 82 48 67 72 -49 -84 -92 -40 86 43 34
-39 -80 -88 11 54 -55 10 -38 53 -47 -39 -85 52 -31 61 70 10 -23 -47 -36 75 70 -59 74 -93 85 -65 -84 9 88 24 32 80 -84 -74 62 -66 40 -92 53 67 -76 -49 35 10 24 -38 -2 -92 33
-55 99 56 -35 -95 -63 56 -5 13 94 -93 -48 24 92 -26 62 -34 -63 -61 -70 8 94 -58 -19 37 80 29 99 86 -71 -99 -65 -82 -16 2 52 16 -62 -38 21 37 -25 43 90 -100 -15 18 76 -88 -98
12 -23 93 -49 -79 -32 98 43 -29 -55 -74 11 43 5 -62 -84 -40 -11 -97 -64 -34 100 -32 -26 -49 -77 -99 91 -77 5 53 -63 50 -42 -56 -67 97 96 -64 4 68 28 -65 70 -59 -57 95 59 -27 31
-43 11 -50 -95 18 73 83 -80 -99 -13 -34 18 29 -55 -89 76 41 66 89 14 -27 -93 -8 -15 -36 58 83 -39 -91 -89 70 -65 2 -73 -86 38 -63 1 -66 -61 -60 -50 -100 36 51 66 -2 -13 12 62
-81 -85 9 9 42 11 80 -81 2 76 21 54 -11 -12 -40 -34 86 58 -18 -46 -10 -94 96 -75 -94 24 -69 66 -62 68 -6 -10 -13 16 -78 53 99 -7 -32 -19 43 -50 -74 81 96 -73 86 50 -11 74
-38 71 49 48 16 19 -16 29 -23 84 64 -95 87 67 42 -23 32 82 48 -74 23 27 92 -56 -55 -63 -62 72 39 68 93 -48 57 20 -87 88 -71 -86 18 -93 37 44 -9 48 -72 -74 59 84 4 20
9 39 54 60 65 44 63 42 -74 -48 -4 -24 78 -70 -65 53 -51 -9 -75 -34 77 35 -5 -52 30 -46 -28 12 38 0 54 80 3 -59 -94 43 -99 -90 41 29 -21 7 12 69 -86 -82 78 -86 -87 85
84 23 61 -41 -68 -35 12 86 -13 56 98 40 24 63 41 -56 -89 -94 64 11 -90 8 -16 -25 -42 66 -67 54 42 3 -60 -66 9 78 37 65 -55 -100 -3 62 -45 2 -30 -4 13 9 24 72 10 0
