50 50
0 -9 87 83 10 5 87 1 96 68 -20 -88 -61 31 -4 -47 68 69 -42 14 -95 -70 88 -41 -91 26 -16 57 -3 -44 -54 51 -94 -74 81 44 -21 -93 -15 80 -68 -48 36 -70 93 14 -16 -50 -29 6
-5 19 -58 69 28 -5 -23 0 -17 -67 -32 -8 -95 98 -76 -64 10 9 -12 -93 57 79 -60 91 -97 -58 -9 58 -100 93 39 72 74 54 11 58 -69 4 98 95 3 55 52 49 32 -87 -2 96 -65 66
58 -87 -77 19 -51 -25 -47 20 39 39 -70 -82 42 31 -69 31 12 36 36 88 5 14 57 -52 3 58 88 -56 -10 -47 82 28 -15 -13 50 21 -3 89 45 -53 64 -82 -63 -98 -2 35 -72 -74 -37 -18
-39 -16 85 42 -1 65 46 60 32 8 -92 50 -83 48 -9 61 -92 -46 -54 21 -97 32 -76 -81 93 92 -73 92 -22 13 49 87 71 -67 42 72 70 -77 -58 81 -71 19 34 -7 -31 91 69 -32 12 42
40 46 -74 -41 21 -73 -30 24 -25 20 74 36 -14 -38 47 -35 -54 45 62 -67 -88 75 -98 71 5 -13 -58 64 29 -9 9 -6 -63 -4 13 84 -11 -32 -20 50 71 -58 -95 2 54 56 13 47 62 28
76 50 76 -67 -80 -13 -71 99 -4 0 31 -33 98 81 69 31 -59 -27 -44 -64 86 7 42 -86 95 13 24 33 -33 -8 -23 58 30 -84 -7 100 -83 -43 45 -82 -70 -34 56 26 62 57 4 -82 -15 67
-29 16 -60 20 -71 37 40 15 17 53 28 30 -55 -40 -73 -70 91 -34 18 -33 -42 -70 -95 -46 77 -99 -25 0 -7 -90 -80 -26 -39 81 41 -37 -75 -68 58 -24 -79 37 -6 95 66 66 -96 97 82 -91
66 95 99 35 -16 -43 -45 73 10 44 -64 -74 31 65 94 65 51 70 -16 -17 -10 44 -22 -63 28 36 79 -44 58 -35 -57 -5 75 47 -13 -88 91 -7 39 -71 85 -29 -10 -10 -71 81 41 -8 -83 -74
-81 -80 11 94 -77 41 59 59 51 21 2 100 68 76 -76 63 -42 37 53 -58 11 -68 6 -15 2 -80 20 -42 31 15 -4 -54 73 95 27 18 -17 -80 -41 -53 37 85 11 -14 16 -63 46 -75 -7 12
12 -43 44 11 25 -66 71 68 -34 -50 -28 11 -51 -47 70 62 46 70 -6 0 -85 35 33 55 57 41 42 -76 60 -33 -9 -5 -11 49 75 -44 -69 -91 -18 91 -66 -63 76 -57 -77 31 -21 17 24 71
-66 92 3 -7 94 82 -93 70 44 9 -88 91 49 -67 -31 24 -24 33 -89 -10 -73 -14 -87 23 -81 68 -78 -100 -69 13 90 -51 83 -88 -100 -7 -63 -82 83 17 -33 -91 9 -27 -3 -45 30 -36 -47 -7
-29 -37 -36 -8 89 -16 100 98 9 -96 23 -59 -46 33 -46 0 -82 92 -47 73 -25 -28 -71 -24 25 -53 64 31 71 -31 1 -93 -97 94 72 83 33 100 -38 69 -97 -53 97 70 25 62 60 42 -86 -2
-86 -46 90 18 84 -45 78 -22 24 62 -37 -34 -42 79 -89 73 63 16 97 -85 -9 -49 80 51 -22 -36 4 -34 -41 93 -53 13 98 64 2 -39 75 41 -76 -33 -80 -39 11 27 35 -89 46 -51 81 21
-58 -90 -72 32 19 -3 -24 55 6 -79 91 -62 50 -25 36 20 -10 -86 75 -51 -86 -94 8 -53 -60 -82 -8 -61 -7 -12 38 -24 89 14 10 -11 93 -96 -63 81 86 -16 -2 74 -12 36 72 -51 42 -37
9 -2 -71 -42 -36 54 85 -55 81 56 48 61 17 -34 -89 -100 10 72 -55 81 50 76 68 -8 35 -54 -40 -46 -71 61 -9 -38 -79 28 -6 62 -95 99 -30 44 -91 53 -83 66 -95 -60 60 -61 -83 35
-17 -15 -4 -65 41 -24 -40 -36 -33 4 85 16 66 -4 -28 -95 14 67 -66 -26 -38 -99 -69 -87 4 -32 60 -27 66 -40 66 -10 -58 -15 57 -79 -51 86 21 30 62 7 8 -64 34 -51 -18 85 88 16
11 76 -83 43 8 62 -29 87 -33 -23 -9 50 -41 75 -4 -53 37 -32 -81 16 -44 25 78 -61 -44 25 70 88 99 -22 -11 48 38 -35 15 57 51 -86 -54 -86 95 86 25 64 81 46 72 28 21 -36
99 -94 54 37 -65 -47 -50 -81 -62 66 -64 11 13 53 81 55 55 100 64 79 19 61 26 88 68 -38 -11 -85 -8 -52 28 -50 -3 -63 -90 -40 35 64 -48 11 -41 9 -32 -61 66 18 -80 33 -39 -80
43 -14 -33 72 -54 -44 94 -53 79 -36 -54 -72 -66 86 -17 -72 -80 -37 -37 4 73 8 61 -64 -82 -14 -54 46 -94 -15 47 -10 -83 100 -71 67 43 -83 56 -14 -49 -78 15 31 14 89 -60 44 -87 -29
-83 -40 70 -74 -36 4 85 99 93 -37 97 12 -2 -31 -38 -59 4 -52 27 -71 -90 28 26 30 -93 25 -65 38 45 -23 61 68 -79 -2 88 -86 22 34 -3 -70 -80 3 80 18 -13 -3 -74 16 -66 72
77 -13 44 -69 -51 60 27 67 -39 -27 -44 29 -32 -83 -38 -56 30 -24 -75 -49 75 -74 17 -23 68 -92 57 78 -73 -93 73 -4 -71 -9 -52 85 -8 -86 -100 -71 94 -45 -64 69 43 -76 64 9 40 59
-69 14 93 87 -85 -90 44 -91 18 42 -57 37 31 -1 17 -22 64 11 87 -56 65 81 49 60 63 -25 99 86 -35 93 -51 -3 -49 79 17 72 -25 -79 -37 77 5 59 86 29 75 -95 -36 -100 49 96
-81 -50 17 49 -15 59 -86 -7 -12 98 -7 8 -49 30 69 75 85 -48 -16 -12 -3 -29 -7 -25 -17 64 85 -62 -21 89 96 80 52 48 -76 43 -50 -16 45 -65 99 28 94 -90 -67 -93 -89 61 16 8
-88 -28 3 8 30 -66 36 -47 71 -36 -87 96 69 67 -98 -12 -61 80 72 69 13 18 13 -27 43 -90 -43 -53 56 -58 13 43 3 36 -96 88 -3 70 -66 -7 3 -87 -59 47 -91 -99 -5 -88 21 -52
24 -68 -67 -32 76 11 -2 9 45 30 5 -49 -93 78 43 -31 -28 -21 22 -70 -30 -51 49 26 -76 79 89 -49 89 -40 16 -63 97 19 85 23 -23 -13 49 32 73 54 0 -25 -80 -92 -67 2 97 12
-40 38 16 -88 97 -13 92 -63 -77 -37 -60 82 -50 16 97 -79 -54 77 43 33 23 44 0 -76 78 67 67 33 -6 13 50 84 -98 72 96 -44 22 96 4 33 -18 9 -75 -47 -71 57 -43 -3 -89 19
30 -59 -46 -93 -3 3 77 69 17 61 79 -74 -12 -13 28 -70 65 -16 -11 5 -54 -33 -88 -8 -67 -32 15 11 81 92 45 -74 75 98 43 -97 46 -14 31 61 -86 -75 -57 -24 -98 -30 87 2 -47 -4
-58 -47 -26 -42 9 82 21 -2 -20 75 -42 -50 -7 33 -41 71 59 -1 99 -61 55 58 25 65 -5 -59 -41 -89 -79 -52 29 55 -63 -14 50 -62 -93 1 -10 95 -44 -39 -43 30 28 99 12 -9 8 64
4 -38 55 -19 -15 -18 -4 3 -63 -2 45 16 45 -71 6 37 4 -21 -21 -15 36 65 -81 56 -73 -44 26 82 -87 -69 -14 22 12 -46 -92 -29 25 18 -15 55 91 -66 -19 -60 -59 13 53 67 -68 -64
92 63 12 -62 -12 81 -3 71 66 10 -97 67 -64 73 98 -41 -62 -26 44 17 91 80 23 83 80 -62 -59 55 85 -29 95 67 66 -36 -100 -87 -82 -93 82 38 -62 26 -69 94 72 -32 -79 57 32 99
-51 86 15 83 -59 -31 -44 5 14 -53 74 24 14 -95 64 77 -76 19 -56 -2 -100 78 -13 75 23 67 63 -53 48 74 87 -42 38 -45 21 29 25 94 -59 -95 -12 -17 -26 36 99 -31 -46 32 -43 17
79 -61 -91 59 -10 -17 36 23 -97 -54 16 74 59 31 -89 -68 16 -64 49 92 84 -62 15 95 -32 -6 15 -91 86 -39 83 -53 15 -80 -75 -17 -96 51 -27 17 -44 95 -57 87 89 -89 -36 -23 16 9
28 -29 -14 45 -77 99 -42 -40 -63 41 25 42 74 58 -45 -94 31 24 94 -51 -66 4 42 70 31 -93 6 -26 25 15 -64 -16 89 79 -35 -19 57 -65 40 96 -73 90 -6 -61 -2 97 -34 -36 69 48
-55 16 -42 -76 -91 -34 81 41 23 -66 9 -56 1 5 26 72 85 70 -41 90 -75 -62 -70 16 -4 -41 80 -80 -31 -80 76 -8 -53 -57 63 -41 69 94 -48 -62 -88 -57 4 68 -78 94 45 -23 -57 79
-98 -37 39 67 -77 -56 -61 -14 48 22 35 44 59 -61 -77 70 -29 -2 -80 51 21 -9 79 89 -77 -1 -88 89 11 83 -65 -57 -27 -98 92 24 -26 20 33 -26 5 -90 -9 17 -39 63 -50 -69 15 22
67 -57 74 -93 -89 -95 -92 77 46 -80 -50 37 11 -99 -2 97 77 -89 58 98 19 43 73 40 -29 32 55 82 -87 13 47 28 16 92 -9 -97 12 -39 77 -92 -68 80 -29 63 -60 59 62 -58 91 95
-17 -44 -74 88 -5 -83 38 -98 -41 76 -18 63 86 -47 -75 -7 23 -25 -58 -29 62 92 79 62 -60 -99 -58 -74 60 -29 85 -27 14 -74 58 32 -84 -36 68 -94 -73 6 23 46 -12 75 26 -82 -59 0
-6 14 45 80 59 49 -44 25 -1 69 97 -35 -93 84 -64 -43 3 1 42 -40 74 77 73 -25 68 37 -50 -33 91 43 -55 -51 67 91 -73 -59 -68 88 18 -27 59 22 -29 -43 -56 89 14 -55 -97 4
-14 76 -98 -51 83 -26 -26 -99 -55 -88 63 14 5 97 -93 -30 85 -64 23 -25 9 -58 25 59 -27 95 4 -85 -62 7 -94 59 38 -64 100 -23 -64 82 99 49 -3 -39 99 -64 91 97 61 12 36 -96
29 19 -46 81 87 -31 9 -58 -89 97 14 40 74 8 -78 -47 -40 -18 100 69 -1 21 -30 -14 9 -22 24 -95 -54 100 -37 -84 -56 -68 55 32 90 99 4 90 -79 89 9 -5 57 15 50 36 -88 45
-52 28 43 -85 2 65 -30 18 21 -2 -18 85 -94 46 55 -83 -40 -98 32 -34 18 -27 24 -50 66 -73 80 14 -73 -93 -11 -77 94 -2 -20 -48 -63 71 -63 -85 -31 -53 99 -84 39 -29 -86 -25 16 -90
76 10 -32 -42 64 -46 19 -23 -39 74 6 3 -25 86 -15 43 -90 -6 91 37 55 -71 -40 -64 51 -84 65 -100 -58 12 -89 90 -25 -100 2 -55 97 -2 -70 -37 31 40 -2 27 -93 -51 -92 32 66 100
37 67 -70 -94 -74 94 -73 -34 85 -35 -89 -63 -91 -59 -74 90 8 93 95 -67 -52 -49 -32 -49 -64 17 -80 40 22 -51 -6 -42 -98 63 34 -83 -17 -69 24 20 81 -39 -94 42 -40 -3 67 63 60 -21
85 -28 -12 -28 36 -91 7 63 70 66 4 66 35 3 2 -56 55 12 9 29 8 -18 91 -47 -85 -70 54 46 -3 -69 -77 9 53 8 38 -13 46 16 -80 50 58 1 2 -16 4 -88 100 -56 78 -40
38 87 67 -21 -49 -1 97 97 -36 95 -15 82 95 34 6 35 86 -63 0 -24 -13 65 11 -31 -1 -20 -82 -77 58 98 13 -13 -6 -32 -68 -45 -60 -73 77 -84 20 -34 -65 69 -45 -16 -25 -80 -42 97
49 -48 52 96 -32 -4 9 77 -25 1 89 -52 65 32 -65 12 24 -9 -21 3 43 -69 -72 84 58 -39 0 -67 91 -75 -9 2 46 91 21 -25 -29 -61 -98 35 -71 18 -40 1 -43 87 -50 68 96 22
84 10 7 73 62 44 -43 -97 -96 52 -80 -89 -66 -16 71 -45 -72 -90 -45 42 41 43 60 -36 -12 -62 -96 100 90 -22 -33 -31 -42 -22 -16 -30 70 19 -74 63 32 76 -21 -33 -61 27 22 -16 -25 26
-24 100 -66 -59 32 -51 12 -31 -62 81 -13 -59 32 94 41 31 35 -16 64 72 3 20 50 -87 58 94 29 82 -27 5 -21 -70 87 54 41 39 -92 87 56 -44 57 87 -26 27 79 -91 -90 -5 -9 -48
15 65 77 -34 -81 -75 50 12 44 8 -92 82 27 -65 42 41 27 -20 12 -17 89 80 17 13 -62 31 43 -7 4 -70 43 -72 94 6 78 58 78 -71 -93 52 52 -48 -87 57 -60 67 65 -38 -63 5
42 35 -77 -54 38 14 21 96 3 82 51 6 -29 71 -45 -71 34 -83 -26 96 -85 90 43 50 -1 -33 -92 83 41 0 -46 -60 1 -28 -21 70 -10 -10 79 37 -3 26 -92 -91 49 -66 41 -23 45 0
