50 50
0 -44 -10 60 -48 48 11 -46 56 13 8 -28 -47 -5 78 86 -6 78 -38 77 24 -51 52 -11 -54 -12 -67 -58 -81 -33 6 -33 65 -84 -56 57 37 57 -66 47 -72 92 38 -17 -88 79 -96 43 79 -18
55 20 0 -10 -15 39 32 15 39 -61 97 -81 85 -67 31 3 96 21 31 57 -68 -10 38 68 23 35 -72 -46 -18 -97 49 81 -79 -65 47 -93 -54 86 -11 19 -51 14 99 25 -75 27 32 -77 92 38
-77 -71 17 -3 69 86 38 30 -89 -93 62 17 -18 -19 -26 -79 52 81 -93 47 52 -98 32 89 -79 59 -83 13 50 3 -83 -56 35 12 58 -43 -44 94 33 -33 100 67 -8 -17 64 -29 3 99 -14 99
-75 78 75 59 -57 -58 -12 91 -28 -53 7 63 0 -46 48 83 -77 17 81 -13 43 32 -27 9 49 -63 37 98 52 2 43 -18 -63 10 65 82 -68 -7 72 -100 -99 11 75 -64 98 41 90 40 75 -39
31 0 -13 -49 31 -93 11 74 -43 -10 -15 54 -32 -76 -53 3 90 45 12 56 37 56 -35 -45 31 91 48 -39 -56 -32 37 -51 -90 14 52 -57 98 -36 -29 50 -21 -78 76 52 95 30 16 29 -45 54
62 -9 -64 -98 3 -70 10 2 43 -8 93 56 -12 -17 -63 62 -50 -58 50 12 -40 -17 71 77 -32 -93 -60 -5 -31 94 75 -71 48 -94 74 52 85 81 -87 -90 -74 -73 -61 -2 76 55 -77 49 -84 -32
100 1 89 11 69 39 100 -13 -10 57 34 57 77 -38 42 -55 28 6 -32 -70 4 41 -87 93 89 41 -55 -53 -25 79 73 -42 -72 43 -39 84 54 3 -86 91 -13 -99 -15 67 -25 -61 -28 99 -11 -48
46 -47 -3 53 -21 -35 91 -89 1 -17 76 11 -31 17 23 -31 47 73 -49 -17 38 41 62 -49 -3 75 36 91 16 70 92 6 78 -11 -50 -58 -96 0 54 35 8 -81 -69 91 73 -41 41 -55 -13 -50
-97 -37 -6 -100 -74 73 77 4 58 -9 -30 38 -14 -8 -30 -86 57 0 -94 -99 1 -46 34 -75 9 47 -30 53 -82 -5 80 -36 95 -48 28 27 77 -74 68 -31 -11 89 50 -26 27 47 18 58 42 -11
-71 -15 -80 100 -98 82 -47 43 -82 74 -69 61 -1 12 -32 44 97 -40 44 88 -77 16 -2 -7 -59 -91 89 -62 -42 -98 100 29 4 55 -51 99 -16 -64 -68 -60 91 -88 -9 -85 38 -64 50 -14 40 24
-50 -45 94 9 10 -64 -1 100 5 -61 -32 78 7 -13 -72 -79 36 -74 23 -71 68 -6 29 22 31 40 89 -34 74 -86 16 -81 84 38 -93 19 -45 29 34 -49 -56 21 -69 91 27 10 67 56 -35 -38
50 -77 -88 -7 -59 13 64 11 -37 78 13 9 -24 90 51 91 11 84 -24 18 -14 -50 -66 13 89 20 -26 -55 63 -12 -33 -20 -76 -12 54 -46 22 -33 38 28 -11 -100 88 34 86 43 68 91 35 -62
0 -42 79 78 -69 38 -9 -55 57 -96 65 -56 -18 67 -2 59 52 15 -61 45 63 57 -12 10 -46 40 -79 -33 58 13 -51 -71 27 -31 39 88 -1 63 -32 -54 43 -87 60 -18 -85 -83 -45 -28 -28 -78
-43 -5 -84 23 61 87 85 97 -32 27 -10 -71 -70 -31 -96 -2 -100 -50 31 -30 72 8 37 96 -9 -85 -65 17 -18 34 -41 20 -24 62 -28 -9 -10 62 7 -50 -46 3 22 91 17 74 -22 70 -24 91
51 -19 0 -82 -55 25 91 -69 -39 43 95 91 -67 -23 52 36 -65 -59 -98 54 -57 91 -81 -19 -87 -18 19 -33 81 68 -77 -20 1 -100 -14 96 45 68 -8 -37 59 -32 76 64 -91 -81 96 -84 -32 -69
14 -60 -83 52 -10 -52 85 -37 -46 80 96 -88 49 -42 99 -49 28 99 -97 42 -39 -8 -62 -52 2 28 -75 -61 -1 -37 55 -50 77 -30 -14 1 85 41 -8 -48 70 -87 -8 16 42 -70 -32 -1 -97 94
-81 -3 11 -65 -11 16 -8 -39 96 5 77 29 23 31 31 100 17 -6 -5 6 55 -87 20 -22 -100 16 -66 20 39 94 -94 -55 21 72 -18 -97 -74 72 69 13 41 90 18 -62 20 52 -4 15 39 12
-97 -77 10 -20 93 -29 53 -70 3 -77 52 99 -79 -34 82 -59 28 -13 62 30 -59 97 -72 -92 -37 43 48 -83 19 -32 50 -95 91 55 56 88 37 25 80 -27 26 19 90 25 -80 -79 -27 -89 64 -2
71 -35 19 -64 0 -12 83 -25 -48 -44 -97 -31 91 29 10 56 32 45 72 95 77 82 6 16 -27 -14 36 92 -58 -83 45 5 -14 42 -10 -18 -84 -9 -91 97 -62 -41 35 -53 -76 33 65 25 -94 66
-85 -85 7 95 -44 -74 -63 -26 90 26 -47 18 51 -98 69 19 71 93 -69 43 -47 32 51 -63 -28 61 -27 81 -81 -91 -91 10 -83 45 -55 83 45 98 9 -73 -55 62 -88 -30 -32 9 -40 85 -94 32
-79 8 61 15 -52 43 97 12 -78 69 -40 -100 66 99 5 23 -91 4 -20 -57 67 92 100 -37 -11 41 -34 96 62 11 17 44 -81 82 64 24 7 -1 -22 -84 -36 -3 16 6 -11 -98 61 -11 -17 -11
-60 80 51 72 31 48 97 23 90 -72 -27 -76 74 76 -64 97 -86 99 30 40 -98 54 51 -46 87 -60 -37 0 -9 44 100 17 18 -9 97 -7 -38 73 40 40 3 71 -69 15 77 -9 45 72 43 -57
72 -88 -17 29 -98 20 90 -29 -62 80 -6 -36 33 -75 97 16 -67 92 97 -74 -93 19 -53 -84 -12 57 34 94 -57 -14 -56 27 -53 -34 -73 -73 11 -13 -36 -90 -70 74 -63 76 -65 -33 27 -31 -86 -10
32 48 -78 84 -80 40 65 67 -62 -2 77 12 36 -53 -70 29 -51 -14 9 -87 -67 97 3 -83 -17 26 -65 -66 61 13 20 -31 28 -16 -83 19 -10 87 64 87 14 11 98 -27 91 55 91 -25 -74 28
13 10 63 -30 55 32 63 44 34 -68 -25 -22 33 71 22 -43 81 -76 56 78 -6 -20 -31 -17 4 -51 98 81 -94 63 -4 -48 -98 -5 90 2 -62 -83 76 31 49 54 -10 42 6 -66 -16 -49 14 22
87 -81 61 -6 -88 -78 97 -44 28 -50 -37 -74 -88 29 -31 -11 -13 -67 90 71 -81 -81 -37 31 82 -37 18 25 -86 -97 11 -12 55 28 -50 -20 -35 25 -93 89 -90 93 -91 -3 65 29 69 0 -86 44
-72 -35 -64 82 -84 0 -17 -9 70 39 -55 7 -97 -6 26 -42 19 97 -10 51 58 21 -3 -11 -17 -63 75 -68 16 4 -92 -47 -91 -76 42 0 51 67 -41 -7 100 -71 -75 83 40 77 91 25 -60 -41
87 -23 -93 -50 34 -41 -50 94 26 -8 -88 63 -4 -12 62 -39 -45 63 39 34 -18 50 48 34 -25 -1 -27 76 -26 45 -57 61 -14 16 11 -35 -24 -93 -1 20 15 36 45 32 83 -10 100 -50 -51 20
31 -78 46 -90 11 85 59 83 7 62 -40 -88 14 -34 70 11 -49 -71 75 -81 95 53 -8 24 28 -65 -47 95 68 -10 93 -52 -4 23 85 -41 30 93 87 -88 -2 -70 2 11 -71 84 74 -96 11 69
45 35 82 43 -62 43 43 -12 64 -14 25 -91 -80 64 71 -88 -57 61 16 51 77 -17 -15 22 42 93 -92 86 90 -23 -33 22 -77 -46 -36 16 -6 59 62 39 -58 28 60 42 9 48 -45 40 -57 -86
88 -74 -67 -61 -24 20 -38 -50 50 -64 -18 35 -40 98 1 42 -92 -50 -9 -99 -26 -37 -47 -94 2 68 -35 53 -54 -54 -89 -66 48 -30 -52 -49 60 -31 70 72 -6 3 77 17 4 6 -5 7 24 -92
92 70 18 -8 -43 14 -38 93 72 68 -50 -19 88 64 -19 -7 -69 -60 94 -22 84 76 93 -3 -17 -54 -18 97 -35 -1 -53 37 -31 -77 35 100 66 -69 28 -48 -44 -1 -95 -16 20 -56 53 -47 31 55
-50 -85 46 60 80 53 -48 61 -60 -42 -23 -29 39 -61 41 67 -80 -23 52 -100 -35 -35 -74 -84 -34 -87 -98 81 62 88 79 31 10 -21 24 68 -10 -96 31 54 96 97 80 -88 -11 40 95 52 -15 -23
-37 76 17 -87 45 90 21 36 31 -65 -100 -63 -87 -98 47 -59 25 -81 -78 -39 53 -12 78 33 -72 -32 -92 -18 -55 84 -71 34 -8 84 -48 68 29 52 -94 -86 25 -87 -78 -72 95 99 -75 -12 -83 -2
40 -76 3 -11 -41 -100 -29 23 -8 -28 -23 15 5 -64 -9 -80 77 10 42 -51 37 16 42 3 32 -55 -96 31 81 86 6 100 -26 3 85 58 51 -14 -29 -81 29 -80 66 -82 50 -23 29 63 30 40
67 -2 -32 -21 -27 -72 70 67 -28 84 86 21 69 21 71 -10 -99 -56 -1 -23 -87 20 75 85 34 -52 -59 60 44 82 -67 41 -44 -23 -97 -70 -10 -45 -87 9 -98 95 67 -59 -35 -3 11 -77 95 74
26 -76 -98 -89 40 -60 100 2 95 -88 14 -90 -44 66 -60 50 -57 -33 95 77 -91 86 38 44 -46 26 87 -68 -80 -97 30 -56 -9 -26 -40 -7 -59 -67 7 -1 35 95 91 -32 -78 -95 -11 90 82 -9
83 -71 25 -10 63 -87 7 -41 91 -46 7 19 -17 -38 -79 12 86 95 -12 56 42 61 57 17 -74 -48 92 32 -46 48 -12 -60 -62 -10 -1 -31 -10 81 -14 9 -68 -42 64 -97 75 79 -76 -49 74 -59
31 -89 46 83 -49 57 71 23 30 53 -13 -28 -34 -95 -6 75 78 -87 80 -98 6 -68 -64 -74 -22 -47 -30 73 -71 -79 -57 74 -83 9 -77 36 -71 52 13 15 -85 40 93 89 56 26 22 66 5 -83
46 15 16 -11 19 86 -84 -34 -15 8 -8 26 -88 -55 10 -4 12 -8 -87 39 -38 52 -52 38 29 -71 22 -8 -22 71 -25 -47 85 61 78 12 12 46 74 -4 -67 -68 -70 -69 -58 94 3 -9 -86 36
-39 -33 -78 -75 94 0 49 -41 69 61 -99 76 -86 -89 49 15 -27 34 82 -87 40 17 -12 -25 47 61 -12 61 -87 55 -36 73 -96 -27 -44 -70 -10 -48 -77 23 35 10 29 -78 -5 67 100 -91 -60 -86
-64 24 97 -54 60 87 -95 69 -49 -70 6 95 90 74 -36 -98 21 -8 3 -33 -98 -51 -50 -78 -88 -65 45 -40 66 -81 65 -6 65 -72 3 -63 93 -12 67 -81 -7 20 -5 -15 -75 -78 27 -3 -86 42
-19 32 23 11 14 81 -81 -67 -45 5 71 29 27 78 -75 -48 52 -29 -88 35 84 81 71 76 -12 -49 -23 -70 55 -27 44 2 -59 9 46 -72 37 19 9 -54 41 -50 30 53 46 -86 14 99 -2 -60
95 -72 40 91 -69 83 -73 -45 -91 -24 66 -98 68 61 38 -44 56 -48 -9 -42 7 -75 -68 -67 -5 -25 -14 -10 -90 49 22 -16 52 78 -19 -18 -28 64 -23 -21 82 86 51 -32 54 -54 -55 -54 -46 -73
17 -55 -97 -95 79 33 24 -96 -94 -57 26 59 -25 -33 -60 -57 -82 1 -81 51 -18 0 -10 -13 -97 -83 43 -24 83 -28 -77 -63 54 82 -97 -4 43 21 40 68 -40 -58 16 -82 -91 0 -16 -100 24 -82
-37 -23 -80 -53 -51 69 -91 -19 -58 -92 -64 -42 -49 -41 -74 34 57 30 -46 -19 -94 44 -43 -55 -50 -94 -14 -93 -12 -48 -29 -78 89 -49 65 57 -60 -91 11 90 -20 50 37 -96 -53 94 4 0 56 -33
36 54 -65 -44 -80 66 16 77 -40 37 100 -74 -81 46 -71 0 -45 -1 -60 72 -22 -31 50 -96 22 -40 95 -35 -28 -18 91 -48 -81 77 -15 74 5 -55 -20 -29 -80 -50 28 -51 -28 -1 8 1 15 -40
44 64 -11 85 16 22 -7 61 -94 -36 -7 60 -32 7 91 56 60 -45 56 56 -48 81 -86 54 100 -1 52 53 80 13 -85 82 -39 -71 69 -100 57 -98 71 -43 62 98 -76 47 37 -41 91 -63 -66 65
-44 -50 63 -60 -18 66 99 68 17 -50 49 59 2 -85 -31 -4 17 -17 31 -71 81 -9 73 6 86 33 -58 -38 -19 -45 -72 -93 -22 68 100 -23 -36 -55 -6 -61 -20 12 96 60 -41 71 60 -34 28 -77
61 28 50 90 -76 92 77 -40 2 47 -39 80 18 28 -17 -89 74 10 -49 -13 87 84 43 -74 10 11 29 -80 -18 -49 70 90 -95 12 -25 75 7 -74 -73 5 48 29 -34 83 -30 67 -24 26 91 0
