50 50
0 94 -40 31 35 -55 -8 21 75 71 -33 -42 53 9 88 -6 -37 -2 -7 -47 23 -40 -93 31 -39 65 30 -17 -93 -90 -76 -100 -29 78 -8 -96 47 -17 7 57 3 -34 41 44 -25 91 38 49 -36 -17
-45 -71 27 -3 37 47 47 -57 -93 -29 14 -46 77 -45 17 63 -63 -84 44 -65 -67 -29 -74 44 -22 -67 -77 40 27 64 -53 -91 -85 -83 46 -47 67 97 66 98 38 -23 80 80 32 -50 5 13 -43 -70
-79 -38 26 -73 -71 38 63 -58 65 -41 40 -46 -32 -71 71 -91 35 97 53 -35 26 -45 -100 94 43 -30 73 41 28 24 -19 -84 -79 56 -90 -84 -19 40 -56 31 -38 98 -40 -8 44 -12 -33 -63 -87 30
56 67 -80 -69 -29 49 15 -33 -37 68 39 37 34 -12 51 -34 96 -35 17 -47 -19 15 13 -87 -1 26 -85 91 -9 -94 -32 -72 96 -23 -58 78 -26 66 3 17 -22 -29 54 90 8 82 21 -20 89 56
30 68 -79 85 94 -87 75 30 -6 -16 -31 -66 -72 -46 84 -90 86 -86 -64 -16 -4 -81 -70 83 -50 -43 -82 -25 85 -39 81 -10 80 21 94 -55 -36 -62 -94 -84 39 -41 -36 -16 -76 77 -55 85 47 -35
66 -70 34 35 26 -93 -13 -98 24 40 -97 3 85 4 -33 -4 -10 80 93 -96 -69 -54 92 8 31 78 9 71 10 -43 55 -94 -8 35 -56 -9 84 21 28 47 6 28 -86 20 76 -73 -76 100 90 87
-79 -31 -13 -47 50 -55 59 20 -43 33 -77 -54 -11 65 -71 -76 77 22 -48 -29 96 27 51 48 -96 -75 36 -81 1 -91 -2 -38 -16 -10 -47 72 60 -52 -1 40 -16 44 -83 -53 -88 82 24 -57 20 -5
1 87 58 94 -47 99 -96 -100 92 -25 -1 -20 95 -56 3 -33 -85 91 -46 -93 -85 -15 86 -48 24 7 -100 -78 4 -45 58 80 -63 68 19 6 -18 5 38 -74 -37 -35 -15 -5 -70 7 98 -41 -70 76
46 10 -100 -10 25 -24 -98 -64 35 -21 51 6 -36 12 86 73 -27 60 71 -25 -3 -14 96 46 53 -27 -5 -82 39 -51 65 -45 13 -53 -85 89 3 -8 79 -82 -43 -43 -52 96 -26 -56 -50 36 4 22
-79 73 -2 3 91 -53 4 -79 -34 -70 -95 38 -61 18 -88 76 10 44 8 -77 -54 97 -54 61 -44 34 -34 15 -72 67 -4 68 -21 -26 -41 -47 46 -91 -33 55 22 -26 4 3 -41 89 -28 50 -60 40
9 76 76 -23 -55 48 59 -17 -100 -72 -31 51 4 -9 -32 -90 38 21 -93 -87 24 -60 -50 41 -98 65 -16 -92 -57 -2 49 -56 -19 8 74 -68 76 -25 16 2 67 77 -19 77 68 2 100 -32 26 85
-9 -75 57 -59 18 87 -4 -2 -6 -33 74 91 -15 61 -67 8 -70 45 -96 58 -32 -50 41 16 -83 -55 -71 50 -73 65 -62 -35 -70 -81 -26 79 50 -12 92 -18 -99 70 -95 31 -68 89 -68 13 26 47
-84 46 -51 62 90 42 -44 -78 98 17 -22 -35 79 78 92 -94 -1 -47 -69 -89 -69 82 -67 44 42 -28 -95 10 9 23 -96 -36 81 -13 14 -94 80 -46 65 69 87 76 -37 79 20 29 -40 73 -55 -88
-76 6 89 -20 3 -51 76 77 -63 6 -79 45 61 98 60 88 -87 98 -72 55 -68 82 -33 57 82 -21 69 -31 84 82 -2 -9 -4 -92 -68 10 28 60 31 73 -15 -32 -96 -11 -12 100 -50 -48 -82 15
35 -39 2 -96 -68 -58 -98 100 -90 -34 40 -15 -26 84 52 -80 -64 -59 -97 67 -8 10 -84 -39 68 75 -16 -6 -57 -62 -46 2 -36 -32 -100 0 29 51 5 35 -90 -78 20 20 -34 10 65 -7 45 -70
15 -1 -40 -83 -26 -62 46 39 -61 84 -1 -58 95 39 54 78 40 39 -43 45 21 19 -28 -6 31 58 -88 -43 -70 -83 -46 -81 -59 -61 -95 -11 89 45 85 -32 -42 47 77 -19 14 95 -56 99 97 15
-45 61 24 64 92 27 -88 -51 -45 -13 -14 34 -17 7 -89 14 -34 -91 -65 -5 -95 37 13 -41 35 -43 9 -86 7 7 -98 -13 -63 -42 61 3 -97 57 -13 73 22 26 -91 -26 70 66 10 -78 -49 62
-97 5 98 100 -9 -8 70 23 -29 -92 67 22 82 -8 -68 65 29 -73 -8 -18 80 -98 90 86 68 42 -5 18 97 67 -73 -76 42 26 18 -57 35 -96 -8 -3 24 -73 -36 -56 -4 -81 2 -78 -28 65
-33 38 -13 -73 83 54 -10 -58 39 89 -4 -99 -84 44 -99 -51 -51 33 14 -48 52 73 53 53 83 -31 38 -65 -77 -28 68 23 -69 18 51 35 14 -11 2 -53 -89 -92 -31 65 -32 16 36 -75 8 30
-96 72 -71 -86 0 58 -2 -86 -92 43 -48 40 -47 28 23 2 -74 -2 -62 -22 92 49 43 0 51 -67 94 -30 -58 39 78 -76 79 -65 -42 -82 2 33 -89 80 35 -96 14 -37 68 66 100 -89 -72 26
-61 -93 -34 -11 -54 31 28 60 -52 4 -45 75 44 -40 -100 -68 -43 49 -99 23 -38 33 -26 28 63 58 -14 -90 -11 81 8 -74 -71 13 51 -25 91 39 -73 75 -59 -13 11 -89 -67 95 -35 29 -22 -3
90 88 -8 34 52 55 -85 -85 95 -29 100 -4 -51 96 75 27 -23 25 -76 -100 -61 0 85 -16 13 -67 -45 51 -95 -86 4 15 44 -38 74 5 -71 23 -21 89 -69 -95 -30 -59 -5 9 31 -32 -69 75
-54 28 72 -53 -2 -61 -66 -18 -22 -40 -21 8 51 -7 -86 -25 -58 -8 -97 -37 -14 -61 -10 -95 13 -41 48 66 8 6 -82 83 19 -68 100 55 38 97 20 -55 -15 -97 -4 98 -74 -80 -96 -27 75 -91
90 -80 20 -49 68 -92 44 81 88 70 64 43 38 -8 4 -1 -72 -37 7 -55 64 83 99 8 -74 56 68 54 79 -59 -23 -22 -23 92 80 -59 -4 -29 -56 5 -76 52 -75 -16 89 0 -90 -43 55 37
50 63 -99 29 18 73 46 34 73 26 14 -44 50 -19 -81 71 0 56 -66 -16 -49 -93 -15 13 56 49 27 55 -1 84 -27 33 -12 -58 -80 -23 82 -65 -84 -38 80 52 59 -79 52 -23 -36 -89 79 63
79 -41 -60 83 64 6 28 10 60 -1 -33 -76 -18 25 35 -96 -81 18 13 64 -73 39 -50 -26 -28 38 19 43 9 -81 39 -96 91 -5 -4 61 36 62 34 75 -5 -61 51 -85 30 -23 88 -29 -86 46
33 -17 -98 10 -36 -25 96 29 84 -64 83 -45 89 2 51 48 18 52 74 38 -7 -37 -78 94 -22 -99 -11 -9 -54 -69 86 -70 -47 -15 -88 69 -55 79 -32 -99 -20 -73 14 58 91 -55 -31 18 48 -67
100 43 91 16 50 88 85 99 21 55 57 -75 -65 -19 -81 -96 -32 10 -11 -42 -4 -55 56 43 0 41 76 41 -3 -39 -55 13 -15 75 45 -82 -73 -16 68 -13 -94 -100 25 28 28 80 86 11 61 58
-44 -72 59 39 91 22 -79 -83 -94 46 -98 -95 -4 -45 -46 -81 -100 -35 95 80 9 -97 -51 -100 -83 39 -86 89 -36 -24 -2 12 15 8 7 -32 40 -99 -51 4 -50 38 44 -66 17 -7 -51 -23 50 67
27 61 -84 -73 -51 -65 -46 93 69 -33 7 -3 38 64 -10 -13 -9 -71 -87 -54 -90 44 -61 -50 29 75 -17 57 63 41 -83 -51 -24 -67 42 -86 58 -55 -69 38 66 31 1 -82 -78 36 -29 -92 88 32
25 -45 36 98 82 -96 37 97 -12 -75 19 -64 54 73 -43 86 30 9 -27 71 -65 12 98 15 -15 22 -54 28 -71 42 -41 -34 40 74 -2 39 -29 62 -16 -46 -10 53 -45 -49 -61 70 49 63 59 79
93 -18 -7 -57 -62 -53 64 -89 48 57 54 78 72 21 0 -24 -33 93 34 -60 -77 88 39 53 -74 -1 40 29 -93 64 67 72 -80 62 -13 39 -46 -75 68 25 -11 -80 -33 89 36 10 75 -4 93 55
-3 95 100 -71 -26 -43 -67 -11 30 48 16 -64 7 44 49 -22 5 -76 1 -93 -91 10 -54 3 -56 -46 18 -28 -18 -26 -54 -84 63 -87 -11 -92 -52 75 -29 -57 96 83 95 -78 -60 66 44 38 16 51
-5 25 -37 26 24 -13 4 12 -1 93 -75 -81 -70 11 11 44 -73 58 -55 88 81 -74 100 61 -38 -25 7 9 63 72 -65 41 -79 -77 100 -17 -29 -95 -65 53 -60 -28 -37 -64 -79 89 85 -95 49 -20
-84 -55 92 95 -75 37 -79 -19 65 -16 77 -86 81 12 6 83 -100 -13 32 11 -2 86 -45 -82 57 -57 -67 -99 2 -64 70 33 -65 -47 26 97 31 -23 71 -23 62 -38 -63 48 -5 13 -64 59 -28 -100
29 -1 -66 81 -44 94 -49 -55 35 -15 41 71 57 -48 39 44 46 -6 -31 46 26 -80 35 -58 24 9 -13 32 -1 46 70 -28 -44 -92 -53 95 20 86 -96 -63 -75 -63 -94 62 39 -94 69 -1 13 73
82 67 -27 17 -27 30 19 53 -25 91 -96 -57 -15 -47 -39 29 81 99 87 8 71 -65 47 -37 16 5 -12 -22 -75 -85 -35 -52 9 47 14 -69 -75 99 -17 47 -34 -27 4 27 9 75 96 83 -100 -87
52 17 41 -12 72 39 76 44 -27 85 -79 56 -70 36 13 -13 -62 77 -38 -97 -74 73 -10 37 43 53 -80 83 -10 33 -99 -70 -68 -49 -45 74 -18 28 -41 -52 30 63 -88 48 -75 48 -91 13 -10 -77
90 64 -27 -69 76 26 -36 -52 56 -49 62 41 -92 -96 -31 19 -83 28 -43 86 49 56 47 4 91 -59 71 -13 -63 -59 -86 -29 -58 -74 9 8 -2 -48 -20 38 -65 92 11 22 -67 -63 -60 25 -79 16
-1 -57 -69 -19 -40 -85 -16 -72 94 -17 17 88 -65 -99 -21 -19 35 17 -71 32 -43 16 70 -5 75 73 33 -58 -92 36 3 -6 -16 33 16 74 -43 81 91 -76 -39 -9 -19 10 -52 82 17 50 -4 30
44 75 3 -6 -6 -45 -48 60 70 -16 39 -12 -56 20 -74 5 -98 -29 -29 -43 -48 -56 83 38 27 44 -17 -8 -57 -16 -65 34 71 -90 87 -87 -77 14 -11 56 -34 93 83 71 -58 38 48 23 -4 65
-11 83 -41 -47 -90 -35 29 -55 -67 -79 32 -40 48 -95 -47 50 47 -3 86 -31 -85 41 -1 -19 -34 48 -74 69 78 69 -67 36 -78 -6 -61 -59 -2 -80 -49 -87 43 -18 -10 52 33 -58 -83 42 -99 64
-9 -8 6 -31 37 98 -73 41 19 -89 75 36 -48 2 89 55 35 63 80 14 22 90 69 90 38 40 28 45 69 19 14 -67 -31 -67 28 58 -66 -94 -94 59 -27 25 -44 82 28 1 -40 -55 54 29
14 77 86 20 -65 -41 -52 -31 -47 -60 -20 -67 58 47 -66 28 -33 -2 -45 -14 83 -11 44 -49 46 64 98 -72 22 99 -6 -13 -4 -9 49 45 99 94 -40 6 -75 -48 -6 12 51 -15 -56 -48 -18 20
0 29 -9 38 69 83 83 -82 -34 -50 85 -76 21 -37 44 -95 -74 -44 96 61 -52 -22 35 -91 44 -13 60 -58 69 -99 -65 -20 -48 -70 -50 92 -76 -71 30 -20 30 8 -90 91 -38 82 -54 85 -90 93
4 84 65 -76 -54 -59 -61 -47 12 -10 -83 -25 76 -42 -7 -100 42 -11 -25 33 -37 18 90 48 -16 93 9 -8 61 -30 -84 47 -15 -97 65 -4 -18 -4 27 -80 -72 43 35 3 57 -12 8 -51 -89 79
-4 37 70 57 -9 -9 21 -54 -1 -78 -37 45 -18 75 88 -4 -78 92 12 -62 39 63 -76 -53 -93 -98 48 7 -12 0 -50 57 24 -31 79 35 97 -5 -85 42 -8 76 -98 86 -64 -40 -30 18 -50 55
-41 -23 -3 -52 -78 -65 86 -34 -92 -21 7 37 20 24 88 -3 -11 98 70 -23 -84 63 -87 -99 77 31 64 -95 7 40 97 26 43 -86 79 51 7 92 33 -43 18 26 -15 26 -13 -34 24 -41 0 -4
-41 -16 -35 23 4 -92 66 46 -40 -99 1 -68 -41 -90 2 33 26 33 -77 -54 61 75 -45 42 -89 28 19 -19 94 -94 -24 -22 25 47 -64 -36 4 -17 -84 49 88 -54 -30 47 28 41 -43 72 49 -77
83 8 99 -22 1 -75 -46 18 53 -59 49 78 -79 3 26 55 25 -38 91 -71 -38 84 37 -76 58 -12 91 -100 15 83 2 51 -6 7 58 -10 -37 -36 29 37 -33 65 100 47 3 57 -2 -79 66 0
