100 100
0 -85 4 32 -64 19 -7 20 -6 -75 -96 -36 -57 -95 83 -35 19 92 -69 -39 58 98 46 -11 76 23 -53 -91 -74 -90 -8 -86 68 -17 -33 -24 24 27 90 97 -17 67 -11 56 -77 15 59 87 30 53 -49 -18 -15 -75 73 50 -99 -24 28 39 59 -46 52 28 36 88 54 -96 6 -81 -39 60 -68 -15 -11 -11 91 -99 98 37 55 19 -15 78 -38 51 33 -60 -45 -26 -8 -52 40 2 -29 -8 -46 75 85 94
53 90 6 -70 90 -85 18 51 47 -74 -80 71 56 -60 91 -12 99 97 97 87 76 6 15 26 -75 -20 29 -17 -45 33 -2 -25 64 -54 35 -18 78 -61 38 -59 35 -27 99 -93 37 -31 -78 -25 2 -29 -86 64 -41 72 18 43 -3 -43 66 -90 76 -95 -11 49 29 -7 67 -21 44 14 11 81 -10 -61 9 95 39 55 -93 88 -9 -10 49 -85 2 54 -77 -30 -85 -82 -2 -72 -78 56 -93 -5 91 62 54 -24
-11 51 20 33 -73 -40 78 -21 -88 -60 88 95 -50 -25 -70 26 82 -29 85 3 76 -41 44 9 89 -100 29 27 83 94 5 -90 -23 5 17 -39 36 -86 -72 87 -60 -65 -92 54 -56 37 50 64 26 -68 -15 96 79 -28 84 32 -21 -40 -62 77 -20 -56 75 52 96 -36 90 22 -23 62 55 -48 35 44 19 87 15 99 22 -56 -87 53 87 -55 46 60 96 83 -24 -70 -76 53 -32 54 32 -57 -54 71 -18 65
-22 6 -19 98 -19 -23 -85 -58 63 -69 -24 0 -67 -97 -42 -23 65 -53 -46 37 -60 97 91 98 41 17 -80 98 -15 -26 -76 7 7 -31 9 -96 99 15 -2 100 -69 53 -9 -42 44 33 91 -25 -49 60 -37 75 -31 -97 -79 -35 55 37 92 98 21 36 -2 -78 51 66 -46 -59 -52 -31 -18 -73 -40 21 -67 19 -79 12 53 64 -51 30 -99 71 -97 45 -21 -90 82 89 80 -73 23 -34 -64 0 16 -57 2 -37
-48 24 87 7 -1 81 11 97 40 51 -9 -4 23 15 -45 -33 21 -20 78 60 17 22 -69 -40 -83 -96 -7 57 8 -9 -60 -80 36 -91 -7 -60 -84 44 93 97 -100 -18 70 -64 90 81 85 -3 -100 28 16 -32 -61 100 -14 41 80 -45 91 -43 -46 57 77 -84 -81 -89 73 95 87 -40 54 -13 -1 47 -73 -43 72 24 -13 -78 72 68 -32 68 -49 65 -83 53 54 -63 4 -41 62 83 21 70 90 93 -100 -11
-61 -6 -74 -46 -34 35 88 71 -60 64 50 57 -76 -82 -8 7 53 2 -81 18 16 97 25 -53 31 -43 94 38 -19 -62 27 25 100 91 36 44 42 -3 -91 6 -88 59 -14 -83 19 -98 55 -18 -9 10 -82 -61 -6 49 -41 5 11 41 -21 -39 -30 4 88 -42 -52 2 9 -96 75 24 -80 -18 -18 70 -65 75 -35 86 88 12 -73 -27 -16 -14 24 -14 91 76 30 -77 -53 -1 14 19 1 -88 -53 70 -21 -7
3 -60 -58 -74 5 -42 -33 -75 30 23 -73 47 -24 -47 -60 -68 10 17 74 -73 -44 25 -86 40 -78 20 72 -22 -86 -66 68 -18 -20 69 86 97 -96 -22 80 38 59 -96 -92 60 -79 -14 -44 99 -50 37 63 93 -25 -10 93 85 31 97 78 -17 81 -74 0 20 5 -30 -15 -56 4 34 17 61 -47 -72 90 44 -93 -46 32 6 45 76 -29 -72 -42 54 11 -95 98 29 -41 -84 -38 39 -93 -11 97 -79 53 -21
-31 -1 -74 -76 5 95 17 16 -44 40 -83 -71 1 -100 58 -67 29 25 24 100 13 -80 68 71 -68 -52 -12 22 -58 -58 -65 -22 81 39 -96 -85 15 -29 -11 9 97 96 -45 -6 -59 25 21 -50 38 2 -11 79 -82 34 -37 72 -47 -27 -48 -97 20 -65 -88 92 34 -87 43 13 -96 -85 -70 35 -84 -40 24 -69 -59 -14 -96 -27 16 6 -56 -17 59 7 -56 19 -80 -57 -24 -12 -71 -11 -57 70 -10 32 99 -74
-99 -77 -77 0 77 -61 62 29 62 -62 -99 -96 81 -28 8 50 96 11 -53 -27 -34 32 -31 50 -92 -47 71 -50 10 -82 88 45 -58 61 32 14 8 -92 -91 -60 -65 6 86 77 -40 48 -70 -57 86 9 72 12 -30 -58 1 70 29 97 -16 87 62 -76 10 13 54 -78 -96 55 7 -98 -5 8 -84 0 31 -15 1 -98 -1 -6 -88 31 41 -80 -69 28 -45 -10 89 56 -21 -5 79 -51 76 -25 57 16 -60 63
-42 -19 -20 -52 18 58 -11 -84 1 90 61 3 46 75 -84 84 -95 11 -28 -77 76 67 93 73 -96 75 88 -67 97 18 -36 -91 81 -1 -42 -11 88 24 92 -41 -33 -38 86 64 99 -11 -72 42 -45 60 5 -68 -34 70 74 -73 81 89 94 26 -21 -10 16 100 -2 -38 -22 41 -62 9 -13 -66 10 -2 -36 50 27 -51 22 71 -98 64 85 5 1 3 80 -98 100 -36 35 -61 -44 28 99 -28 -61 71 -49 68
99 -45 0 -37 -18 74 80 0 2 -60 23 -8 -36 -100 73 71 65 27 79 -14 2 -44 27 -76 79 84 25 -79 46 5 -16 76 64 -44 -64 -88 89 51 -62 -11 56 -30 77 45 -95 25 18 -56 -72 75 -9 20 80 -82 -83 -77 1 -68 -70 25 -40 20 21 -57 39 93 -29 61 92 45 -37 -70 -53 61 65 55 76 65 47 -13 -32 -52 -63 -54 -10 -92 -67 -43 87 -38 -49 33 -51 -48 66 -39 35 2 43 51
16 -33 8 0 -36 28 59 -28 44 -47 22 -89 -41 86 58 -19 83 53 29 90 -98 -86 -48 20 73 55 -100 -33 -69 -91 -18 44 -61 47 4 59 18 -97 56 83 -5 32 -89 6 67 70 12 -58 68 -20 -85 -86 47 89 13 5 73 38 -5 25 -20 65 -20 -54 -84 -95 -37 50 -45 -70 -19 -92 1 -65 -38 49 -76 -17 -70 -77 -86 -45 83 -18 88 -38 -10 80 -60 24 30 70 -25 -55 31 25 23 -35 -5 -48
9 83 55 -72 5 -54 -35 78 -44 97 52 15 45 9 55 -91 50 8 100 26 -40 38 47 -64 -3 -23 21 -9 -58 64 21 2 -22 -46 -38 -96 -32 -21 -44 98 51 36 53 29 22 -14 34 -56 84 -43 -92 19 -39 -39 -7 -97 85 -80 6 52 67 -3 -96 94 -75 -20 46 -16 12 -64 98 51 10 -73 16 65 96 -45 -96 69 0 -56 -62 -68 40 -32 -5 9 -81 16 -92 -43 -46 39 -90 78 38 -12 -6 27
-66 -96 46 -91 -64 46 49 -37 -88 -72 -53 -16 -49 -43 4 61 84 51 8 41 65 -20 -67 -62 8 -51 -10 97 1 16 -38 -84 21 24 29 -27 -78 -6 43 -69 18 -13 -81 54 87 60 1 -2 94 -23 -17 -18 19 -65 -10 -67 27 -19 20 44 -5 -6 -2 -45 -57 -87 -59 -64 -29 24 -70 -17 -54 -62 -54 -58 -58 -79 -78 -57 57 2 -50 27 75 -18 2 10 -98 -68 55 12 -24 71 51 -21 -65 30 44 -83
-2 56 56 67 15 -49 -22 -52 -83 32 78 86 73 76 -89 99 39 -90 79 -78 28 -80 41 20 -90 44 71 -58 41 -3 11 -55 44 57 21 -63 -54 8 -67 67 3 41 -48 -19 -47 -72 64 84 -76 -84 -84 -64 56 67 -50 -42 -83 -78 32 -42 -41 86 -17 -1 -87 -62 59 61 57 -100 -19 41 40 75 -35 -24 59 -50 13 -29 84 38 -15 -92 36 19 47 -86 41 21 -63 99 49 61 -57 80 -65 84 18 -83
-13 87 52 -81 -22 27 61 90 84 25 41 98 -32 17 -35 56 11 -81 78 57 -59 50 -35 71 2 92 46 -50 -38 -88 44 -5 10 -53 -84 22 -63 55 -47 67 74 -73 70 76 52 -6 -47 35 -14 23 33 69 91 -41 -57 -44 50 56 -87 -28 -63 -42 72 -90 68 67 32 59 -24 -25 93 4 44 -23 86 22 -60 -33 -24 -90 44 -40 51 -25 9 33 -21 -74 5 31 -77 41 -100 -25 48 -67 1 11 75 80
10 81 75 76 87 21 -82 -17 -21 -76 91 33 71 -44 85 -51 -14 -35 58 -19 -11 98 -3 16 1 61 26 -20 76 -43 78 53 10 89 46 81 100 9 76 3 40 -47 -37 -62 16 -47 12 -26 -5 -100 -14 63 71 -67 72 59 -67 26 -87 60 31 36 35 10 54 14 7 -20 22 27 -56 2 81 67 94 39 76 -45 9 -97 -23 -12 62 -11 -65 7 67 -62 -97 54 52 -35 51 -23 61 12 55 -58 12 -77
-17 -71 3 -66 20 49 -1 -24 46 -65 -56 93 3 -93 -28 -37 86 -7 -35 92 18 -43 39 -79 -78 56 -30 66 -35 -12 -91 -48 -20 -30 -60 -6 97 -9 -81 -59 32 41 -70 -92 8 -66 -4 56 0 -74 8 54 -57 -70 12 -61 29 96 -71 34 83 -78 89 -9 -10 -10 -10 -85 -56 9 90 -62 -74 42 -10 -67 -12 -35 28 90 70 7 23 -14 -2 11 24 -38 6 -26 -53 95 51 -72 -65 -25 -41 69 -77 44
-76 -52 6 -29 -68 90 -77 41 -20 73 32 73 38 -16 15 -28 16 -77 -92 66 30 -40 68 77 54 55 -66 100 13 13 76 78 5 -45 57 -8 73 -43 -56 0 61 -72 54 40 -66 -8 98 33 80 -90 90 -55 31 92 -8 -11 -46 -39 62 -100 -88 -30 -28 -42 57 25 -93 51 21 -74 -78 15 -90 85 53 -37 37 72 -7 81 36 57 -44 -82 -21 -49 -83 -90 69 15 79 71 -76 35 -54 43 -9 42 -18 8
-39 81 -61 -74 61 -17 52 -89 -67 33 37 94 8 -68 -12 -69 -49 -20 77 7 82 46 -5 -18 85 -65 -15 56 11 82 76 -49 -6 -12 -69 86 40 -27 76 60 33 -67 68 -51 75 29 86 -76 40 -1 -65 72 28 56 5 47 -96 37 75 -47 -50 2 -43 98 -62 -8 39 -5 -3 -73 77 -43 60 84 53 32 53 80 -81 86 21 -25 1 48 34 29 2 76 -77 81 -82 -59 -90 49 -20 93 11 -21 47 7
77 -33 -69 -13 52 -42 -72 -50 -42 -3 99 75 25 84 -46 -63 77 -26 56 -86 -18 89 26 54 -39 -95 71 -77 -45 15 60 -54 -22 -42 -75 13 38 -58 54 30 34 -6 58 70 -71 -58 -58 55 99 22 61 63 45 93 -83 40 -33 -87 -11 86 83 -35 -92 -26 0 -86 -62 4 -48 100 10 -38 22 80 -15 -61 -33 -63 -4 32 -18 -51 83 17 99 93 21 -43 -91 6 25 -3 77 76 29 55 -13 71 -43 -98
91 96 21 -85 65 -66 86 -57 -43 64 -14 74 28 -73 66 -72 -42 -79 -77 -67 -30 32 87 30 -93 -18 -94 -75 -77 -4 55 33 -16 -37 33 13 -64 -53 10 -10 -48 30 14 -98 26 -90 45 29 -39 75 -53 70 56 -96 -47 47 -16 85 -12 -65 -24 -24 6 -91 61 -19 86 29 24 21 -64 55 -46 -13 -5 62 69 26 89 -91 -11 8 -9 -34 -36 -44 100 11 81 -44 88 -78 56 -31 4 -40 46 79 30 -73
87 60 77 -68 -14 66 79 -15 -61 -91 63 25 -83 32 -46 7 -57 58 58 64 60 46 -89 55 74 -87 -5 4 -30 9 48 -51 93 -1 81 45 -42 11 66 -18 73 -75 94 85 -6 45 29 44 -4 -36 -29 -23 86 28 -58 39 -38 27 60 -94 -70 -26 -55 28 -54 20 54 -42 -71 -11 6 82 -52 -1 -69 44 46 -3 -9 -73 -32 84 0 -53 12 -78 26 69 -88 79 59 29 -32 -91 1 91 -64 92 90 88
-16 -67 76 -16 47 7 -90 -79 -16 -61 93 50 31 37 97 69 -68 23 13 -75 43 -11 81 -91 -49 23 -45 -35 -54 -59 62 -99 -67 -96 -36 64 9 -22 40 -59 -71 68 77 -71 0 37 25 -42 -47 -96 -47 98 91 73 25 70 99 36 52 -45 50 -86 -87 -59 52 -69 -84 -25 -40 68 6 69 50 40 29 -38 -92 42 -4 -33 -12 19 8 -96 57 74 -48 -68 -41 25 35 55 -98 -61 -66 -93 38 56 100 -81
5 -57 82 -1 97 93 8 -79 41 -45 -15 -14 -57 74 89 80 9 7 82 32 -17 -97 66 -87 97 82 89 -20 67 -50 99 57 2 20 44 77 -60 62 96 96 -29 -5 84 41 65 -65 4 40 100 67 -98 -5 70 15 -36 66 -50 39 -66 -75 69 11 -41 -45 11 -9 44 74 -25 62 -6 92 -100 84 58 -99 -71 -52 -25 -97 29 69 -94 -14 -32 -47 -1 60 -66 78 80 13 23 -33 -71 90 -77 -77 -55 -89
-90 1 80 87 52 62 77 94 45 -13 68 97 -26 -22 86 -51 -38 -24 91 68 98 98 -84 68 40 98 -64 -36 -37 -15 57 30 59 -7 -6 -96 34 21 -76 16 64 6 80 -98 3 33 42 64 2 -13 -51 5 -1 55 -56 13 -17 -69 42 -75 49 -94 59 -53 100 54 -32 -67 25 -91 -7 75 84 -34 84 -2 -15 -54 -2 55 34 -39 -30 55 21 24 88 -97 71 13 95 34 -36 -24 0 7 -38 -49 -55 -69
8 23 -5 -84 1 -8 9 -75 91 0 70 53 -31 -80 -48 82 -67 28 54 32 -16 -96 -24 65 -37 -81 -68 -80 -28 -93 47 -46 92 -27 81 41 -71 55 -26 74 85 -65 -52 -90 90 17 30 45 -80 -24 -68 -29 -4 93 -57 -1 8 59 -63 -69 64 4 64 -55 45 -48 -77 -94 3 91 95 97 86 26 -37 -91 29 55 -89 -34 -16 2 26 36 69 -94 43 -79 7 -15 -14 -14 75 -46 -5 2 -56 -74 -22 -58
-93 -37 25 -54 -60 -94 98 -77 -47 14 -45 77 66 73 -94 14 -56 -34 -99 29 6 -78 -38 -61 69 -85 -92 -78 -23 -31 -38 30 -6 81 87 10 -95 -78 -98 -35 24 -65 -17 -17 -63 95 46 -38 -2 -65 -81 -52 -76 -52 98 -77 12 -98 36 18 50 10 -91 12 -26 11 81 38 67 63 -16 39 30 61 100 93 64 17 -54 5 19 33 62 3 88 46 28 3 -90 -78 -25 27 -78 -14 86 86 -79 -97 21 35
-47 27 -29 33 6 10 -19 -71 98 7 66 -15 12 -26 -74 43 68 51 10 41 -70 72 -67 -73 -3 62 -15 32 78 41 67 -50 -96 -43 93 75 36 -16 -63 -64 -86 69 -81 97 -84 -85 62 -51 -17 -47 94 43 -31 18 -70 -84 -49 -84 -20 -54 63 100 53 -61 88 -9 100 -15 -71 -88 64 37 -4 26 100 1 -64 6 21 -57 -84 27 72 -34 91 8 37 -100 -59 41 47 0 22 -23 -13 -81 13 11 34 87
89 39 64 64 77 97 83 -40 58 15 -58 -4 46 44 -99 -26 -85 86 8 -17 -2 -62 -56 -66 25 53 -29 -32 4 37 17 69 58 -88 -20 -44 27 -100 -16 43 8 -64 92 94 51 87 40 -82 -28 -22 -89 -42 -45 -34 97 54 38 59 89 82 -90 86 40 -71 -22 93 -49 -68 47 -9 -49 -69 26 -26 71 -22 -9 -69 61 66 -93 -19 -19 70 87 65 -50 32 18 -40 -64 58 -74 -89 36 -39 -5 -17 74 41
-17 -27 -20 8 -51 -45 -22 -40 12 70 -92 61 -14 81 53 71 -89 -40 -39 -7 43 43 36 -23 76 -22 30 67 25 98 -22 -4 89 -32 69 62 -35 97 -64 -93 92 -70 35 -87 -83 81 -61 -69 -25 56 91 63 -26 -80 61 -45 -99 -93 -37 -77 -22 -26 67 -97 90 47 -33 27 62 -38 -90 56 73 -23 -38 2 39 -69 -98 7 -36 -30 38 -53 57 34 -61 -2 -55 -20 -46 64 -94 -98 -50 -99 -66 -98 -81 -50
55 -22 65 -78 35 22 -91 -38 42 -18 -28 52 -69 -39 -46 -19 -16 57 -67 -78 -79 98 55 81 -44 85 -51 30 56 -42 -93 58 -75 69 23 -93 62 -34 0 71 62 -8 -23 73 -67 76 59 10 -90 -20 -32 7 32 -57 25 84 -11 -42 -37 -47 5 -67 -88 -35 51 98 -70 -55 5 -97 34 28 32 -45 -41 -72 75 93 -28 -82 71 -52 67 -85 -46 -75 -86 49 2 -78 -84 96 77 -51 9 57 72 -44 -57 25
77 -93 5 93 -28 -64 94 48 9 52 61 69 -70 15 52 33 24 49 -44 -99 66 55 79 24 -2 93 23 -82 29 68 95 9 -58 55 59 -21 93 60 52 99 55 57 11 1 13 14 13 -71 7 61 30 -74 -11 8 22 -95 -61 -42 -42 56 61 58 -69 -90 -40 -14 59 -62 -75 76 30 -34 13 -43 96 81 -25 -55 -79 -95 -35 54 -20 3 -96 37 44 41 -25 7 86 76 -63 22 18 46 47 74 -25 100
76 -94 4 -11 -65 -16 88 44 34 17 -99 21 29 65 -69 -48 -19 95 -82 63 51 -99 -67 28 -100 79 45 -64 24 -34 48 66 -25 11 -95 -28 -18 -66 33 -49 -86 73 -92 55 -10 64 66 -79 93 5 -84 -76 42 70 30 -16 -59 77 -20 20 -37 -33 84 -98 -29 29 53 87 -69 -16 -58 93 -54 -52 -36 13 45 3 -5 -62 -87 -18 -7 -37 -88 -67 -69 30 -64 33 79 85 -82 59 -96 4 66 -5 2 22
-35 -14 61 -91 98 -45 -61 -33 62 -92 -41 -11 -48 53 21 -40 87 -26 98 89 -48 33 25 -75 -99 100 51 -29 -64 -98 2 66 -62 92 20 -9 -7 27 86 -85 -21 61 -96 97 -95 11 -74 -39 3 20 -78 -99 66 -11 99 -76 -29 -49 -96 -36 29 90 29 -95 -50 -86 41 69 31 -26 -13 -31 -59 -29 -38 30 53 -40 62 29 88 27 37 -32 -41 -82 66 65 -77 -47 74 -18 -13 54 61 15 -99 -74 -80 -41
87 -62 -83 73 -83 82 94 -35 27 31 22 98 -75 37 -47 -48 -92 -31 -97 -28 98 -54 -18 -96 -54 -42 91 -78 5 86 -63 -66 3 -34 -99 -92 44 22 -39 8 -82 -29 27 -90 11 62 -42 72 43 -3 97 -17 -68 52 -56 40 -13 -1 78 67 100 54 -25 79 -91 -75 35 76 -21 54 -23 9 -5 -14 -61 74 56 -23 40 -52 85 81 2 -57 -26 -70 5 -10 48 19 -22 68 -75 34 -76 -65 -87 -100 31 49
70 -15 -32 -65 16 77 -88 81 69 92 97 64 -16 -60 -72 59 14 77 6 26 5 75 -24 -71 66 -5 53 0 -87 -16 -4 -38 -13 63 -45 -24 98 72 53 -49 100 22 -38 -89 -93 -86 -19 -86 54 -2 -68 -55 -75 22 70 6 -79 80 1 -58 -47 71 -11 60 53 -89 -68 17 -21 83 91 -93 29 62 -80 -51 -18 -49 -69 29 80 -67 -47 76 24 24 56 29 77 92 -63 69 -13 -96 65 -82 -10 -62 -31 41
-93 -46 -58 -60 -4 27 66 -79 -90 13 -93 -22 -26 43 97 -86 -94 47 -73 37 29 -11 31 25 66 -14 -57 47 13 -99 -85 -84 92 -66 74 -40 9 -63 -75 -82 -59 -45 -75 82 36 -23 -33 21 -20 -43 14 50 -46 32 36 -27 63 39 -56 57 95 -78 -93 -32 60 37 93 -37 -41 94 -83 -69 -50 89 -80 -69 38 52 -23 -74 70 -23 4 72 -57 93 -49 -51 51 74 -90 87 -20 40 -37 96 76 -68 38 82
-8 -70 -39 79 84 81 70 -13 -93 100 -2 86 -36 -73 55 11 58 72 -92 -77 65 15 41 -51 28 11 34 12 35 -78 -55 21 10 -70 -81 98 -91 -29 -28 21 -35 -82 -46 98 37 9 7 -13 3 15 -15 47 46 48 -37 -28 43 -48 -36 63 -88 63 4 73 -42 72 79 27 54 63 45 -24 81 66 45 2 -39 -83 21 38 54 -1 -44 -23 70 -79 -54 -97 20 -21 -11 -45 41 -63 61 -96 -98 3 36 93
45 92 -78 -7 95 -58 78 -94 63 -50 49 90 12 -51 -10 63 -26 -55 -72 57 89 -48 28 -68 90 -3 -2 -26 96 -100 -86 -11 27 60 -82 28 88 -58 -65 -3 34 -74 -3 92 -35 -60 19 51 64 -47 36 67 14 -93 -96 96 34 5 84 -70 -12 63 13 -4 80 66 -63 -27 -80 4 97 23 -53 -20 -28 13 -26 75 43 -43 -40 -38 -33 -35 31 9 -65 -7 -76 50 -12 18 -30 54 -77 -45 2 -30 3 19
-48 -22 -78 11 -91 95 79 37 63 -98 40 -91 -13 86 57 96 -80 -22 -90 -53 86 -91 -8 -95 -49 44 99 -19 -20 -49 83 7 88 -37 98 45 4 44 59 -97 -54 34 -68 32 65 -70 -5 -55 52 -5 -99 28 86 83 55 -7 1 77 -55 -34 7 67 59 -55 -20 -5 -23 38 -74 -55 -12 94 82 12 -85 80 -15 59 -71 34 48 -77 -80 17 -34 -63 -10 39 -10 22 -1 81 -50 -87 4 59 55 -21 -21 -87
-85 -68 -12 52 -19 -47 -75 -36 61 -70 41 54 38 -41 99 70 18 -29 -45 -79 8 -68 33 -67 -93 3 -66 -49 -81 100 68 89 -68 -70 -96 -8 63 42 9 49 63 46 -9 -99 68 -28 -96 8 6 -98 83 76 -15 49 1 25 50 63 41 -49 -64 1 87 37 71 -21 80 79 20 -67 -38 88 -74 -84 84 -62 -69 23 23 53 36 1 -85 -22 -19 -85 -97 -9 70 9 -49 -58 -75 33 14 -73 76 10 34 -66
-81 77 -36 -45 -51 -51 25 25 56 -55 -63 -94 -40 84 -59 51 -45 44 96 -72 -77 -45 66 -36 -70 -75 66 -32 38 -68 12 53 73 -79 -61 90 -18 -13 -36 94 78 -92 -38 45 11 37 -99 -28 75 27 78 -75 24 -39 -84 -47 -61 -69 -4 47 -41 47 -10 29 74 32 6 3 -95 61 -62 70 -12 -93 -80 78 47 -5 93 -23 4 -78 16 -70 83 -21 21 15 82 77 87 56 45 47 -92 44 -86 99 -63 -88
30 -83 21 38 -7 -11 -10 97 43 -54 65 -81 -9 -77 -36 -89 -49 58 -59 -94 -85 -20 -40 -69 70 -51 -45 -74 -85 55 -100 -31 28 95 -35 -32 -19 20 -69 89 -93 -96 69 62 -70 -44 88 82 -20 -30 -73 38 93 -6 -27 63 -27 65 69 -21 46 100 96 51 75 -24 -21 -54 -14 -50 -32 -23 -86 20 -28 80 39 88 84 -67 -56 -78 -96 -66 94 62 18 -26 -27 76 51 -24 -65 13 53 -30 84 72 87 -3
2 63 -73 -50 23 -63 48 -87 33 -11 -68 -45 61 -23 14 10 -75 41 -3 -10 -75 -39 92 -42 24 -6 59 -43 -6 69 25 -35 54 65 -52 -12 -39 -1 -32 -100 65 51 75 -55 17 55 30 97 -55 24 -65 -14 85 -95 -24 -4 57 -27 -100 85 63 -6 51 37 -50 30 15 24 3 -49 -72 -70 85 -99 97 -24 9 -73 -31 -18 -17 100 4 51 26 -34 -18 9 -89 -71 -26 16 32 -11 -99 42 -14 -13 86 68
12 -36 67 -42 -66 -61 34 -98 -90 68 75 -58 65 73 -12 -87 6 3 -32 -47 -71 13 18 9 -54 -89 47 44 61 64 -61 48 57 -27 62 27 76 -45 73 -54 51 52 95 3 87 83 -41 7 11 71 81 81 38 29 82 48 54 39 5 -23 -89 13 -3 74 -53 -47 -84 -5 -86 -93 75 45 28 -79 64 -94 64 -48 36 82 -94 58 52 -48 95 -10 75 -76 -21 76 -82 85 -20 4 -15 -88 74 45 18 0
7 -71 2 69 -1 -18 -70 33 -25 69 41 77 40 -27 -91 45 50 -86 82 71 -71 -35 -16 63 -78 -81 98 30 -34 35 -15 -61 90 78 18 -97 -70 87 62 -94 40 -68 -100 60 19 99 -78 -11 -43 -28 -90 42 -76 -46 27 -91 94 15 89 -34 -77 71 -91 -44 53 -44 -30 -90 78 -58 -62 -50 -90 -69 -14 -15 85 -63 26 69 -17 -92 -21 -32 -99 19 15 -43 31 75 -23 17 67 -2 -25 -41 -52 -86 -81 57
86 49 95 15 10 15 -17 -98 98 -95 -23 49 29 72 75 -71 5 39 -30 1 44 87 -92 -53 -14 73 23 65 -46 -40 -62 -80 68 62 98 65 7 -61 -45 -61 92 88 -93 15 -85 -97 -70 -22 -16 54 -76 -15 74 -97 -50 43 62 -58 90 58 -32 -45 15 12 33 50 36 -92 60 -36 -75 53 14 -71 -83 -71 -26 74 28 67 -75 -89 -48 54 69 2 82 -43 -81 60 -87 32 -11 -38 -50 78 97 79 -33 43
7 -25 -41 20 -86 53 -85 -47 -82 -40 -58 -84 10 -64 -99 10 7 42 62 52 43 -31 46 -16 32 -19 23 -83 51 55 76 -37 -84 -95 -37 -91 -2 100 18 74 -54 91 -41 -42 -61 -45 -96 -18 -81 59 36 51 1 31 -82 48 -15 -57 -6 -11 -86 52 22 -80 -79 46 43 60 68 25 -70 65 33 95 -73 61 -94 -7 -94 -96 -61 -64 19 24 -73 78 38 -61 49 -15 16 -46 71 -29 42 52 24 -58 -74 -96
-8 27 -87 100 10 -63 -65 25 -32 -70 -66 30 97 -12 -64 -74 -14 12 -82 7 58 12 24 34 57 -67 10 36 -95 11 20 -83 -77 -75 32 49 -100 -41 -9 -64 -35 44 45 55 -78 -91 -34 19 77 -62 86 22 -4 -3 -1 -33 -40 88 95 -13 28 36 12 40 27 -16 19 -62 -71 67 45 -85 8 10 36 -8 44 36 -93 -50 -44 23 -60 1 -26 36 0 -64 84 67 87 13 98 -20 -3 66 53 0 -94 -38
37 -95 97 -51 -27 21 95 4 -80 92 -83 -8 -80 -95 94 -89 -93 -15 82 -85 -23 83 -2 31 -25 12 1 -48 76 -83 60 -52 -9 12 34 42 -61 1 -2 -63 70 -49 7 13 -70 21 85 28 48 3 85 84 98 50 66 84 -31 -11 5 -47 -23 -90 -21 -44 -52 1 62 -95 -51 64 -17 9 74 -92 -85 65 0 -66 6 0 -74 -31 -30 -45 44 -40 -4 24 -2 -96 15 69 78 80 -45 74 81 40 30 93
-60 -92 -20 -89 -34 64 96 39 8 -24 33 32 -72 5 -76 71 91 -37 100 10 -25 74 -95 -74 28 8 -40 -93 25 -57 -99 -70 -23 93 -40 -57 -73 66 100 28 78 25 49 -42 -51 45 -17 -58 52 -96 -33 69 -9 25 -43 1 100 59 -8 34 -29 -12 -76 39 -97 -22 53 -48 33 -50 -38 -24 81 90 96 46 -4 78 -50 21 -46 30 -85 -61 -78 -39 -70 46 52 -42 84 51 -78 -87 -100 -99 -44 73 -84 96
-7 4 32 36 -8 26 32 100 84 65 -48 -72 76 -40 -17 -59 -51 -18 -70 -36 100 52 8 -24 -62 -2 49 20 61 83 35 12 71 67 6 -65 -94 48 -55 -25 -84 85 68 -91 90 -77 -99 -11 29 -83 60 95 35 -53 74 -83 -22 -65 58 32 -78 -60 85 86 -73 -86 12 47 100 90 -8 -30 39 -58 -45 64 -27 -96 -22 29 -15 69 24 24 59 -29 34 79 65 19 -47 52 52 84 -52 -16 71 -11 76 99
53 14 -36 -6 10 -31 90 70 -16 20 29 -42 -29 -20 14 -17 -4 12 -20 94 36 93 -39 -81 -98 -84 -37 61 46 60 54 -41 -75 -53 -91 39 22 -71 32 2 -63 10 -40 -73 17 98 -17 -91 13 30 -24 -9 -62 -37 96 36 71 69 -93 -21 22 -36 -64 62 78 -89 63 74 -40 -6 -34 -50 -19 88 -9 33 57 4 -21 34 81 5 -82 -57 40 -34 -92 26 -82 92 -25 23 -52 -10 -35 -90 -92 85 -42 -49
-7 -70 -21 -64 -82 -17 65 20 -100 -4 -36 11 70 46 86 -76 -34 69 -8 19 53 -49 -19 -88 -46 -51 98 -98 13 20 -54 -97 -19 16 49 -73 -76 -72 -42 81 58 83 -6 79 86 -48 94 -62 -88 91 43 -16 -76 -69 -62 13 -81 -46 -50 61 -37 -24 -61 38 -87 67 -24 54 -90 -87 40 15 -40 -93 66 59 92 -31 -78 -18 22 -57 -19 -90 71 24 45 18 -77 -46 -23 55 -56 -61 -23 -85 -38 40 8 47
-39 -20 -34 92 2 -84 41 -100 74 -36 -18 -61 89 -50 -68 -29 -3 65 17 72 -35 71 -82 -88 83 -49 68 -43 -71 -30 72 7 -18 -93 70 47 15 0 -99 29 -57 16 33 41 -96 -97 16 54 -48 38 50 -37 -87 -38 74 -39 7 15 -10 -10 -75 -75 -12 -69 55 73 -45 28 -36 3 72 -22 -69 -7 -39 85 -39 -21 48 69 49 -9 49 -89 -97 80 -77 0 -62 -17 -35 -68 -11 2 48 -90 65 91 66 -20
22 87 41 80 -89 95 27 48 49 -11 28 76 -3 -61 -11 -25 20 -86 15 -67 -79 29 -1 91 89 9 -89 -62 69 -20 14 -82 79 88 -93 -47 84 7 -64 73 -60 -40 -66 32 -88 10 32 33 -23 -96 -35 65 16 -53 49 58 -3 5 -25 -31 -79 -6 67 -57 99 41 19 -28 -48 97 -14 86 33 -59 92 75 75 -51 -5 -51 -39 46 18 27 -9 83 -80 44 26 -94 2 -71 -47 37 70 99 22 82 93 -28
-26 98 15 -94 0 44 11 -58 63 89 -91 -24 78 -12 -3 -95 85 -29 92 97 29 1 -84 -40 -44 -92 -4 22 -58 -40 22 -21 -30 -73 41 84 58 64 -32 -28 -39 -70 78 9 59 42 -90 -99 -42 -52 71 87 82 21 -83 -23 -42 72 16 31 34 33 -16 40 -86 43 92 -4 -14 30 -9 -29 24 80 -80 -50 44 -44 54 63 -45 80 99 51 19 41 91 50 59 61 77 86 -39 -42 -71 -56 79 -39 70 44
-91 -45 -19 -42 -67 43 -6 -12 -73 -82 67 -14 -97 1 -44 39 91 -60 42 -64 86 -4 -8 83 64 96 64 -49 -1 -41 -97 -43 -23 45 82 32 -76 48 -42 63 -71 -61 -77 -10 51 -59 22 -42 68 28 93 -26 -59 -64 26 55 -19 -70 -67 -64 63 -15 9 74 99 100 -8 26 -10 68 38 35 76 62 32 -49 30 -2 98 8 -23 28 -73 76 67 -2 89 -43 83 -79 88 -57 -4 -73 67 -87 26 -53 -1 -98
-31 78 19 -95 -94 -69 -100 -57 -39 5 -75 93 90 68 -63 -41 -89 -30 -28 41 78 -74 -54 56 93 6 91 46 79 98 27 -32 -88 -59 40 -10 -64 93 -60 18 -45 66 -50 -53 -13 85 -62 -99 62 -39 64 -55 67 59 10 54 -100 -30 -12 -84 46 -29 33 58 -53 45 73 62 29 5 -90 34 -80 -78 -43 55 -13 72 -76 -88 23 5 44 -22 -29 -50 85 41 22 99 -53 -41 -95 -28 -13 61 -77 -37 38 -22
77 -47 -67 59 97 -83 -54 5 68 4 -83 44 -45 -20 -92 -5 66 -73 -83 92 89 11 -94 -70 9 -94 7 -83 -27 -32 58 -19 -62 51 -86 39 -94 34 76 30 -20 -21 94 1 23 -13 -80 -59 73 42 91 -1 56 76 68 86 -78 100 -17 -93 41 85 65 -56 87 36 -93 86 -13 -54 11 44 -35 45 -3 43 10 62 70 -61 93 65 26 53 -63 36 -49 -95 0 19 84 -31 -60 23 -51 -73 10 40 19 -59
-63 45 -91 -69 -47 -67 -74 -30 -65 -39 82 -49 5 -74 87 64 -19 79 -83 83 -68 -65 4 49 95 -41 65 -86 48 20 12 -52 -17 57 52 70 18 99 -80 67 2 -21 86 19 88 84 1 97 54 -29 -21 90 1 49 21 -82 -98 59 95 70 25 80 -62 -32 -3 6 -14 -52 -12 40 -13 0 33 28 -84 -62 46 27 -94 86 62 -31 92 -91 23 8 -35 18 22 -85 72 -4 79 -65 35 65 14 -33 -43 33
93 -5 78 -9 -32 62 -91 -18 30 -7 20 -53 35 20 16 -47 -71 76 -81 -13 6 -19 57 39 23 -83 -31 -84 28 -68 -27 -57 -26 -65 -20 -27 -22 -6 40 58 72 22 93 -32 -55 20 -84 -63 -90 57 -29 -69 -44 80 -2 -53 -19 -54 19 -29 -65 -76 -81 -18 -61 -32 5 -94 72 -99 -4 66 75 -64 81 22 -14 75 -98 -94 51 -41 -81 38 66 -2 -71 -35 11 -35 -2 -4 71 -86 9 14 74 -53 -56 36
-15 -2 69 31 74 -54 -87 -33 1 92 95 39 -16 -15 15 30 97 -6 -71 15 13 49 -3 -43 84 42 29 14 -82 -36 17 7 -77 93 -20 96 77 -86 -40 28 18 -89 9 -47 78 -11 -8 45 63 -51 54 -29 -49 -67 -87 22 -7 13 33 -45 46 -53 -26 -21 75 88 7 -10 -40 -18 -74 -35 -99 -4 57 99 -94 32 77 -2 -30 -79 39 -18 -13 -70 -83 63 -87 87 -90 60 2 17 -41 -76 56 -87 -52 90
-61 56 -96 35 -65 31 99 56 85 -90 -100 -32 18 59 -53 -61 -90 9 77 -51 92 -60 -44 -49 4 -67 2 -87 39 -83 -15 0 -84 -24 61 -10 71 -45 38 77 -56 63 -96 15 -91 -94 -16 -47 -13 43 -40 14 -35 -34 -54 -93 5 -45 -98 46 -91 -63 55 -6 13 49 -63 11 23 -26 -24 -20 75 -19 -84 -57 -32 -15 -82 41 45 55 48 73 4 -35 32 15 -23 -44 -63 -92 64 55 -46 41 -28 25 -15 -41
-68 3 -37 79 33 -51 -4 39 52 -93 -40 -90 5 73 10 67 -45 85 91 -25 -38 99 16 11 9 -23 58 -84 23 44 -57 -85 -55 -59 -91 29 -92 -70 39 68 18 1 -10 18 -73 -63 92 -23 -34 60 -42 69 77 99 45 18 -41 41 63 38 13 36 45 -87 33 54 -92 5 -100 97 84 31 -7 -1 35 -22 -26 19 41 -34 -31 12 16 -17 89 -53 -73 -77 52 58 -61 -68 -77 86 90 -3 -62 36 -81 55
41 -100 -62 -71 -35 -41 -75 84 -66 22 -65 -82 12 -11 55 7 -54 6 97 2 51 -54 -58 -20 22 -29 -52 -44 -97 -72 19 10 -92 -19 54 95 82 -49 98 68 -64 92 -17 5 -23 -60 67 1 -5 -44 26 55 9 -17 64 -4 -45 64 -1 -49 16 41 61 61 35 -60 -41 -86 67 -39 56 -99 56 5 40 77 39 -30 -67 -62 46 -63 -90 5 -37 79 37 69 -34 -75 11 6 59 -84 -66 11 17 -4 46 65
-99 5 -32 -67 29 100 -41 75 -5 -40 25 94 -55 -48 56 43 82 -8 43 -1 88 28 96 69 68 70 -94 -3 1 77 -6 92 83 -74 26 79 81 -32 -17 90 69 -69 -4 88 56 -45 23 62 71 -58 40 21 -24 11 95 -51 -84 -44 79 74 3 -75 -75 19 -79 95 19 -63 71 82 -64 -3 59 -8 39 32 81 -67 23 -77 11 -57 100 1 81 84 -96 3 64 -13 -29 78 72 -34 36 73 25 46 77 24
-86 -65 -66 -88 -75 -3 76 -59 -69 -19 96 98 -50 35 72 -65 45 18 -16 21 -100 93 41 12 -99 3 73 38 39 -83 -28 -76 83 -8 -75 18 52 86 -89 6 76 70 46 -36 -49 -75 -94 9 100 -55 18 54 50 26 -85 64 -23 1 -62 -32 -52 13 -78 -58 39 13 -11 25 -27 34 52 83 10 -68 89 -48 -16 17 82 27 -67 -82 -63 -1 97 -10 56 73 13 83 -12 -48 97 -67 63 -29 0 47 -9 72
-93 32 -9 -84 -83 -43 -6 -24 -4 -60 59 86 97 46 -23 -57 0 20 -17 -84 -2 87 49 81 -72 8 28 25 89 98 41 -40 -75 -42 60 -12 -87 -61 99 -9 -57 29 -75 86 -23 -7 29 82 29 55 22 1 -59 85 6 28 -97 96 48 -31 85 31 -53 94 -50 85 -22 29 76 -50 -77 60 -27 -70 -80 -81 49 41 -60 -4 70 8 -16 -30 -33 6 10 -29 56 -5 -27 -40 34 51 12 -70 100 53 26 5
76 34 -72 -88 77 24 98 -10 -31 13 -33 -15 -34 -97 27 -14 -35 -1 76 -18 69 -80 95 -44 57 -19 25 -73 -36 86 -82 -41 -50 -58 -36 74 40 86 -25 -97 93 -41 15 -75 95 -29 -97 -54 90 -38 62 12 60 -19 34 21 -61 80 -44 17 89 -46 38 26 16 -86 61 53 -73 -36 -68 -66 -68 92 -61 -44 83 98 9 -18 22 -77 9 -25 29 -34 84 12 43 31 97 36 -43 1 -50 23 27 -79 98 -17
48 -48 22 14 38 -46 -68 75 -21 -65 -32 11 1 59 0 42 -73 68 -97 26 41 -72 -14 -92 74 68 -1 -44 -77 16 -28 -37 94 5 41 -37 49 -34 -78 4 -74 21 -34 -43 9 -43 81 -37 -38 44 -42 29 -65 24 -85 -53 -21 65 -85 2 -73 48 -86 11 64 69 -72 -52 -51 -62 4 -28 -68 -33 -97 -23 63 74 -88 -96 -85 28 -77 93 -30 -50 90 -92 -76 -79 -48 -7 -22 13 -77 42 -99 33 72 -13
-63 -10 -39 -31 -88 -40 33 83 17 68 -67 10 -26 94 -72 18 -4 -49 71 75 -51 -96 -62 9 -39 14 63 50 64 -94 95 -37 -25 -77 -15 -6 -30 78 -80 -66 88 48 -53 -25 -26 3 32 89 98 -54 -52 40 -71 -98 99 -47 -64 94 75 84 -77 -61 99 -12 -88 54 -12 -67 -29 35 0 47 -14 57 47 -42 -6 -12 -25 81 -46 -71 -79 -91 -55 -94 -55 8 -75 53 84 70 -85 -59 -48 -28 -8 -70 -52 82
-66 81 -22 97 -18 62 9 30 -65 58 -71 -87 -59 77 70 -35 -55 -40 74 42 -14 50 -34 -94 14 93 21 -88 -51 -93 -21 23 41 80 53 -48 -53 57 -38 -22 31 -78 15 52 -6 -11 11 69 -49 50 -86 -15 94 -19 16 -3 27 -98 -24 43 36 -69 34 -86 -69 18 -70 100 1 -30 -28 -42 -16 3 -56 77 -76 100 -39 99 92 88 -74 52 76 35 63 -25 82 -48 32 100 -12 31 -71 -8 -66 -69 64 6
69 61 -55 93 37 -84 29 12 -86 24 51 78 -57 84 -33 -44 -14 34 -46 -50 60 63 39 -59 -53 -47 22 -45 -32 -71 -45 61 -20 -24 -65 -79 42 -56 -51 34 -84 53 60 -22 89 98 -58 -90 -99 -79 85 -80 42 -37 -18 69 -77 69 -38 61 90 -85 88 -7 72 22 -29 -33 -8 32 65 62 63 -43 -26 79 76 -95 20 -77 12 -94 -36 16 -95 -42 -1 83 77 -25 -89 31 34 -24 -41 80 -54 2 -93 38
84 29 -95 75 -3 -28 -71 79 -30 8 82 84 -57 6 -75 66 -57 50 49 85 0 -47 71 32 53 75 -24 34 62 78 40 -15 50 54 39 -77 37 -80 75 25 -71 57 49 59 -77 92 97 60 -47 12 -59 -90 41 52 73 74 19 -64 -29 96 -39 51 94 -31 -98 64 71 25 -42 -40 -32 66 -12 93 65 9 -1 -27 81 25 -100 7 -36 99 46 -41 -6 -12 21 -45 -77 71 -28 6 -7 31 -42 24 57 -27
29 43 -53 -82 85 -69 -28 -42 -46 -9 34 24 81 25 -89 -13 -75 23 43 -98 -50 -94 -45 -83 64 -7 -10 -73 -5 65 -31 -20 -36 -24 -34 9 -92 -48 -39 -45 -90 -31 -38 61 10 55 52 -24 84 -19 46 98 -69 43 27 14 86 11 7 60 17 13 -56 -100 -44 -95 -85 -10 -32 70 -57 71 -47 -100 -63 -27 27 14 -26 72 -61 9 69 -88 82 97 100 45 3 10 -23 31 -75 -3 -15 49 53 20 -37 93
-17 31 -39 96 84 29 67 78 -62 -85 -90 48 -78 75 88 15 -99 -42 4 -46 14 -35 -60 -65 -31 76 -7 -37 79 76 30 -60 -49 -54 -10 -30 6 -53 -17 56 -93 58 -90 -47 37 -32 54 96 -15 -74 45 -12 52 -51 -65 91 96 -74 91 -99 39 62 43 -58 67 -79 -35 -61 15 43 8 83 75 -10 -12 36 -8 -89 29 -6 91 54 -74 -28 17 53 75 -57 17 -12 29 9 -59 -40 -16 -40 17 -50 -61 100
-67 -97 -70 28 -27 35 -87 9 -86 83 -50 -77 26 -85 50 96 -56 -30 -55 -78 34 -9 -72 67 50 -90 14 41 -62 -59 -85 -11 57 -13 -31 84 -41 -92 -47 -50 -85 47 18 35 -3 75 -52 -70 7 -13 -79 -48 -65 -80 30 -65 -47 62 -95 -84 -48 -83 -69 -13 48 21 44 -10 58 55 -42 37 -37 93 36 44 38 55 28 -1 50 -48 -34 -89 -20 6 51 48 73 16 -16 -12 19 -90 -1 77 7 61 -83 54
38 60 -44 30 -31 72 -6 -40 70 66 78 -71 -90 36 87 -17 49 91 -46 40 -18 -28 9 67 23 -66 -22 -25 -4 -80 -9 42 -86 -45 -74 -55 46 -48 -77 39 -30 -2 -95 -52 -42 -15 -30 39 5 15 62 -67 -53 32 -89 -41 -71 -50 16 -74 -37 -70 22 -54 40 54 -35 -39 -39 -78 -70 -43 56 -17 -42 90 92 60 -98 6 90 -76 -1 -76 67 93 14 41 -91 22 -47 32 14 37 17 76 -83 -68 9 -37
71 91 -42 63 -23 -73 -12 24 -87 61 14 16 84 -89 72 87 -54 -43 77 -40 -59 -97 16 99 21 70 92 -71 50 -40 12 53 79 -61 52 -38 -37 72 30 -75 -83 -65 -93 89 92 -65 79 -12 -41 77 62 43 19 26 6 3 62 -92 67 44 -83 8 65 78 -72 -21 25 -72 75 50 10 13 65 -17 -58 4 -1 -82 55 -45 -70 64 59 75 -84 -73 64 50 51 27 27 -98 95 -38 -20 68 -69 -33 86 28
-21 47 -75 -18 76 45 -25 -63 71 -63 65 -36 -77 58 -71 31 53 -45 -85 84 60 -95 -38 -81 16 59 -2 49 -21 98 -30 -74 10 -93 -5 -8 50 -31 60 67 -81 67 -87 -57 -35 -92 72 -18 -78 -3 73 -58 -64 26 -53 -37 -4 -13 44 84 38 88 86 41 12 42 9 6 -91 -100 -89 4 43 40 -28 -33 -26 7 -71 36 -41 -98 -90 27 13 76 -86 66 -91 75 7 -91 26 52 56 -15 76 -98 69 25
-39 21 47 17 -13 7 -3 48 21 40 -41 93 10 -95 19 67 -89 27 42 29 -66 80 1 -2 -74 31 4 -16 77 -83 -56 43 37 -20 96 -92 21 81 -53 70 -8 -68 -60 -36 -61 70 -34 66 46 -72 70 -89 54 11 -82 -96 82 37 -40 -59 -61 0 72 21 41 -9 -42 -80 37 -79 85 94 -18 -41 -69 98 79 64 38 17 97 -57 45 47 35 -87 45 23 2 -94 -10 -44 67 91 -10 70 98 63 -65 31
32 74 89 -94 -42 71 -12 37 -44 -15 79 -9 19 91 -64 2 79 -14 -74 10 -27 -96 33 -76 92 -69 -76 50 82 -73 78 47 -64 87 -84 83 -88 27 69 -77 17 -65 -24 -99 -7 -22 70 -48 -33 -95 -69 -40 55 53 48 -84 -75 0 37 84 -81 -4 14 -73 14 21 2 73 -8 18 -40 -95 93 16 -52 73 18 99 96 62 -34 62 -58 -87 18 -41 72 50 57 92 -6 -83 37 5 -35 -65 -92 -6 -72 99
40 14 -49 99 75 -34 28 -90 35 20 -68 60 6 -63 88 -83 -78 -4 -17 -38 -9 -63 -79 21 83 5 -39 -32 3 51 -81 -1 14 -81 -95 -17 71 12 74 60 -20 -76 -22 -62 -86 17 51 69 41 14 58 19 77 26 31 70 52 -90 -44 74 93 -31 47 -15 94 82 47 -29 84 61 72 49 -84 -11 36 57 40 27 90 5 90 54 -88 75 -15 58 31 89 -78 -30 -78 -65 -26 68 29 94 30 11 -22 -54
-47 -16 58 18 -43 -95 69 41 11 36 41 52 80 71 58 71 -29 -36 -13 -9 -70 -48 -35 -62 -53 58 65 70 -12 57 -11 -87 27 42 -28 77 36 -55 -19 -20 64 15 -74 3 -81 6 100 -91 53 10 -63 -38 -51 100 65 -24 74 -15 -53 29 18 -27 71 31 -16 -31 -33 55 72 -50 -68 -45 9 39 24 66 -37 61 -82 64 -94 97 51 -19 2 18 -35 39 -28 -54 34 -8 87 27 -63 -89 -20 -3 20 -34
45 -38 -32 -71 6 -30 -75 25 97 21 -31 -33 -2 -70 97 -29 61 43 63 -91 31 -60 -26 -91 62 47 83 -6 -85 -91 -74 6 8 -59 -35 -2 -27 35 32 -5 3 -63 -18 41 64 -7 30 -59 -76 -19 -3 63 -77 -70 21 -56 -1 20 7 86 -1 82 75 40 -65 58 -69 82 63 -89 45 63 50 -94 -77 44 45 58 -84 -10 67 -67 -45 97 91 47 63 -59 -18 63 16 40 -42 59 23 3 -98 8 -22 -69
-91 -6 -51 4 -62 48 -6 -34 -95 33 23 49 -62 88 -97 -28 -86 -6 5 27 71 -47 -72 -74 64 -60 -77 68 -23 18 38 -33 64 -50 -30 -25 -27 -16 -21 -73 78 78 6 -87 89 -45 26 -71 73 92 -35 -13 -64 -82 -4 56 -15 -71 -71 24 -47 -7 -21 64 87 65 -74 -66 5 -95 65 96 42 27 -19 4 -81 -58 -63 89 85 50 45 48 -69 -88 -39 -91 94 13 -81 -79 73 98 89 45 63 -24 -36 69
-18 -27 -64 -51 -83 -76 -10 82 -66 -26 -63 72 -39 49 75 -29 20 23 7 -3 -42 -9 -73 -34 -2 -14 88 -93 25 -67 -30 29 -82 -38 -72 51 -14 -91 -70 -46 -40 9 56 -90 -56 -3 94 31 -81 100 74 -37 14 -64 5 -57 -55 -86 -71 -34 68 -52 29 -66 51 -67 -94 -99 -27 29 84 32 -18 83 -30 82 -58 -89 -57 -53 45 52 -97 -72 -97 9 96 -91 -7 85 -1 -68 5 22 30 -34 51 34 -14 72
74 -61 -48 97 -54 45 53 -88 36 58 -53 -97 82 -56 89 41 61 -94 -45 17 89 -14 25 -60 24 24 52 42 73 14 25 -62 -53 98 -1 21 -36 -13 77 -15 -49 -69 -6 -31 22 22 -54 -78 -77 75 -91 -81 -54 35 66 87 -17 -58 -71 17 56 13 -81 -37 -98 -85 -93 -67 -25 52 -50 81 -80 81 -47 -75 -41 12 67 -62 -63 53 44 52 59 68 67 -22 66 -70 -53 15 69 -63 -90 -24 -24 -68 -3 54
-35 75 -25 83 80 89 -34 45 -1 6 -47 87 -28 -75 8 -90 49 33 86 63 23 -61 -76 24 47 36 71 17 -97 -27 -67 -43 -24 18 81 2 -49 77 -35 43 67 53 53 -27 -70 -15 -35 20 65 27 -71 2 -99 74 -10 -92 -70 -41 -35 85 36 -73 69 -47 -1 -77 -87 48 44 38 -40 58 -30 35 -95 -25 -86 -91 77 22 -54 -43 -21 31 74 -66 72 -20 -81 27 -7 97 -51 39 68 21 -7 -89 -54 -78
7 22 27 96 53 77 67 96 -76 55 87 -2 -84 -29 14 -21 15 9 12 26 -69 -44 82 -47 -41 -63 47 17 -71 54 -97 39 49 28 -57 -85 62 61 -83 -79 7 74 -44 -76 -92 -81 -45 -58 -4 73 -3 90 -27 -96 26 -46 -22 21 28 92 -9 6 -53 -9 87 61 2 -84 -50 97 10 -20 -58 51 -37 -100 -93 -19 60 -54 11 40 -65 25 9 -13 -45 74 -93 -16 79 63 74 78 -67 32 -31 19 0 -5
-87 -87 -58 -60 -12 -28 63 57 -50 -70 17 -29 5 -21 -45 -26 -96 42 -80 79 -80 51 -48 -70 -41 4 40 -12 -79 32 -36 -94 79 -64 80 94 23 37 -91 -81 -17 -78 87 64 39 -28 7 -47 4 -78 -55 90 82 -93 11 37 -52 -89 99 65 -84 82 -30 -91 -85 -32 41 36 -100 12 67 9 65 49 39 -75 95 -97 -87 -45 -19 21 -76 -93 -66 5 22 -5 -65 -57 -77 -100 71 70 -77 -93 -92 -74 47 98
49 43 -64 -74 -81 -88 88 15 -18 50 -61 44 47 48 84 -62 -99 -56 -17 -95 51 91 -86 16 2 -95 -6 -83 59 17 36 91 -58 -89 47 55 67 -61 -60 5 -19 55 -67 -26 -71 -47 30 -95 -58 -97 45 89 54 69 -66 78 -23 -41 53 -13 55 -98 83 21 38 84 -97 80 39 -91 -52 13 -99 -27 2 -97 69 -41 71 37 -86 -17 73 37 -6 35 38 -84 -54 -84 42 -50 71 38 34 -88 -55 82 51 -7
81 -44 13 -29 30 30 77 -17 83 -43 -53 -60 -94 -97 -10 -57 -99 -93 79 -89 -59 64 87 -24 12 -96 34 -37 1 13 67 60 49 32 -19 0 98 47 12 95 56 16 28 73 -74 -8 -37 -82 58 94 60 43 45 -55 -46 -82 66 68 100 -81 75 -56 -46 -49 -91 -41 92 47 -8 70 82 -13 -92 -74 63 85 56 -74 -3 -27 -76 -6 -98 57 80 26 77 100 -59 -99 -99 -56 100 23 30 -28 -10 47 13 -25
88 -75 -75 1 21 -86 -78 16 -95 -8 -38 43 37 59 95 -61 59 78 -36 -16 77 -62 -41 -76 -82 55 -35 -44 -41 60 49 -69 -32 -44 49 -7 -50 62 -10 8 -69 -70 8 0 15 -67 -26 -85 50 45 -77 -38 61 14 1 -76 34 18 -15 56 22 -94 57 27 84 -18 -51 -28 61 58 -66 -87 67 82 -63 -42 -42 37 39 78 -81 -57 -54 -63 -40 -67 -61 12 99 -84 33 12 92 95 -51 -82 43 23 -23 39
-73 81 -12 -95 30 -54 63 30 -96 47 -84 -81 -66 7 21 17 55 -96 -40 25 -64 18 -65 -87 -60 -2 7 -40 23 45 -52 22 -36 7 -82 -21 16 -90 93 44 -62 -60 -58 -99 95 96 -88 62 -75 96 -56 34 -45 -87 29 28 27 28 90 -16 25 0 44 32 -11 0 61 21 16 -73 83 97 -94 44 44 10 10 4 18 -69 -85 -85 97 -26 16 46 28 1 -75 -68 -41 84 -30 46 -63 -31 -74 58 72 -73
69 0 62 -37 -12 31 98 -42 -11 85 48 60 -80 37 11 32 -99 -42 -18 -54 -83 18 5 43 -55 45 17 -59 -21 38 -92 -42 54 -16 -47 9 71 22 -11 36 -69 63 -90 -85 68 24 -29 -72 -11 98 53 -52 51 66 3 32 -56 -6 -32 7 -77 -4 93 82 -69 55 53 -53 -13 0 -85 -47 43 46 -18 -76 -41 -83 73 7 -25 -79 4 -21 65 95 14 -71 91 -86 26 -83 44 -60 29 -57 -51 -21 -30 -58
-39 64 75 -99 45 63 81 9 43 14 98 -93 -100 -56 16 -51 -65 -83 78 -68 69 86 -74 81 83 86 -37 49 85 57 14 -27 71 -63 26 -38 -13 60 -82 -75 27 -64 -70 28 -64 -22 87 -32 59 -86 17 -43 12 -56 37 74 36 -82 -40 100 -21 -93 51 4 -100 79 -51 61 78 -79 52 -20 90 38 40 83 45 9 -53 -2 66 46 95 76 41 -1 -25 -69 91 -97 -82 26 -56 58 34 -47 67 0 62 -66
58 -29 37 -93 98 -20 -66 80 63 -17 -9 61 59 -14 -52 -94 -37 -61 74 -38 -33 -53 42 -53 68 -10 50 -82 -33 -18 -96 21 -53 39 -64 -15 -75 -10 -76 -45 -40 -69 50 57 -18 95 -18 60 -59 -10 -8 -71 42 -7 -61 -24 -32 -25 -48 90 82 -1 20 -60 43 -59 100 -67 68 -22 28 -41 -100 -32 2 37 -57 -36 9 18 -51 -74 33 21 62 -45 61 59 95 -66 -25 38 -1 -43 -16 -77 45 38 45 0
