100 100
0 64 73 -12 17 -12 -99 -9 12 -40 -23 18 -85 -34 83 -27 95 -60 33 -43 -66 56 -16 85 60 -31 -49 70 69 -41 -9 -83 55 -60 29 -74 56 80 70 -94 -90 -2 -53 78 53 -58 -77 28 43 96 -58 -38 69 35 -88 32 49 36 54 24 58 -47 76 45 -34 9 -44 -64 2 -28 -16 -74 -38 -52 65 43 -21 -59 -88 -76 72 -98 -90 21 -66 -20 -9 -92 -39 93 -7 -46 86 53 41 97 87 -90 63 56
14 -76 -54 -29 -88 6 20 23 33 -27 -63 61 -8 89 -85 76 -11 -23 55 -6 -11 -60 -13 -3 71 15 -88 40 42 -88 -99 25 18 82 -8 -69 -100 -74 69 -31 96 -7 92 10 -6 50 -2 -54 74 49 69 -60 -85 12 22 -68 88 -68 30 -46 53 35 -94 -47 27 -71 27 -46 -77 72 -62 -24 -14 -67 -3 -23 -38 -48 -84 65 -90 -86 57 -50 -38 51 85 94 90 59 -73 -9 -79 -11 93 -93 36 82 33 91
-45 -51 -38 8 92 87 -7 55 -87 -85 47 -65 19 53 -6 39 29 -68 -81 -22 8 6 -78 29 75 -87 64 -21 64 -55 -35 -7 50 31 -85 36 -17 44 6 1 -19 -48 58 31 76 -67 84 42 -79 55 -6 46 68 -71 95 -36 -42 53 -64 -65 23 -86 67 33 -37 -56 54 23 -54 -37 66 54 -97 37 -37 -77 -86 -79 75 57 46 40 -68 -94 -83 -36 -22 -56 96 78 -24 58 -68 65 0 94 67 -83 12 -98
-89 86 44 -38 46 -82 -18 49 93 34 37 85 -99 -22 78 -27 37 90 79 -12 -1 79 51 78 -28 -60 100 -10 -21 -6 3 -6 95 96 69 9 -53 -61 -16 -86 -36 66 74 18 -68 -78 32 61 65 56 -53 62 54 -24 10 -85 73 -51 -6 3 -25 7 -20 52 3 35 60 -36 -96 57 96 -42 75 43 1 94 -92 -8 -28 -55 19 90 -73 -7 76 19 19 79 -48 63 -12 -90 31 -57 -43 -81 5 -83 5 -32
0 46 75 -46 92 -66 -24 -74 26 81 77 -48 -45 23 -84 -10 63 -60 8 43 96 11 -78 -71 97 -71 52 -15 -10 72 -6 -24 18 -82 67 15 92 47 -12 57 -77 -80 50 66 47 29 18 18 -5 47 -13 -8 36 57 5 -12 27 -42 20 87 -84 36 38 72 85 70 -64 24 -23 -36 1 -40 -6 93 57 5 -42 27 12 -15 -69 12 -3 -98 -45 32 92 17 -7 -48 97 82 35 69 86 -75 58 51 0 -61
-23 -39 64 63 -53 -46 74 -10 -66 77 86 -29 -89 39 -52 57 -10 66 -31 -27 46 66 -85 -23 23 50 57 -36 69 9 -39 -21 -83 74 -89 -56 -53 -14 -12 54 -23 -51 -7 57 28 -16 -39 -99 -21 9 -29 24 -20 -79 3 79 65 -18 36 29 -67 83 7 -50 58 -73 17 45 -18 -79 -69 -39 64 -91 57 64 3 -1 -81 22 -87 97 25 -12 37 -15 -71 33 -71 51 -38 98 -58 88 34 93 -17 19 -100 95
45 -99 -26 32 -18 43 59 -20 -83 37 -17 -50 -49 -88 6 52 -71 -56 -54 59 -89 -93 12 -24 -81 -42 55 -19 44 -14 -39 91 47 15 94 -53 97 58 54 -42 69 -96 -19 91 -9 -91 -92 -53 -41 18 73 77 -73 7 -41 2 -64 41 -91 29 20 -61 -80 30 63 3 26 -37 -14 -98 -45 90 50 -100 4 55 64 94 -68 58 -70 -13 -19 25 -87 83 35 -41 38 -32 35 -76 76 -54 41 18 9 -19 14 -71
35 34 -97 76 -34 13 -82 8 -39 -66 12 -42 97 0 40 -32 -64 -56 20 -97 82 27 -5 -60 -15 74 -71 -92 26 -85 -13 -72 23 -9 -99 40 1 1 -64 -58 -100 34 -65 1 56 31 -59 -25 85 2 83 -1 -67 40 -55 97 20 -7 -49 67 35 -21 -17 -1 9 30 -83 -33 -49 35 -89 45 -43 -96 -36 25 -56 -58 -47 -100 31 -55 59 -12 -68 15 -29 -60 -22 -53 40 32 18 0 59 4 34 -100 64 5
100 -67 -62 -72 82 -51 -75 71 -91 18 -33 43 -62 34 -88 6 -20 7 -15 75 -38 -61 2 49 71 -56 19 68 36 24 -66 -100 -45 -28 -96 34 19 99 1 -89 82 7 57 -51 -51 -93 93 26 4 95 -16 80 -34 -53 -35 -4 -93 -7 -84 90 -4 39 39 -54 -88 -51 -19 60 -70 85 78 59 -34 -61 -72 -34 -73 7 -45 67 -46 98 74 30 50 -60 12 72 -71 30 -27 -100 -70 99 21 88 -45 79 -53 -27
-15 24 -14 -57 21 -56 55 33 -95 90 49 52 -53 -29 66 75 -34 0 80 47 -97 71 66 -9 -80 -77 30 -61 -23 -50 43 -15 -38 0 45 44 -81 99 -41 -85 -27 -59 -75 55 -78 -69 91 -81 -60 -53 -87 -32 63 -54 -14 58 51 -70 -5 -100 26 -13 -46 -55 -79 -46 64 70 59 37 -6 -63 -32 -26 53 5 -7 66 -12 -37 68 -87 43 -25 86 -94 81 18 0 -51 -90 1 -2 -44 -70 78 -26 26 -93 89
86 62 -30 -40 -10 6 34 76 86 -96 -7 -11 -43 34 78 -34 -25 70 -30 20 37 -37 92 -47 77 -83 -68 76 -50 34 37 -73 69 19 -3 -65 13 -67 -78 -86 -13 -70 -85 -11 62 74 -48 -31 -77 98 98 -78 -49 2 48 99 69 -17 -65 99 5 81 97 62 31 -73 -59 -63 63 -75 42 78 7 43 17 -24 24 -42 2 50 -3 -46 -98 -64 28 -82 -34 -74 -59 75 -100 70 -98 -40 -89 64 -91 -90 -1 -46
56 -62 -59 8 80 74 57 -86 31 -36 -30 84 18 88 39 42 -37 -41 100 93 13 -17 -28 -58 37 -55 87 -27 -61 -51 -60 7 -44 30 -54 60 -51 21 -65 59 31 8 -81 -14 -55 29 80 14 29 -51 93 -76 -1 -19 50 83 25 22 89 -54 59 -56 -53 2 -33 -92 -37 53 -56 -48 -48 -86 65 -74 78 36 -72 -84 10 34 -31 -44 -92 -47 34 -99 42 -15 -49 -91 42 -28 -21 86 10 85 18 1 19 -80
57 -59 2 21 91 -14 -20 -22 -44 79 19 -96 -12 0 -64 -46 95 -38 98 89 63 -51 -11 0 5 97 -10 -80 -59 84 28 -89 77 25 -64 -75 64 41 -27 89 -16 17 4 60 9 -98 21 22 63 -98 -18 -51 -71 29 -25 1 63 7 85 82 -70 -89 77 93 -5 -85 -51 -98 57 -95 19 -99 79 58 -18 -41 38 31 67 -20 -29 -76 85 -53 -1 -32 41 15 -9 10 91 -29 -47 57 58 -22 -28 60 -19 -46
-31 -13 -23 -12 -86 91 33 -20 -79 -66 69 50 -29 21 -88 -50 -60 22 77 83 -91 80 32 -20 -96 -57 38 5 -76 2 94 -26 -97 -74 -69 0 82 3 -11 -31 86 -95 33 29 64 -54 16 92 -38 -73 98 -23 1 46 -4 61 -3 49 2 16 -39 48 38 -49 36 99 -53 42 37 -51 -34 -90 -25 0 -6 7 0 -97 -45 -51 -19 58 10 -97 12 -88 32 19 29 97 29 -68 -33 -65 3 41 30 -44 78 70
-27 -49 -11 -15 -87 -80 -28 76 10 32 -19 45 -76 25 89 47 -26 52 -81 -83 -68 -13 26 -82 -99 97 24 83 57 97 -10 0 -52 89 -32 -85 40 87 86 7 44 -4 -44 76 -37 -30 -34 100 -14 67 -91 -94 -48 -59 66 47 48 -99 100 5 82 -17 -13 21 85 83 23 -15 -2 74 -23 82 57 -53 92 34 32 72 -30 20 69 39 -98 -76 -60 47 25 -55 -55 -38 -76 64 45 -93 -21 17 47 -13 45 -44
-55 18 75 83 95 69 -31 -19 -77 41 -46 81 80 -92 -30 100 88 88 -58 -51 -36 -41 -1 -52 77 0 -66 5 -87 6 -66 -26 46 75 -51 63 94 9 17 -85 -83 41 -53 -36 -76 64 75 86 -84 -49 2 -52 -73 -9 -84 -19 -38 27 82 -82 -45 52 40 -55 -100 17 -24 -35 -48 -1 40 -31 98 67 -28 55 -21 9 -23 38 27 -35 25 74 94 64 37 66 -23 -3 -79 27 -8 -11 -94 21 94 -47 11 80
-75 67 -63 40 -42 -66 -47 80 -70 25 11 72 41 -94 -49 90 55 -74 -8 -67 -100 100 58 96 31 -75 79 -60 39 -100 -99 56 88 -37 -90 -33 -46 42 69 35 28 40 41 -45 9 66 -14 80 -24 99 67 -94 87 83 -78 57 -47 53 -84 -31 66 31 -18 3 -98 -12 26 47 16 81 63 96 7 -76 -33 62 -26 95 -12 -2 68 -13 30 -54 -77 -14 5 -99 13 -29 -13 -21 71 -34 17 90 91 80 93 -11
-94 71 57 -29 -13 -37 -22 -52 -91 93 -6 54 9 -71 -50 29 97 0 69 -72 -66 4 -48 -29 -49 -55 84 15 26 33 44 33 -91 7 -30 58 -31 23 -28 -91 87 78 22 -37 56 -31 -90 -30 90 15 -38 -47 69 -28 42 -48 51 -28 -56 -41 68 -45 -10 87 29 -95 -35 94 22 -10 25 -6 -7 -40 40 97 31 29 -61 81 -80 2 60 -23 32 24 -95 -25 -70 -29 -94 -23 -33 27 49 70 -53 -42 66 -39
55 -60 -79 -91 -60 80 76 -12 -49 -56 50 -18 96 22 -48 -96 -64 -26 67 -37 53 15 73 -74 18 74 -37 -38 -68 51 28 -67 56 86 -87 -60 12 54 -85 -84 6 -13 -19 -63 -3 -37 -48 24 -98 37 -95 72 15 50 52 51 12 -26 -12 92 -49 -83 18 -14 58 -68 71 -26 -84 -24 84 -85 -12 -28 41 -98 48 -85 19 -5 -81 -25 -59 -69 -32 84 52 84 -66 -55 66 -26 -75 -55 -1 31 -62 43 -27 90
76 -94 -21 52 -60 -41 76 86 -23 -71 31 -99 80 -87 59 -53 98 -77 -48 94 -16 -42 -61 -24 10 82 90 -76 40 6 -49 89 -88 21 60 -57 32 31 12 24 -60 64 73 -8 59 90 98 59 79 65 37 -79 -26 59 -42 36 86 -41 -67 -31 8 -94 -8 90 -15 52 50 54 -69 -95 -68 -68 23 72 94 74 89 33 -6 -70 22 -36 -95 58 -48 80 3 2 -13 74 100 9 -47 -60 15 -49 -30 4 -20 7
32 -40 -75 -83 -21 -24 -71 -99 41 89 75 -36 35 -98 17 98 54 -61 -100 69 -76 -17 62 -76 53 24 -14 -22 49 29 -49 18 13 -27 99 -8 73 12 -15 27 89 21 -81 22 -81 46 16 -93 31 -18 -64 -12 45 -99 -5 21 -51 65 88 -7 -1 -18 -79 -24 -8 24 89 -41 64 -54 70 -53 91 -61 27 -93 13 55 33 87 68 -63 -75 -71 -48 -38 -75 10 43 66 -55 -85 23 62 14 32 51 -25 -8 94
75 70 -10 83 3 -56 -40 -56 -50 -8 -16 82 5 -98 -90 -72 -73 36 98 4 5 -83 -5 64 -27 -49 87 64 41 31 89 -44 15 21 -12 55 4 83 -5 -36 52 79 68 -73 -31 -73 -62 -94 66 27 -10 -72 -63 76 -75 -51 -77 4 63 99 -74 -15 -73 24 -85 29 -14 70 22 -15 -19 -87 96 85 83 -49 58 -91 94 39 -57 -92 54 98 -27 -74 2 36 91 -88 64 -88 -41 -48 0 42 57 13 29 65
73 -57 -91 92 -53 -79 -86 76 57 -50 69 78 31 -7 60 45 -42 3 32 76 9 35 84 80 -96 25 89 -62 61 -26 8 -83 1 -13 82 36 49 -96 15 91 -8 10 89 -2 9 93 -70 43 31 -67 -32 75 58 74 -80 -72 -58 13 56 -91 58 4 -60 -79 -55 -94 -36 -62 12 24 -54 66 2 -30 82 -3 -54 -47 -44 100 -87 -60 -85 48 46 -46 24 90 -33 -48 -15 37 92 81 -85 -76 -75 -82 -10 -79
-10 93 3 39 -48 98 12 -77 90 -50 99 71 75 40 -6 40 8 -80 92 73 74 60 -40 92 95 -17 25 99 96 49 -48 72 41 13 64 -94 -48 -85 59 68 99 -93 78 -82 -12 -91 -9 2 -42 -5 -6 -25 12 88 60 16 -46 -88 -74 21 83 -62 69 14 -25 -95 31 56 -22 34 95 -28 2 -60 -60 -77 -40 -71 -23 -42 2 87 -30 76 -64 26 53 28 28 2 68 79 -23 -88 -59 -77 68 10 11 -65
-5 57 -71 -11 21 -54 -88 -83 9 40 -51 21 55 24 84 -33 -92 -67 39 -88 -7 57 55 40 -94 -27 98 51 92 -11 86 86 38 59 -89 -4 13 -48 78 -73 -13 -89 -38 -13 78 -92 92 -31 -8 -99 31 -54 -47 67 -55 56 35 -44 84 -6 27 -9 -4 -22 -57 27 -60 -72 -9 -18 -57 33 -100 4 65 -40 -96 -97 -96 82 31 8 72 55 40 -91 -45 -23 88 81 -59 -29 53 45 26 -51 -84 31 64 -13
-28 -73 -58 -18 -75 64 -60 34 94 -30 17 60 82 7 -31 79 -31 -5 75 56 -31 91 16 -77 -72 30 62 -78 26 36 67 -1 55 1 -97 -90 36 -54 -84 88 11 52 -31 -84 95 41 58 42 37 -88 69 54 81 -57 95 -57 -3 -27 27 30 61 25 50 -66 -23 65 87 47 68 -79 29 50 -23 70 -80 -96 -38 32 100 8 47 -45 5 50 52 74 -90 9 78 -53 46 87 83 25 -22 -9 -80 -35 23 57
-10 -10 -60 23 -42 -17 -74 50 -84 -13 45 -19 16 30 71 -63 96 32 40 37 21 84 36 55 -19 -11 82 11 -8 0 -71 79 -73 79 85 61 9 60 -58 74 -51 -25 51 -83 -7 -31 27 -96 12 40 36 17 -15 48 -96 -68 7 -28 40 13 -46 -84 -82 72 12 -92 81 14 -61 82 -96 95 42 -83 -71 -27 -37 -42 -12 -8 -11 -75 -33 86 93 45 38 25 80 29 -26 -74 -67 -48 74 -25 49 43 -61 53
34 -14 6 38 13 -90 -59 93 94 46 -21 -24 80 61 -31 -93 -57 -1 88 -11 31 39 -98 -98 -33 32 14 -42 45 18 51 93 90 -71 83 -36 34 -35 -61 -82 97 0 -26 -23 -7 57 -81 92 43 23 -1 -49 78 56 -16 97 30 -95 24 22 43 -22 -71 14 -94 -23 -56 -56 38 32 37 -6 56 25 71 16 -14 -20 -1 -3 -84 0 93 -49 -53 52 -99 -57 70 -40 68 -54 13 25 13 22 20 -37 -39 27
-69 -7 -41 -2 25 -31 -22 -24 -35 33 -64 94 -95 -94 -55 -25 13 63 -33 -13 -17 -62 9 -89 -41 51 -8 -12 98 42 -80 61 -99 -98 -39 -76 77 -43 -91 74 -57 -89 -71 -64 2 -22 -46 69 -4 13 66 -82 -29 -45 25 21 90 -85 23 -61 85 -82 59 42 90 -97 -63 28 71 -11 -32 -65 -27 -95 -38 -39 -5 -70 21 90 -71 45 -1 -76 33 -24 66 29 57 53 -49 -69 17 -57 54 76 49 1 -1 73
54 55 -32 68 93 82 -50 -30 -73 48 -31 86 -95 -99 -11 0 -19 59 66 -3 12 12 53 41 -13 73 -77 90 -46 -63 -40 -92 -34 -15 -46 56 90 21 6 91 -22 -24 5 -38 90 -17 93 -29 32 15 -66 -65 -4 24 37 -16 -55 -83 14 12 -21 66 5 11 49 -91 99 67 40 -47 52 71 -34 -51 -11 -40 43 88 -76 5 90 -94 76 15 -32 -15 -81 -77 -17 32 73 30 99 17 -15 -5 16 78 -70 -85
-6 44 88 10 41 18 -13 20 39 34 -91 4 99 25 34 56 -75 51 77 -21 17 -98 -13 66 -61 38 -68 -43 40 -45 -73 14 39 -41 -54 -86 -77 53 -14 6 15 67 25 -23 -9 97 -87 85 -22 2 7 92 51 -16 -72 -33 16 -78 -81 20 -100 74 -92 70 -43 -27 -68 37 97 -57 -75 5 61 -52 5 -59 24 -51 -2 -48 65 -79 -51 -100 43 44 -34 83 24 33 -67 100 -61 100 16 16 55 50 86 -7
-20 43 -97 -25 31 53 -92 -30 59 -26 10 -85 -89 -22 21 -90 83 75 24 -19 -7 94 56 70 40 76 87 -47 8 -61 76 -95 -90 -27 -3 -97 -7 -43 -40 -72 -45 -70 -99 95 -25 27 -88 -82 -77 39 -21 57 -89 -18 -15 -64 56 -34 -77 -27 -27 -34 -92 44 -4 48 -53 79 56 -33 -90 -42 -19 -34 60 27 100 46 -26 18 18 -21 74 -90 -1 -57 -64 17 56 -18 79 83 -82 50 -38 39 9 2 -3 34
-81 14 -41 2 69 7 -38 60 -33 2 -67 -72 -56 -45 -55 16 -21 92 90 -40 60 65 73 -62 -85 -31 41 -20 84 -40 -67 -61 59 53 8 11 87 31 81 85 -21 28 67 30 -64 -46 84 10 -27 27 -71 89 -19 -13 -3 -38 57 97 -91 4 15 -11 -67 85 -99 66 12 14 82 22 -54 27 16 62 12 79 -99 -59 -72 -57 -63 88 -41 -14 66 9 2 27 10 -44 -35 100 -55 45 -60 84 -34 83 50 84
90 -74 -98 83 13 -7 -1 -25 -94 -24 78 52 -80 -80 -78 -37 -48 25 -47 -71 97 63 -4 90 -47 18 -41 -97 -89 -65 27 -23 73 -66 87 21 -52 -46 -37 -21 19 -18 -86 94 15 47 30 56 -93 -37 13 49 -84 -33 -59 12 43 -87 -12 -97 83 64 67 -39 84 0 -44 -89 51 91 -42 4 21 17 -77 -13 -3 88 3 21 9 -38 40 -80 5 94 -84 0 45 -10 -60 -38 13 50 85 75 -16 -87 -27 -36
-77 8 -1 -5 -75 -100 64 -6 23 83 77 86 -15 -29 99 -35 77 -47 -12 -63 10 99 12 51 2 78 -33 -12 57 31 66 -3 63 -33 -77 25 61 -93 -14 30 8 -72 -16 -15 85 23 -50 -48 57 67 -15 53 76 70 57 -41 94 51 57 -66 34 -85 -77 17 -36 -94 -30 -36 -12 -53 -8 40 67 -26 89 92 68 41 -29 -48 -84 57 76 39 70 -89 92 83 -69 -32 16 91 -30 -95 89 -57 -82 57 54 -85
48 34 67 -35 -82 10 -62 6 -85 15 -14 -50 -53 26 -84 -73 11 30 -31 29 91 54 15 -46 23 42 -64 38 54 -46 -4 98 16 27 -95 -11 -43 98 -46 11 4 -50 -12 47 74 -81 -33 52 -83 39 93 25 -95 -88 89 92 -20 -35 11 43 19 -42 -33 -33 -94 -30 -72 -20 95 -22 94 2 -2 -98 -9 0 25 82 -5 28 -76 -29 -22 -4 24 5 69 -16 -38 62 56 75 -63 -6 -19 -96 55 -86 73 -44
38 -48 18 -88 -68 0 -30 -63 64 -46 55 37 37 -100 -68 -76 13 -4 96 94 -85 64 -14 -74 24 31 -62 52 -62 91 -76 -72 -5 76 -87 95 20 40 -59 52 92 -98 -92 83 -94 28 -5 -64 -10 93 -77 -3 14 -68 -24 -1 -3 -40 61 -69 -97 46 2 32 -79 -59 -13 48 1 -100 -21 -59 56 -89 9 59 86 -31 -67 88 61 -22 -73 -27 -50 -94 42 -12 -39 -55 -37 -40 -97 -15 -32 90 -80 -63 88 -56
-4 -22 77 96 73 -63 55 68 39 -98 -13 -13 -61 -6 97 -86 -98 24 41 12 -42 -1 46 -78 22 -20 -15 -62 -21 14 -17 20 28 -70 -26 64 -53 -57 56 48 -74 -82 -63 -64 -94 -31 -37 -79 1 56 -15 -74 20 -33 -19 -52 -56 -81 13 -91 5 -39 -27 68 24 54 16 -74 -61 -12 -80 -21 -61 -15 56 -2 -47 96 -35 93 -42 -34 18 -75 -58 20 -37 -14 28 79 -34 -12 26 91 -72 -72 31 39 40 -55
38 20 22 100 73 68 83 30 64 -2 87 -65 -13 -84 4 -84 1 34 73 -89 26 18 99 -31 -25 68 -78 100 -57 -96 15 24 -84 -65 41 38 6 94 -62 -35 64 -62 42 34 -54 100 -95 -27 8 -38 31 6 -24 -52 55 77 89 22 -39 56 6 -8 10 56 -30 98 -42 6 -81 85 59 -24 -59 16 46 65 29 14 -87 75 71 95 66 -81 -45 -58 38 -18 30 -76 -86 -84 90 -57 -23 -34 -28 -82 -4 14
-34 20 -85 97 -74 93 -39 71 56 70 -96 -12 87 -58 82 -60 -36 15 10 -74 -10 -10 -96 16 -97 71 -79 81 43 -19 -49 6 80 -26 48 65 31 69 -47 -84 -13 -6 57 -54 -55 73 32 83 -37 -14 -88 86 84 50 79 69 -76 -82 -66 6 -6 68 -59 67 -9 74 47 -6 56 67 40 61 84 -55 95 -80 97 98 -23 75 2 -36 -15 38 -17 6 44 9 -96 -99 75 -49 -83 1 -73 9 78 42 -92 34
52 4 -60 67 80 70 12 33 92 -69 -37 40 -99 -49 -22 -80 -79 71 28 -17 60 -82 91 -5 -20 -100 -46 19 54 -87 20 -58 -48 41 -36 11 -18 18 -52 15 -71 37 -47 61 -42 93 -74 -15 -28 32 15 73 54 -61 95 88 68 -31 73 99 70 -59 42 79 59 17 -73 40 -23 79 -78 -31 92 37 -10 23 27 -59 16 8 60 -83 -92 -79 -41 1 88 33 49 90 96 -5 -14 43 82 92 -100 81 98 74
-99 61 51 48 91 49 30 33 9 23 -8 -66 57 99 -29 82 -52 74 2 44 4 95 -88 -14 -37 35 -36 -37 -37 -58 -14 7 85 99 -96 24 -10 63 14 58 -9 -9 90 24 81 42 -45 -1 74 2 -65 20 73 -100 92 -25 -18 56 -63 -7 76 33 -72 -25 -82 -97 -49 27 45 93 -5 96 20 6 -23 38 -59 67 87 -4 -74 -87 33 -82 38 24 -91 63 57 -63 -22 18 -87 -64 6 -100 57 77 51 92
-25 -86 64 29 21 -8 62 21 2 57 63 90 38 -73 -18 24 78 -97 -44 35 -64 -28 55 -17 -34 -95 -96 -38 -56 -38 -14 -43 -18 -33 94 69 3 -69 78 -10 -61 -11 45 -25 -4 1 95 -61 -52 -89 86 -5 -81 -39 -63 56 -27 2 -7 69 7 63 46 -91 -44 -86 41 -13 54 -70 97 90 72 -1 -66 -14 14 -32 -94 -50 -92 -46 -52 -4 7 -73 -42 -22 -46 -30 64 -75 45 -44 83 45 -25 -24 -73 68
-25 -52 -84 74 -73 59 41 -12 -12 2 35 -16 -23 0 -56 -25 75 54 43 -77 -33 2 -49 2 -49 68 -83 -79 91 -74 30 75 75 57 -58 28 43 -93 29 23 -28 89 -88 -70 69 41 -9 19 99 92 -60 -83 -70 91 -88 40 68 -2 -72 45 -77 -51 46 -90 51 -2 78 78 -34 40 -24 30 -12 69 87 100 59 -76 -88 41 62 73 -56 97 87 52 30 56 -86 70 86 66 15 -29 -100 56 51 89 29 -3
-3 -86 72 -73 61 24 -84 -7 -70 -14 -19 29 -30 -62 -96 11 -91 -12 -48 97 93 -8 91 -67 -2 90 78 51 8 -96 22 57 -41 15 -76 84 -11 71 53 0 -41 66 -58 -64 -90 90 -1 -22 23 -28 -92 98 -34 95 -2 -78 -100 5 -47 15 -42 95 74 -86 -25 -98 15 14 -41 1 -49 54 -82 29 -84 -56 96 9 -93 88 -80 9 -52 88 55 2 -70 -66 -33 -70 15 52 -35 53 -9 12 69 -55 -75 -86
-38 61 11 -53 -84 15 -37 -6 -48 78 -93 49 69 89 71 -55 37 98 29 66 -28 27 -74 -35 -3 96 -8 68 -23 87 -26 -33 66 99 45 -29 35 -74 -49 -46 -82 -42 66 -13 37 -25 -33 -50 32 12 -40 62 -51 44 -75 -34 -21 -93 -62 69 -35 84 99 -85 67 -6 -9 2 -12 -72 90 7 45 60 93 -95 -19 23 -57 1 -58 99 -12 64 80 0 -79 6 94 14 -66 -19 -91 -1 19 89 -77 -51 3 79
-29 -43 94 65 75 62 27 39 49 25 -61 -18 62 -99 -80 97 -96 -93 -17 66 -33 37 21 62 89 86 57 -99 -44 55 84 8 93 -94 9 15 -83 3 -52 45 66 -87 59 -47 46 -100 43 -34 -44 62 0 90 26 -8 50 -90 -42 82 29 -30 -28 30 23 77 -100 94 -93 -55 59 13 -91 -58 -57 -24 95 84 -58 -4 -42 -44 -67 96 -33 -52 8 -37 -59 -65 56 -52 -30 -3 98 -20 -99 -73 -20 70 4 38
45 30 2 95 -42 -82 -100 -43 -79 -60 69 77 19 -85 79 93 28 -30 -41 0 49 -58 -85 91 -6 -43 40 43 44 -62 -58 -30 49 -23 -39 -74 93 86 -78 43 64 -72 -54 69 -76 -28 -65 -84 53 -31 -14 -12 98 -65 -83 -60 -77 9 68 -72 -83 99 75 85 -61 -48 -91 73 84 -1 37 68 -90 -63 -90 -29 -13 84 27 -61 -100 -64 17 -80 98 -91 -8 -56 46 54 81 40 -38 -48 59 95 -56 -40 -83 77
53 -78 -22 63 51 -56 -5 96 56 16 17 52 -84 -45 -52 93 90 60 69 5 55 -50 -20 -29 80 59 94 -26 15 -31 -35 -90 -22 -73 -55 19 66 61 29 -40 -47 -54 -64 -9 75 99 39 94 23 -99 -46 41 -100 -2 -80 0 -72 26 -12 44 90 77 -1 -88 14 78 -87 0 51 -50 49 11 -81 7 63 48 14 7 32 14 12 -15 78 97 -34 15 -27 28 -45 -20 8 -17 -56 -44 -92 5 39 40 -3 -16
-16 50 9 42 59 31 43 12 53 -87 -75 -59 70 9 -51 15 -32 -21 -98 -20 -74 91 -88 -41 -67 -68 1 -84 59 -80 -2 56 -18 75 -4 15 -10 -43 -92 -41 33 -67 86 -44 -4 -7 72 66 -80 -94 58 26 0 80 31 94 -71 27 100 -15 -21 56 51 -45 57 -67 72 -42 33 -97 84 -76 -45 37 12 -95 -33 35 95 17 -100 -21 63 28 61 -100 9 57 -41 92 -86 -19 62 23 47 -8 49 97 74 -46
65 -15 -60 -23 41 24 -65 -28 40 -97 71 60 -66 -85 80 -26 -79 59 82 -97 61 -61 48 68 38 22 17 79 42 -89 -12 -68 -4 -48 -92 -10 49 -89 69 4 -70 77 8 -32 -8 100 -52 -66 -57 19 -3 -15 -92 47 -4 6 44 -56 -27 -21 91 -7 -100 -41 -8 83 72 17 21 -27 -67 35 60 -79 -63 -50 9 -14 75 61 -5 43 38 47 45 46 -69 77 -68 -26 -21 -94 51 81 11 -97 23 24 -49 33
31 81 -11 -42 46 -1 46 89 -47 -81 -20 -47 22 70 99 57 31 95 75 -21 74 27 37 -80 -34 -47 -20 -90 70 -35 55 97 -94 52 93 -76 86 -60 -79 72 56 80 -27 -34 49 72 76 44 -40 -52 2 -91 -72 -77 28 -64 -44 27 -11 -34 80 16 -10 -36 9 29 -8 69 14 13 -37 86 15 -3 -71 -15 -11 -46 53 -91 -66 -7 38 22 -57 -82 72 -4 -80 93 57 99 95 87 -28 56 -89 -37 -4 77
11 59 90 70 -21 70 3 21 -88 97 -1 85 -93 42 99 2 49 -91 -38 82 26 10 -32 -21 -11 0 -5 65 69 -78 -89 -3 -46 -42 -46 -54 -87 7 -22 -16 48 -90 35 13 -53 -52 34 -37 94 -70 84 85 -87 -81 -57 69 93 94 10 20 -51 52 81 52 51 -87 -20 -20 95 -3 90 85 38 -50 -41 11 -7 -34 6 89 53 81 0 -39 -17 -44 -29 -18 87 -10 -16 18 -86 24 71 50 33 -43 -38 40
31 42 99 -49 47 94 -37 83 51 -57 91 21 91 -99 -93 27 -71 95 68 64 7 -60 -94 39 66 7 34 25 -34 65 -70 -30 -61 35 71 -52 -50 76 -12 -41 74 -77 -46 81 -2 -53 -51 -11 -16 -100 -10 -78 -69 67 1 28 -68 -83 -76 -37 -51 49 0 61 -79 -41 -44 -5 31 89 -22 -42 32 -2 -90 -89 34 -56 40 -62 91 -14 -3 -28 89 -98 41 -80 85 -16 38 -62 53 92 -33 72 -23 -24 -6 21
65 -43 0 -88 -96 17 -81 82 -4 -1 12 -44 51 -80 -13 -66 41 -7 19 -96 64 -8 -79 23 33 66 -96 -2 -58 93 -89 -50 -42 40 -98 -65 53 51 28 59 -78 59 -30 78 -45 22 -46 -51 -90 -76 61 -2 26 38 -80 67 50 -49 -2 50 -4 -58 96 -62 5 -25 45 -16 -82 -13 -21 -45 21 87 43 -97 -78 8 74 -73 24 94 55 48 -5 51 47 68 1 -94 93 -98 -98 13 -100 63 -88 76 37 44
26 -12 80 64 -87 30 41 -24 0 75 15 -31 43 -10 96 66 -2 -38 10 38 -40 58 -85 78 -78 9 -6 72 -28 24 -88 -74 -43 0 40 87 -13 -7 85 23 -24 45 8 -21 100 -62 14 -94 1 8 -33 44 62 -47 19 -15 -100 -59 2 -84 52 58 -69 -98 62 23 47 51 -23 39 -48 65 69 -24 -21 56 -80 100 -37 53 44 -66 83 -74 17 61 0 -12 -6 -9 -19 -56 -65 -85 47 -58 -52 -7 45 59
-12 96 54 97 -51 68 84 -73 -66 -57 80 20 -73 -62 -26 8 -24 -95 -45 76 -40 45 -11 -100 -94 -14 39 -36 -9 34 -3 -34 -36 -50 -97 52 16 -44 -16 -6 54 65 72 99 -69 -11 -33 -44 -55 34 -36 -96 79 94 -71 -58 28 91 58 25 -13 100 3 -87 1 86 42 65 -86 -89 -71 75 7 -100 67 63 -67 -39 -41 -25 8 61 -26 -92 -23 -35 29 74 -91 17 -38 -8 41 84 42 -53 67 39 73 9
-61 34 50 -42 42 39 -86 44 -86 -82 -83 9 54 -82 78 -79 94 -70 95 62 -38 -89 96 -53 31 84 -58 13 81 83 -4 78 25 -43 73 -59 -7 -49 41 -7 -98 -59 78 81 74 -12 95 -25 -81 -94 -72 -14 71 -37 -79 -26 11 -90 -14 -95 63 99 -59 89 82 24 -6 74 31 99 70 12 0 63 -79 56 36 -15 24 57 -54 5 -99 -52 -64 54 47 -73 -6 -87 97 -81 14 68 -2 -39 -38 -76 -99 -83
-64 71 -75 -92 58 -3 41 -45 41 2 -55 56 72 26 -29 -27 16 -91 -69 27 -99 -41 99 -3 51 98 49 3 10 38 -28 77 53 26 -32 33 93 65 84 -95 -38 66 54 -11 -66 21 52 -68 34 -63 -4 -61 29 44 -67 1 -26 -51 -15 63 80 -55 51 -4 -9 -60 -31 28 -73 -68 -34 -83 96 -59 57 32 -21 81 -36 -6 -22 -22 78 58 36 -14 -80 54 40 49 34 13 -77 35 52 -66 -65 59 -49 34
-37 67 -73 49 -40 26 13 -51 -80 44 -50 -87 -74 -28 -100 37 -31 95 -12 11 29 22 87 69 14 -44 -59 -100 25 80 -11 -13 -19 -42 -88 68 31 33 17 59 58 6 -8 -59 42 -34 -45 91 -18 -72 63 -14 -2 -96 55 -30 50 2 92 -67 -76 -1 -18 55 30 77 47 -40 -68 22 32 -91 55 47 14 41 -80 -66 -23 52 50 4 75 2 11 -84 -37 -9 58 -9 12 -28 44 -64 -66 93 -59 77 71 -82
-61 -76 19 -90 -30 -68 28 53 14 39 -37 -68 62 -43 9 67 40 2 -43 -42 80 -47 -89 67 -55 84 19 -82 -93 20 -32 -25 -16 -2 -87 82 58 -68 -64 85 83 53 -48 -44 62 -38 33 -73 -34 5 44 -9 -84 -47 61 -78 -57 43 59 -2 25 -24 -46 62 -67 97 89 -82 40 98 -75 79 23 -98 1 59 -17 -87 -5 -22 17 9 93 52 -48 6 -58 -34 -32 -75 89 80 -58 88 -4 -28 17 -33 65 26
-66 -73 -54 55 -46 87 93 -81 -52 74 12 41 -77 16 -37 -11 56 -92 26 24 44 10 -47 -16 -49 -84 34 93 -76 58 -55 -13 -36 63 -91 61 11 -52 -81 -65 -90 77 24 21 86 33 -20 66 -66 4 46 82 9 45 -77 51 -5 -54 -21 -62 -6 65 98 -27 -86 -61 53 41 -53 82 -67 36 -20 88 -7 -86 34 89 -95 -98 -71 -83 -49 -95 -78 -27 -69 44 -76 -84 87 49 -44 0 40 -16 77 -39 -73 90
29 40 93 80 77 64 -86 82 -22 76 -18 16 67 90 -19 -26 98 76 28 11 2 12 -60 98 -45 63 10 11 15 14 12 -95 -45 -35 77 91 -95 86 -70 -66 -97 -66 6 -29 -16 -47 -50 14 -89 -59 58 -46 95 16 -69 89 -91 -50 53 20 37 -7 -93 -54 69 65 33 -99 -96 42 48 -31 -69 56 -75 1 17 -47 42 -31 43 -26 -21 28 -70 -59 36 -42 11 -6 58 41 78 16 66 37 64 -25 -53 54
-55 -86 -9 -89 18 47 10 -9 74 -41 33 77 84 -33 76 -49 -23 50 10 94 97 85 -61 -85 5 -33 -9 51 0 -64 86 -24 95 98 -62 34 69 32 -82 -74 13 8 94 73 -19 -63 -35 35 5 11 33 -66 3 -76 -2 -38 -59 65 7 60 20 -28 87 -4 81 -58 -61 27 45 -33 -65 -7 62 34 72 -50 14 7 -21 -51 -63 -45 55 17 73 -76 -76 29 76 51 7 -51 51 -1 53 7 0 -51 99 58
19 -6 -18 -80 -60 -71 -11 -17 15 93 85 -52 -3 76 -83 12 61 -86 -19 70 36 -44 13 85 84 68 -55 -30 -97 9 88 -33 53 40 -12 94 -32 50 -36 98 -63 30 16 -42 72 31 -78 45 -85 17 92 52 58 79 -72 93 23 -17 78 38 -93 89 -76 -73 -32 98 -53 33 78 83 -70 74 85 -30 -79 13 34 74 -81 83 -69 66 73 40 18 -57 10 23 1 -77 38 -61 -26 11 32 84 -36 -46 -10 19
-85 -78 23 28 -65 10 -13 -78 -84 -86 96 54 99 21 -54 -36 77 62 6 -21 4 -2 92 2 34 -31 64 36 -88 38 56 96 -19 6 -94 57 -73 -61 -77 -91 63 -25 -58 20 -92 77 80 -75 -54 13 -10 -29 -4 -78 -19 -20 -51 18 26 -68 21 -19 -19 91 -76 -95 -50 27 36 83 -67 2 -96 -53 -55 13 30 74 -81 -49 -34 54 71 1 -25 77 29 44 99 -17 40 -2 74 74 25 0 86 34 -1 -83
43 -55 -25 -100 -92 93 62 54 24 22 91 -24 -17 -39 74 76 71 -45 55 -56 46 -48 -3 78 -43 -74 -98 19 -57 34 34 55 18 78 -48 -43 -27 34 63 61 -45 -67 89 88 61 -88 -3 -71 -49 -11 39 -3 87 -36 20 51 -58 49 -84 47 -59 7 -35 -64 38 -14 -81 63 30 74 -43 -61 87 30 -39 92 -86 -46 -89 53 92 20 8 73 -100 -82 -68 64 -81 -6 -40 -45 -1 -5 67 -17 84 -14 11 11
27 -75 -24 54 -22 53 23 49 26 -56 -69 -9 99 63 74 -41 71 5 1 34 85 11 -90 -49 -35 -79 -52 -45 98 -50 25 -43 -12 42 61 29 -18 -59 -64 -17 57 -68 -75 47 74 -68 -49 -45 85 56 -25 -2 -21 11 -97 -33 -84 -44 -55 85 -8 -38 -15 53 -56 62 -15 10 -74 -84 -60 59 -95 -62 95 -100 -96 47 32 100 -10 -97 53 81 96 -66 29 -23 -55 2 66 88 38 -36 -60 -54 90 98 -60 83
67 6 -45 30 -94 90 78 5 -20 -18 -74 -20 61 21 59 -51 -81 -83 -85 54 -38 18 58 43 99 21 -27 -16 -22 -16 -11 -45 50 -16 47 -28 33 11 73 -38 33 -85 94 9 -1 -24 80 -88 51 -48 76 26 88 -76 -60 69 65 19 12 39 17 -68 -95 64 -65 38 -57 3 98 -43 -3 35 -26 -27 -15 -11 75 -69 44 8 -40 86 66 -18 10 -20 11 72 64 -27 -11 -26 -80 -61 60 -48 -80 -82 92 22
-48 -42 -22 -7 17 10 -31 -93 -40 -1 62 -86 -16 91 46 93 -32 -74 22 69 -76 88 -17 41 -39 -36 -10 34 -72 -73 -2 -81 29 -100 -94 -26 62 27 37 -99 -87 42 -83 7 96 -27 -14 -19 -19 11 42 59 87 71 82 16 48 17 -61 32 90 8 54 43 78 10 43 -89 19 14 27 -66 -79 -55 31 -46 -76 -44 16 5 45 -79 -72 -78 87 -71 95 -12 74 80 87 11 -24 33 -39 27 44 -17 -60 -23
-47 51 97 78 75 -63 94 -60 -44 -26 78 14 -72 1 62 46 -45 2 -15 41 -7 47 -11 27 -19 -77 -24 -54 -96 -57 -82 31 19 44 47 -100 -30 23 -51 -38 -98 96 72 74 -21 39 76 -48 -21 -38 94 82 -10 58 17 -35 -15 34 73 27 -92 -52 -69 83 -15 -39 18 33 -87 22 13 28 75 18 -87 20 79 66 -19 16 -6 68 4 94 -66 65 6 -54 56 50 -73 65 -64 -45 23 38 98 -45 16 3
-33 -48 13 -34 53 -51 71 40 -15 67 -44 -20 -54 70 46 -67 13 49 20 -81 -23 -75 10 89 -12 -93 99 19 84 -92 -23 -80 1 43 -70 71 28 -38 3 71 -28 19 67 92 46 -67 23 24 69 -98 -53 97 -53 -36 39 5 -77 -50 -51 36 7 -42 -35 -60 62 -7 -54 -92 42 -92 11 -92 -49 -41 -10 -99 50 55 -98 -82 -28 42 72 -57 -79 -50 51 -76 -17 -63 24 -43 -47 45 -96 77 -14 87 52 -67
-51 -79 -97 83 9 48 -68 -32 34 34 -29 -75 78 38 94 88 -8 -74 -72 37 -25 3 7 -20 92 -94 -49 94 20 1 -33 -70 29 -11 81 -91 -51 -75 -25 -52 71 70 63 -65 -64 -80 -29 19 89 85 -1 13 -14 -85 51 -50 -70 44 39 60 1 84 63 -27 -37 -79 16 36 -57 -3 55 -55 46 38 -22 64 -84 95 53 15 -11 -21 85 6 -24 32 15 61 -52 52 92 -40 -77 -93 10 8 -30 -10 -57 40
58 9 -71 -42 85 9 -74 -22 -34 -45 25 18 92 16 -80 13 -15 -87 -11 0 -45 99 76 13 12 28 1 52 21 31 -79 -69 -39 -75 -89 -24 37 -94 53 85 -77 -91 -84 59 -69 41 42 -77 77 55 -74 19 2 95 27 61 -30 -25 -79 -65 -70 44 99 -13 -69 39 98 -58 27 -83 85 85 -41 -83 -8 10 -61 65 -75 79 -67 -15 7 41 -75 67 -73 49 58 -28 -30 -39 -67 51 18 -1 92 -2 56 98
14 64 19 72 49 65 -45 11 77 34 99 89 16 63 40 92 49 60 28 -80 -10 -11 -53 60 -64 64 49 37 -74 16 -55 98 22 2 87 94 -41 -55 -30 -1 -97 99 -63 -64 64 83 -36 95 -20 -99 -78 76 93 9 -42 34 -67 20 65 -15 -82 -14 9 -78 22 -45 62 -61 25 43 -5 42 -89 56 -72 -8 -97 -62 11 -8 52 -32 70 -7 90 52 -75 7 9 37 87 -7 100 -4 83 91 -66 17 56 -36
-2 -13 80 -77 51 -20 85 69 58 5 56 96 -74 84 -8 -21 73 14 69 34 12 -84 -35 -94 95 24 53 -69 9 61 -81 -78 -47 85 -6 -92 -97 5 14 -51 46 -36 -88 -48 9 73 -8 -42 69 84 88 60 -5 -62 33 -5 -7 -69 -67 -40 56 53 -32 62 25 -82 58 68 12 56 16 43 -41 -84 -40 17 -26 28 79 -10 -2 9 -28 -84 62 -59 93 39 -63 56 50 -84 -36 52 93 32 -13 2 88 -87
-100 -80 -83 -22 85 -54 -34 -96 -72 -98 0 94 -44 68 96 -27 52 -26 -65 9 -9 -10 -42 -59 -66 37 11 45 6 9 -11 -23 76 -99 42 73 -98 32 8 -56 -21 -10 -17 -25 -27 -96 -86 38 60 17 34 30 48 -71 -82 -71 -28 -40 94 -36 30 -60 94 -67 -23 -48 -87 -82 -95 -39 -48 39 58 70 -85 11 95 -6 42 6 29 -92 -28 -48 0 18 27 -71 48 -68 -59 77 -46 -53 -69 -92 -60 69 -1 -19
3 -31 -92 -100 22 -33 -95 92 -61 -76 -54 34 19 -79 3 -54 -42 -86 -2 -63 -28 -33 7 60 -75 -88 82 -29 91 65 22 -91 59 2 75 86 4 25 35 91 80 -38 24 -8 -5 23 -56 55 76 96 73 -73 -31 43 24 28 -61 27 46 33 -77 -49 -30 -49 31 -90 83 -91 25 -73 -48 -48 46 60 6 -68 -51 68 23 17 -38 -1 14 -11 23 -5 78 -61 25 -16 11 -82 59 -91 -47 91 -63 -55 60 -99
60 98 96 90 68 -100 -39 30 90 -60 100 43 80 -23 -63 71 44 33 94 43 79 -13 97 66 -84 -30 8 -54 -27 -69 -1 68 5 -6 84 5 -74 60 71 70 -61 17 29 -45 -84 11 92 -73 -45 -36 -77 -84 -47 100 -62 62 -63 41 -9 93 -84 80 76 59 71 96 -44 30 56 -60 53 -65 -70 63 -65 -34 -36 -96 93 -3 -73 85 96 -24 69 42 -19 100 -73 51 74 60 -88 -47 -61 83 61 -33 -98 48
25 -17 -52 -70 64 51 -9 32 45 37 95 92 61 -10 -29 -5 -55 -44 81 56 -100 -89 57 60 -61 -44 -53 42 38 -15 -65 -67 -28 -77 47 -81 -14 -51 5 71 -19 51 21 -64 -25 33 74 53 83 -62 -97 -16 -45 40 71 -79 60 40 -13 -3 68 -31 61 51 -89 13 -66 10 -22 -6 20 77 14 91 -38 86 -1 48 -60 -40 70 -58 89 -57 59 -74 98 44 -49 71 -65 2 49 24 54 -76 62 -8 -68 -9
-1 -17 -93 -88 -79 1 55 -51 84 95 84 44 4 -75 -17 -52 -48 -96 -76 53 32 -64 89 80 -44 86 89 -31 78 42 66 -23 67 43 -48 -58 93 -8 -18 6 -50 -97 84 23 -54 -19 -17 -98 26 -55 -12 -58 -85 17 46 12 -14 -20 66 56 -86 3 21 -91 64 -42 -40 -16 70 25 -45 28 -76 10 -67 59 59 -91 23 -37 56 -56 -33 27 -93 -48 22 87 -36 -74 52 19 48 32 -16 60 -53 91 -68 91
-79 48 32 -27 -98 56 71 -21 -41 -34 -99 64 77 -83 90 82 0 -76 -49 -62 -85 29 80 -39 66 33 69 45 34 85 -38 -6 97 -94 -88 -25 -50 84 -79 -39 -47 -18 -2 38 -80 -66 -33 -15 -67 92 45 -92 -90 52 -92 -15 60 4 -84 33 -93 -27 -28 17 29 -100 -38 32 -66 98 51 29 -58 13 14 -55 40 99 -28 27 74 -89 13 -80 65 43 -50 63 55 75 49 -5 93 -22 -96 6 -65 -44 81 -11
44 33 67 -36 22 -65 77 56 29 79 -70 -68 19 -32 36 87 49 80 2 -33 -87 -10 -46 -10 -60 -9 -72 -47 82 30 18 57 65 -10 66 -27 57 -94 93 91 -52 55 -44 -49 81 -44 -71 -80 -80 -60 -78 57 -3 -54 21 68 32 41 -78 -15 -54 -67 98 47 78 -2 -75 41 -23 100 -9 -78 -93 -50 -11 98 89 -51 -14 -60 -33 69 42 -67 -37 47 -5 -23 -3 -64 95 -59 -24 -14 60 -31 -91 -20 97 67
0 43 17 26 -40 -93 -44 -55 -54 -21 -78 60 -59 -46 84 -6 -44 41 65 -32 62 87 36 24 70 4 -34 -31 -84 -64 -61 -55 77 -16 70 54 4 -4 -2 -27 58 37 -32 -51 -53 97 -56 18 -31 -11 -11 74 -40 -91 86 20 9 62 -48 53 -60 -51 -73 -83 -45 -23 48 58 52 93 -66 -24 -86 -67 12 -16 -37 64 -95 94 20 100 15 88 82 -37 90 76 -47 22 50 -66 82 90 67 3 2 73 67 88
4 99 -51 50 -66 94 -53 -50 -44 39 69 -28 -22 46 -14 5 -56 37 -72 10 77 -98 53 87 -81 78 -89 42 -59 16 -47 55 29 18 -2 95 89 -19 1 -24 -24 15 38 -68 61 33 -10 0 -5 89 -81 -11 -58 23 -60 28 -16 33 -40 -10 -39 78 71 93 -48 -78 -53 -69 11 48 70 -68 5 57 -8 70 -21 65 -46 -45 81 72 87 24 -37 69 79 48 13 2 -39 -31 -39 -78 44 -59 -69 -1 56 -79
-75 63 33 97 -36 13 33 98 23 -80 -89 18 100 85 70 -100 -14 39 23 11 27 -80 87 54 90 -11 41 -44 -4 53 -83 67 -65 35 93 -15 -13 -31 8 94 -50 18 -33 -72 -91 -26 26 30 44 84 48 43 -85 -44 34 -36 24 51 55 -61 95 -75 59 12 -43 -74 -81 -22 -46 53 -51 -56 -33 -5 -71 83 61 -16 -41 18 54 50 94 -23 -49 -38 75 6 -29 -11 -61 -77 -44 63 -45 -26 -69 -71 68 38
17 -16 99 -45 82 -66 -10 -55 40 39 28 60 -45 93 -11 59 -18 -4 -71 -84 -31 -83 -25 -13 61 -31 56 -89 19 -99 -52 74 -43 -99 -37 -42 59 34 52 55 -46 71 -80 61 65 -92 33 16 -35 -40 62 11 -40 7 49 25 85 91 -5 3 71 38 -98 78 -34 -4 -85 -68 30 -14 56 -94 -44 -25 -51 -58 69 35 -30 -82 25 -68 -85 -92 -54 -95 53 -49 -34 98 45 72 35 66 -60 77 -26 51 -52 41
-53 39 -85 -88 18 -72 13 -36 -36 -49 -8 -53 -35 44 18 96 -28 -48 21 -40 10 -43 78 -75 -7 92 24 -4 -10 92 -37 31 -97 -79 -63 -63 99 4 92 -54 80 95 -28 8 -27 -39 20 -24 59 -52 -49 58 -25 -24 19 -1 -42 8 -66 37 96 -95 -70 29 68 -4 -95 -84 -65 -95 -21 -5 51 -96 -1 90 32 -31 33 40 44 -16 67 -99 -42 12 -35 -31 -29 81 -77 8 -87 -10 -34 90 99 -20 94 59
30 -79 43 53 -75 22 32 88 88 91 -6 -35 -90 53 52 99 9 37 71 6 -3 36 -75 -30 -44 -61 75 -54 83 -52 -93 -65 61 14 56 -1 51 79 -77 -4 -87 -69 12 79 -91 95 -84 -91 78 -41 -88 -29 69 -53 7 49 49 16 2 -32 24 -53 48 45 26 -47 61 -82 36 -34 14 26 -39 -31 -61 89 -96 2 -87 -97 -43 83 52 -65 42 7 1 21 73 -76 -58 -29 -3 8 -92 -93 65 -25 59 -52
-11 -50 -22 49 98 -57 100 -91 72 -14 90 -2 -40 -41 -65 91 82 -64 -3 -56 -98 89 64 99 38 84 36 31 -93 64 92 71 -62 5 32 -88 -7 28 -53 -14 49 -36 71 -90 -35 22 -32 94 -53 -97 -52 66 -8 -19 -71 17 19 22 8 -32 4 45 2 -46 -68 52 -1 -70 48 -2 7 -43 99 -34 76 22 -84 -89 32 96 49 28 -81 14 27 90 69 84 4 89 90 -18 42 -12 -43 -63 91 -2 16 -70
29 54 -32 83 63 -69 -68 22 48 76 -87 36 81 -18 -40 -95 -39 61 -14 -49 -91 81 -86 -49 -37 -3 -35 58 64 50 -41 89 43 -78 33 14 -1 -19 53 55 15 96 -78 80 62 -13 89 -65 -28 -25 -55 -44 16 58 -14 -47 89 70 -92 -93 57 2 52 74 -29 -32 -19 -33 0 -19 29 -70 99 87 76 45 -69 -44 74 15 42 63 14 -85 -68 -10 24 -87 -14 91 29 -22 -90 -46 -67 26 20 20 -68 -6
30 -16 40 29 -3 62 38 12 51 -10 3 -52 -40 16 -40 -10 -60 -97 -69 -78 -27 12 -31 -44 94 33 37 5 -10 -57 -81 4 50 -26 65 36 19 -27 57 -99 -4 -25 -42 74 2 -78 -21 -17 -3 -80 32 72 35 -31 16 -79 -5 73 -50 31 18 -89 -84 -53 73 -32 -36 -55 86 27 -17 63 -58 -48 -69 51 -84 -17 43 29 63 -64 -51 61 71 -71 53 89 -85 -60 -54 88 -41 -27 -58 1 -39 -43 -5 -17
5 -94 23 17 16 41 -69 31 -95 70 39 -100 95 -86 -2 44 8 17 21 22 -88 93 -89 96 -7 -33 -12 -59 74 -19 -56 71 94 -33 -32 -82 -19 -12 13 83 -72 -82 62 -15 -26 -26 -74 85 -24 77 -74 -51 20 -80 -7 32 48 -53 51 -84 33 -65 7 -12 -76 -89 -100 54 -1 98 89 -76 93 -21 92 90 -4 -25 -98 10 -95 -23 -10 70 1 12 -7 65 -49 -85 77 -91 42 37 -76 -41 -65 -18 23 -39
51 -38 14 63 72 45 -4 99 -77 37 28 -87 -26 71 -51 19 -51 27 72 -6 -6 -94 -1 31 88 60 -27 1 47 -26 -36 91 -79 -31 -17 93 27 74 98 -65 -19 40 -10 -94 81 78 54 18 54 49 -8 45 5 -46 43 8 -84 -74 -92 65 79 -39 99 91 24 29 44 28 51 -18 -32 -41 2 45 -5 -10 22 73 66 -66 -86 18 45 -41 7 -80 99 -11 57 -70 -74 -14 54 -24 -19 -75 -19 36 9 7
20 -100 10 86 -2 23 -18 2 57 61 17 -36 -5 -40 -75 -13 59 -76 -92 68 62 99 9 22 15 -13 20 83 87 22 100 -22 -77 16 55 -39 29 7 83 -69 -91 90 53 -78 -92 -72 -43 84 95 -86 34 -48 38 -52 85 -11 95 17 -27 6 -46 90 -4 52 -41 -59 -47 98 -1 33 30 -19 -35 24 -44 -37 -37 7 -83 0 -48 -12 -85 3 -2 14 -46 67 -19 63 -21 8 -27 32 -18 5 -49 -84 -54 -60
42 -97 58 64 33 21 46 -1 -47 98 32 88 40 50 46 -83 -98 -81 -22 13 3 -7 14 -3 42 -37 3 -79 -60 -71 60 86 87 -88 -51 -13 -61 33 88 -18 -52 -22 46 61 49 -97 50 -11 77 -17 8 27 -9 73 97 -48 -7 24 18 -70 -7 10 -54 -6 -74 -35 -15 -80 -82 -29 -62 -46 -36 81 63 -37 40 -33 92 98 -54 90 -73 -76 64 53 57 65 -40 16 -10 -90 -3 -13 27 -98 -66 48 57 49
92 -16 -66 -60 -99 89 -58 -88 51 76 -39 -39 -54 93 -14 -26 78 94 97 48 51 29 -71 18 83 16 48 -38 -74 89 26 -10 13 14 5 70 -80 63 33 -89 -78 63 59 25 -94 -85 -93 9 -50 68 62 -73 79 6 54 76 -17 -45 -63 26 -53 -79 22 77 84 32 16 -91 -22 99 -53 -10 -32 58 -87 63 -99 86 35 54 -85 13 85 6 -61 82 100 -63 -42 -70 -64 -48 49 16 92 70 -38 28 -98 -47
61 -77 6 16 52 -75 70 15 -75 84 -100 -53 52 -15 -49 9 -89 -9 -72 -22 -70 -57 7 95 -56 2 -53 -50 -95 -90 97 21 54 74 -78 -73 8 23 -11 -21 19 58 -31 -60 -42 -10 -9 -60 -4 45 -91 29 -18 94 -83 -91 -91 24 -24 -50 -76 -76 66 39 51 -37 -12 98 99 -72 -78 -74 32 -51 82 -79 62 23 96 -73 -87 -56 1 -97 80 98 38 -16 -47 -82 -20 97 -76 -91 61 -20 -1 -86 86 14
92 -54 -77 89 -69 92 -1 -48 81 -89 -14 -36 51 -4 95 56 87 24 4 -66 -51 -35 -89 -77 -23 -33 28 16 -30 -65 -40 -58 -88 -95 -51 -72 64 99 44 -91 3 -4 -84 88 -95 15 24 -37 76 45 -86 90 -17 28 -93 37 -56 -14 -94 -79 56 -35 54 63 -55 10 28 79 -58 37 91 90 -66 -44 -99 -42 66 45 -94 49 -45 26 59 -58 80 -13 -64 50 -57 17 49 -39 5 -55 -27 77 21 -18 -13 -96
-22 16 41 -36 11 52 54 -6 27 -61 36 -59 -96 42 -64 -2 14 -7 -100 -88 9 12 22 18 -46 87 71 8 -38 74 -47 46 1 -62 -14 -60 -93 63 -77 -51 -29 -79 30 19 -21 28 -84 91 79 -44 81 26 32 -9 92 18 59 -17 -13 -16 83 72 83 -28 -98 -18 30 -58 99 -85 -83 -47 33 -6 -19 -65 -39 -83 4 -57 23 -76 7 68 -81 -34 -8 -20 -46 74 57 86 -80 4 3 -61 -28 -51 -91 0
