100 100
0 -28 58 71 -45 49 -51 -90 67 92 -19 32 10 -7 -91 99 81 88 31 -76 6 86 -2 -68 32 99 -76 -15 54 -28 -73 -64 61 35 30 -59 -81 -73 -2 25 -9 29 -78 -84 85 77 -29 38 -60 -14 -75 37 -86 0 58 -71 55 -59 29 -10 75 98 -69 96 73 -57 -60 -30 49 -23 -19 50 -60 98 -80 73 -86 -52 -7 -48 33 82 17 10 -75 -93 31 78 87 -68 36 -18 43 24 -28 -70 70 -83 -71 49
-40 56 -21 48 -45 75 -39 -95 -35 74 33 -95 -36 23 1 -69 59 39 62 53 -2 9 47 -91 42 -98 24 59 56 45 -81 -16 -17 -91 -49 71 -71 -40 41 99 3 -34 -88 -17 79 -95 85 -85 -14 -2 -64 77 -39 71 -6 -74 -11 -89 -3 30 33 15 51 -25 -61 74 76 16 -57 -99 -46 83 -26 -34 -86 21 -54 53 -56 -6 36 51 19 20 13 69 22 -99 92 20 2 -45 -29 56 92 -96 -23 43 -78 11
-9 -21 58 -79 100 -13 44 25 -14 -30 -68 19 -59 -14 -28 -84 -65 93 88 -59 2 -64 -81 -51 -38 39 47 -92 27 -31 57 80 -88 -24 18 -97 -28 89 96 8 -79 66 10 58 32 -26 -20 -44 3 59 64 3 -95 -85 -73 19 -21 14 48 95 -82 7 52 69 -45 -76 -70 38 -86 5 -68 73 72 87 -70 1 -71 -47 19 90 -64 -25 75 -87 33 63 41 -69 -43 22 -30 -94 4 -95 21 -93 79 62 38 99
79 -67 -92 55 -64 -23 65 38 -11 97 -15 1 41 -32 -87 46 61 67 -43 28 -27 -87 59 -84 -70 -100 78 71 15 -81 -83 40 90 33 79 2 92 -10 -43 55 -88 23 -45 -99 -54 -27 56 53 89 -81 -21 -73 -44 -25 84 -58 -97 -4 96 -55 53 1 -41 90 -32 41 -60 -20 -5 -15 82 -19 29 65 85 -33 48 11 4 50 60 43 83 67 -56 -77 -27 24 20 58 27 -9 -41 13 -45 -10 -59 -68 19 -41
-39 67 1 16 79 0 -99 32 -1 73 12 -40 47 38 93 30 -41 -63 51 2 -35 -26 -95 -95 12 98 -87 -9 41 -21 11 82 -99 89 -15 -21 -4 -28 20 -73 3 -58 -32 44 -93 -68 26 34 -17 91 -45 72 33 80 -29 -6 31 -7 -38 -91 46 99 -34 64 47 6 46 59 74 -95 -99 -18 -19 26 -99 20 -14 25 -60 -49 92 24 -57 31 -21 -29 -24 -31 -50 -30 -49 -22 62 37 -67 -24 19 19 56 70
6 62 -84 -42 86 -88 -56 -97 -35 87 15 18 -67 -12 -66 31 56 -61 -11 -66 -22 10 -22 9 81 30 82 -7 -61 -1 -23 57 91 58 23 -88 88 52 66 -73 -84 45 -38 -18 -19 74 -25 98 80 -53 -98 76 85 -57 -11 -86 76 26 66 -44 93 -44 73 -13 -50 38 -42 -85 -83 24 0 -55 82 -68 52 78 39 97 22 -49 56 21 18 -91 89 2 -5 98 -66 -48 68 79 55 49 61 -41 89 39 44 -41
-50 -20 -7 -10 0 88 -21 -40 30 -11 -63 -64 -5 10 1 -69 -46 -70 90 4 -41 32 3 45 98 9 94 -62 -15 -28 6 -60 14 100 -63 -67 -46 17 40 57 69 61 41 -7 23 -79 -78 -63 -42 -87 31 -100 -19 39 58 -34 -53 -24 -18 -82 -53 -100 -21 99 8 97 27 19 34 -71 -37 -75 -68 -49 13 -25 -35 8 85 68 -89 -52 -50 -83 -37 -44 -80 -16 78 78 -31 26 19 -33 -99 -77 -32 -8 -77 51
-38 100 -88 63 -13 -69 -79 -37 -12 -60 -37 -37 3 88 53 -69 51 14 42 -65 -44 86 -65 -65 36 96 45 -16 -3 26 -66 -16 -62 -10 15 -13 -16 -94 7 52 -90 -7 94 1 89 -72 74 -60 11 -91 -37 -85 -12 -27 2 56 -8 28 93 39 -82 -97 -22 -45 -42 -33 -16 77 16 25 -30 -28 -41 48 35 -18 55 69 -33 100 70 -12 3 31 -46 44 -58 -70 35 -100 41 -93 46 -37 97 77 -38 -72 80 -54
-46 32 -100 43 81 -99 35 72 94 -21 24 91 -26 -99 70 -59 -40 37 11 -32 -74 -95 -8 44 -27 3 25 -44 -71 4 83 -46 43 41 -63 22 -77 -43 100 -67 25 -79 58 -67 86 22 51 -57 -55 61 49 -35 26 65 4 56 100 92 -76 33 -47 -95 69 -69 98 76 -47 92 27 30 -97 52 -30 -33 -3 43 -50 11 12 -20 -46 -73 91 -26 25 -76 27 16 -78 -27 23 -75 33 73 -18 -35 -14 -12 20 -20
-76 80 87 45 -99 -69 -41 -80 69 98 -91 -52 49 68 -57 -100 26 -26 -19 -29 64 94 21 -7 -11 98 49 -47 -32 44 -59 46 -39 -50 -12 -84 -38 -11 69 -16 -4 -9 73 -77 -21 -87 -72 86 84 44 -47 -4 1 -92 -92 -51 -81 -15 64 7 -91 -90 -76 98 70 -79 -92 -87 -8 34 -32 -54 23 -65 -73 33 -55 84 -89 -96 38 -33 -22 89 22 37 -44 64 -21 -51 -71 31 -17 -18 -84 29 8 36 59 82
70 4 -98 24 30 68 9 -40 68 17 -34 -51 46 85 40 -36 -37 7 -80 -6 -11 78 51 -55 66 -85 -42 76 94 -66 79 -65 -40 54 11 45 4 -37 -62 95 52 87 38 -78 8 -53 89 0 -18 96 -2 -82 54 39 -43 51 -43 -64 -17 -83 -65 -31 52 42 -15 -65 78 -100 -19 39 71 95 16 60 100 52 94 -89 24 -71 51 15 -60 88 40 2 34 75 61 57 -11 86 56 -37 30 29 -98 2 50 -16
-36 -70 88 74 53 -100 -58 -60 -85 -99 -74 26 6 -57 30 37 100 -91 -63 46 14 -31 -97 83 -70 22 5 32 1 -47 58 -55 63 28 -38 44 29 -42 26 76 56 -75 26 -16 -46 7 -39 -95 49 71 38 -53 19 -61 -93 -27 22 -9 59 -29 -10 -2 20 -33 -64 35 35 20 -33 -100 -21 86 79 65 54 75 52 20 34 17 -83 -64 -13 -14 16 91 -37 -35 -57 -6 -40 59 47 25 36 31 -72 0 -29 66
-10 -3 98 79 85 33 75 82 -41 42 23 69 -7 -43 -76 57 -57 0 -21 26 20 -74 0 -35 -95 -91 66 -55 9 -17 54 75 99 -30 -58 25 25 37 -100 -39 35 -32 -39 -27 48 38 -41 58 -78 -82 1 -1 9 70 -13 5 -41 34 76 88 -72 -27 -1 97 55 50 -87 -63 78 69 48 -1 66 -75 -93 -39 22 -93 70 32 -40 -92 46 -71 83 -24 -65 9 97 -20 20 14 -29 -22 -12 42 100 15 -32 -77
-69 -48 57 65 39 -21 -85 56 22 -42 77 -21 -61 -78 -73 -98 -3 -85 -36 -47 36 -16 -38 -47 83 49 34 -99 79 -40 4 69 66 25 87 -61 -88 -90 25 -71 85 -87 65 -10 7 -63 -54 -57 -98 21 21 11 -71 -45 -8 42 -67 53 -8 -85 -43 2 -54 -63 -56 -90 85 -60 -22 89 40 53 -83 93 28 -17 -3 34 -64 38 -98 -23 -99 30 -39 46 -66 37 31 -24 67 -39 20 -39 79 82 70 -74 -48 -17
67 -18 99 -26 -90 3 -23 -18 -84 66 -94 52 13 -9 70 -48 85 42 81 -64 98 18 -35 55 -16 66 90 -44 -22 -80 -98 -78 12 66 21 -34 19 -100 78 -12 5 22 -90 -55 51 35 26 -18 67 -18 -33 -5 15 -70 16 78 -84 54 -12 -17 0 95 -80 -32 84 -48 88 37 64 -30 25 -64 28 36 -28 -50 64 -77 -88 0 97 -4 21 -50 -26 3 36 81 -79 -51 -41 14 -17 9 -43 -91 69 45 -60 64
-43 76 -27 -48 100 -19 78 37 74 -58 -35 -8 78 29 -29 44 -96 63 -6 -94 27 80 5 -61 -85 -66 38 14 71 48 2 8 -29 -43 -10 -85 -59 -18 -31 55 96 22 -46 10 39 34 -54 60 76 -8 -83 -81 84 -49 38 72 85 -47 54 -42 -35 16 -45 -39 -2 -24 -63 -80 61 29 -29 -9 12 88 -72 -75 -3 87 -20 4 52 -58 -30 -18 41 -84 -53 -43 -62 -14 -38 -69 70 -44 -98 66 -15 -31 86 -33
83 -78 2 -99 85 -61 -16 15 -26 28 -69 59 75 73 -96 -15 -98 27 -37 -96 -70 -79 -68 3 -4 -17 -95 100 50 -91 13 47 -8 -59 -91 88 44 35 -49 -2 -72 -53 -61 63 84 -71 81 32 -90 -58 27 -60 -55 16 -98 -93 90 -21 -55 -40 -63 48 -60 29 -42 -72 -40 -45 -94 17 95 -44 21 68 -12 15 -45 52 -47 77 90 -24 62 -56 62 -8 3 -83 0 66 97 -33 90 -16 77 -84 88 44 -18 -98
-31 -57 -38 0 81 -8 -28 13 38 67 -82 -74 -6 59 78 5 -25 -96 80 -74 -81 -23 42 28 -26 97 -88 0 57 -85 -96 64 52 27 -37 41 -61 19 -36 -37 -100 -5 66 -40 -24 56 -77 43 94 21 -82 -12 58 -77 -41 75 21 -54 63 -59 -92 94 83 -39 -41 53 53 92 73 89 11 -98 20 95 71 100 -72 64 74 55 45 -42 -64 0 -12 15 -23 53 13 -83 -15 88 80 -2 23 -54 97 6 -17 1
-23 34 41 80 12 -32 -59 -8 68 69 -3 -66 -79 13 81 12 -37 26 12 38 3 -95 -28 52 13 86 23 63 25 -44 -26 91 -88 -94 12 -78 -9 -44 91 2 -45 52 74 34 10 -80 -39 -89 10 -83 -77 22 23 -40 -92 33 -80 35 89 53 70 -100 9 24 76 30 24 -81 53 41 -14 3 -54 75 94 -66 72 76 57 93 94 32 71 40 26 12 76 74 82 -34 -31 -39 -62 81 95 40 -68 -16 83 -95
-77 95 10 -69 68 50 25 -45 -13 -63 47 -96 -59 43 19 -83 92 -1 38 -31 -99 39 68 -81 -43 -39 -87 45 32 33 77 87 -37 85 53 55 99 -59 32 -42 -25 83 19 94 -3 -72 32 -4 8 99 -43 -67 1 84 -75 93 64 -43 -46 51 54 -93 100 -90 71 79 26 -3 67 -28 36 -16 -28 67 65 43 84 76 37 -23 47 51 -12 45 11 11 -31 5 -77 -43 -96 -62 16 55 63 14 94 40 5 2
14 -56 -33 37 29 46 37 -29 -37 51 -48 15 41 -3 -88 -37 -14 86 99 -49 19 10 -23 58 51 -15 -52 39 79 -76 -27 57 -86 75 -76 -38 -32 -8 -15 59 90 -13 -22 -47 55 -23 -10 -5 -65 -35 69 -67 -67 -4 29 -95 -35 -40 71 76 -47 79 -95 -6 77 61 -74 65 -22 -7 16 -16 61 -42 -57 -68 -23 34 21 -12 6 -99 -98 -49 -93 -4 -62 -61 4 59 24 -20 -52 2 -63 -36 -73 -65 -86 74
-15 -78 -58 58 -77 92 -95 38 62 -87 -75 65 37 96 -64 74 -68 2 43 99 -3 -7 -8 -35 -75 -10 -78 -71 -75 -75 -95 -48 -22 -92 -89 6 46 86 -90 -78 -56 -25 54 93 -87 -78 55 -6 -87 -29 -45 -2 -7 21 -5 -80 44 65 -49 -24 55 54 -62 17 76 -63 -77 -62 43 -74 80 -1 33 -47 -41 45 -22 -15 25 100 49 -53 -9 -26 89 36 -26 -66 81 -82 -88 -29 -89 -70 25 -28 11 35 15 -95
-68 4 -53 -42 -74 55 17 82 91 40 83 10 94 16 36 -22 -36 93 -50 -14 -68 -12 100 34 -26 -50 40 -75 42 -91 -57 -88 91 56 -43 19 86 10 21 15 55 -54 21 68 63 14 -78 87 8 10 9 49 -52 5 -22 92 54 -21 -10 -86 6 58 -9 58 -98 -25 75 -73 -21 4 100 -59 47 97 79 -39 70 -56 50 -16 -77 -63 -53 -62 71 16 83 -74 44 73 -19 -45 78 2 87 -53 -3 49 -86 -25
57 40 -32 83 -43 35 97 38 26 -82 -41 -75 59 -77 58 80 19 46 -32 87 -71 42 -59 42 42 90 -19 -59 54 21 -51 -38 39 8 85 7 79 -23 69 -66 -89 -93 48 73 50 -39 56 19 61 -88 -13 -22 -41 -4 97 -70 -69 38 -63 -24 76 -28 10 8 -28 -78 -2 36 14 -3 -64 -51 -33 26 -4 58 -38 -44 -69 68 -22 -100 -26 -56 58 -28 -53 50 46 83 -23 -15 39 76 -33 5 -97 94 -10 -15
80 14 -16 88 14 19 37 2 51 -39 -63 22 51 -19 -5 39 81 21 -42 -51 88 51 -40 -30 -58 -18 -78 -39 16 -62 -54 -47 -22 -22 12 -58 -82 -9 -26 16 59 79 72 92 97 -20 42 -14 -16 95 6 74 99 10 -2 -25 -47 90 9 -94 -64 23 -82 -17 64 52 38 -21 -86 33 36 -7 29 -72 -11 -99 4 -55 47 -44 -33 70 63 -36 15 58 100 84 -74 -95 -71 -90 19 -4 -90 -24 -83 -75 0 -26
81 -79 -93 77 -38 -17 26 15 68 -74 28 -45 -74 -55 47 99 -36 -45 65 -79 -19 -54 -91 -81 -26 -65 47 37 42 1 0 -13 -45 -20 93 -49 9 -15 22 67 -91 77 -84 -70 100 86 92 -26 -84 3 -44 32 65 -48 40 -5 41 52 -78 24 -2 82 48 91 12 -62 41 67 80 -42 -37 53 18 -7 -41 3 97 -7 -63 -62 -2 28 3 -7 28 -87 -62 1 20 -46 -7 -49 31 57 50 93 28 -25 66 -57
-36 59 100 -100 -43 25 -5 5 56 -43 -78 22 57 -24 98 58 -71 -43 39 -27 -3 -64 27 21 -72 69 56 -84 -11 -7 -70 49 -75 -42 84 53 -80 51 78 7 -69 27 -31 -34 -62 -16 -71 30 87 94 21 7 -35 -86 29 -92 97 -7 9 66 87 -30 32 55 76 82 -40 -82 -1 6 97 -54 -84 -25 98 24 69 40 92 35 71 58 -32 59 -44 -69 80 -99 -87 55 -78 49 81 17 -58 -94 2 75 -11 -2
-88 -14 -53 79 -69 31 -57 -79 -8 -12 42 -85 -48 -6 -55 19 -38 55 53 -67 89 96 69 64 54 32 -91 -93 43 -12 -91 32 -95 -84 68 43 -98 56 -54 35 -73 33 2 32 -36 -11 -4 83 21 28 37 33 -34 18 -70 -15 90 -65 -53 -52 68 19 91 -52 58 -76 -62 -14 22 -10 -20 85 3 98 20 -53 81 29 28 -92 -87 -97 -96 82 -77 14 -4 -53 -58 -73 -22 -25 10 -28 -37 5 31 -9 -28 -12
8 -26 56 78 27 -90 -55 -19 49 -33 98 44 -32 50 28 35 52 -69 24 -70 99 -77 21 31 -18 -73 92 84 -20 98 44 16 -81 64 -26 72 6 22 100 72 53 -34 76 -52 5 -46 -39 -59 72 9 -9 -60 43 -7 65 70 96 47 59 -14 -62 -9 60 -33 12 93 43 84 -15 39 53 -55 -16 -10 24 -26 -32 -74 76 76 -51 -10 -10 -96 96 -93 36 57 -84 -14 87 -93 -16 45 -80 98 -42 -82 24 -76
0 40 -59 -25 19 -83 67 71 29 -90 35 82 -96 65 83 -15 -90 -88 24 -53 -48 -73 -76 -23 -18 64 60 30 85 -78 -9 -91 -29 -1 -72 -51 -63 82 -37 -69 87 64 -78 -60 -40 71 -85 -70 96 6 28 -82 16 45 43 14 6 -90 81 37 12 -92 -32 -73 82 -74 91 6 35 52 57 -2 92 28 -17 -84 68 27 -45 -73 -22 4 -30 30 -64 -78 -81 -43 -54 79 0 -70 -48 99 39 69 44 10 94 52
47 44 -49 -87 -60 -74 29 -11 34 -84 17 -9 -23 13 -11 -88 76 -15 -42 65 54 12 -84 -2 94 -53 -64 -93 -76 64 99 38 34 63 -89 60 -97 94 -11 -20 -41 -53 95 -28 -76 -97 -73 -43 -12 43 49 -70 -45 -49 -46 81 53 82 -13 83 -34 -44 70 -88 98 -13 -81 -18 70 21 50 -1 -25 -59 57 -47 -28 -32 11 -23 73 15 -2 -46 63 -27 -20 93 69 -51 60 58 -96 7 -67 29 -73 -45 60 23
12 -70 17 51 50 -40 -15 -34 -78 -69 -76 7 -96 47 -22 29 -27 70 -22 41 10 -16 57 -41 -65 74 -28 -27 -55 56 -62 -29 99 57 -59 -72 -29 27 82 42 -29 -27 62 -29 39 63 24 -77 90 -1 97 76 -7 -20 -4 83 -9 98 -27 -6 -33 90 -72 85 62 4 97 4 -65 -93 -88 60 89 -72 -18 -33 -98 15 -53 27 -90 -12 -94 10 45 -6 88 90 96 61 51 33 90 -52 50 -87 17 7 80 -79
-61 -15 30 67 93 -19 -11 5 93 85 19 73 42 -93 -65 -5 -88 69 -38 25 35 63 48 2 -66 -41 62 -83 24 -84 59 2 -46 -14 -21 69 -84 90 56 91 -3 96 -9 -23 -36 -43 -3 -83 -7 -75 46 39 4 -28 35 -36 21 91 -78 63 -73 48 37 -91 6 69 -90 7 39 23 1 -82 -83 3 58 76 -7 79 29 87 89 -5 0 90 59 -45 -59 -28 -13 -8 -95 -95 75 14 53 -67 2 21 20 -66
29 -82 28 -51 72 -95 2 -19 70 23 -88 -76 45 68 -13 100 -13 54 -60 -54 6 9 20 74 66 85 -97 11 13 95 -18 -18 -25 10 9 86 30 -9 7 45 -22 42 11 51 58 20 43 44 -84 66 53 77 25 31 -21 -62 -27 3 77 -77 -37 -91 -71 19 33 41 77 -8 -4 65 53 -84 81 -84 -65 -51 -93 -28 51 -88 -96 -48 -62 -75 -35 -31 59 32 -98 83 -19 -99 -81 83 37 22 57 -9 86 6
-88 -84 -19 -1 -74 -64 91 99 -92 -46 -77 42 38 -88 80 -10 64 -12 -10 -46 -10 -80 24 36 12 -48 -96 -17 -17 -89 -75 -62 100 7 -10 30 27 6 -11 73 44 -70 99 12 -50 -100 -62 -3 -14 88 -30 23 19 63 45 -91 16 81 -69 69 88 22 -89 -83 -20 -68 41 -61 17 -4 -47 16 -76 -56 7 0 -60 -14 2 35 83 -31 -49 28 42 3 -54 -68 90 6 -23 61 98 4 58 68 -14 49 -63 75
-88 -54 -74 19 42 -49 -69 51 -31 26 48 -79 -2 -92 -46 26 51 -80 -12 -2 63 -45 -76 40 29 -55 -77 -81 -77 82 53 52 -26 76 12 -75 6 -13 6 -61 -16 -46 -13 80 43 57 -50 34 17 34 -53 -5 0 -72 -39 -44 25 -28 -57 -21 -28 -92 -26 86 85 34 -58 81 -66 -19 23 -82 87 -79 -78 82 64 -24 -14 46 -87 -90 -29 -68 -25 19 -50 28 -61 47 49 -63 81 -24 39 -48 3 -74 -99 -74
75 -56 34 91 -38 -81 -20 42 85 66 17 -90 19 -20 -3 -4 -11 59 -28 -71 91 -69 43 -78 -41 83 99 -52 -42 -32 -90 80 67 -72 91 -30 63 28 -14 46 -31 -93 -28 -80 -70 46 -70 45 -71 -57 75 1 -87 55 98 -58 -19 30 89 -10 81 36 -69 24 -94 -60 -38 -77 10 54 -48 -86 -72 -82 93 48 -20 -16 4 -46 93 -11 67 47 -42 -77 59 -31 43 -72 65 -1 90 -100 68 -94 -44 -7 70 -35
85 32 19 -53 37 80 19 10 61 99 20 -72 -36 -80 -72 24 55 94 -16 -51 -2 27 98 93 -67 25 -60 65 -66 -92 35 -8 -13 -50 88 -17 -87 -18 -47 -30 -89 -82 -15 -96 -91 -75 56 29 -95 70 -82 -61 25 88 93 -35 -53 39 73 43 -81 -7 -9 -80 -78 33 -70 86 32 -65 -99 23 72 -90 -6 -44 -72 50 78 30 -99 31 1 -54 18 -82 41 15 55 66 -24 -100 92 34 3 77 33 -87 -76 99
-13 -18 -17 -76 -1 70 67 -40 54 -98 49 -1 -48 72 -39 -30 -72 41 -58 -18 -23 -69 52 -12 9 22 -75 57 69 -49 30 58 97 45 -38 -59 -23 -36 18 53 71 -14 -25 85 -11 13 33 94 70 80 -32 -83 4 35 45 -46 16 67 -82 -10 -7 3 -77 12 -71 -22 -85 -46 63 -13 23 57 -17 -45 -13 -18 -26 66 57 -79 -71 6 -77 17 -2 80 -98 61 73 -62 -16 -33 -1 -60 -36 -21 0 -44 63 -29
-73 29 1 21 16 -14 90 -42 -44 -80 34 -46 48 22 89 -93 47 -30 83 89 100 59 76 -13 41 83 68 -94 42 81 79 33 -94 -43 3 25 -5 -42 48 -70 26 3 -46 69 22 35 -42 -53 91 76 41 -37 -98 -46 -73 78 -55 -53 18 42 -2 -53 42 -42 41 -46 16 86 60 89 -74 65 -33 34 41 22 62 9 18 88 -72 99 15 -66 -63 33 -50 -64 20 24 63 -29 2 70 -59 45 36 11 61 -24
26 -5 81 -75 -3 2 -78 -25 -43 -35 26 5 -22 31 14 38 -28 -59 -7 -42 97 -92 60 -40 30 2 56 3 -82 -65 82 -77 -71 -49 60 29 -14 83 28 -100 82 70 98 -2 -96 -51 -51 59 51 -80 -66 29 -88 -8 -38 8 -100 45 32 -20 -97 -2 18 -37 -52 -46 64 -83 78 54 29 -11 93 -19 -35 -79 -21 28 -63 57 3 -30 30 -17 94 1 22 62 -52 34 -21 36 -63 -47 -60 76 -92 -72 -20 44
-74 -79 -50 18 -39 83 -34 -53 -88 -92 -58 40 100 35 58 74 -62 98 27 -61 29 7 -100 68 8 17 -2 22 -58 63 -94 -40 36 96 -32 -82 99 -67 56 -51 -6 -42 65 -58 -23 14 -48 97 70 44 -35 -95 38 39 52 -15 -29 25 -25 -67 -8 -70 92 -86 3 -66 -18 -72 92 -53 -18 -67 -15 -78 -97 -46 -49 -9 96 47 -13 -9 57 -87 -78 85 36 -18 7 100 -62 -92 -53 50 -8 82 24 -35 -90 16
-74 73 19 -73 78 -16 13 -16 -46 -20 -83 -13 49 2 1 -20 83 3 25 58 96 -15 -12 -69 -54 45 -81 97 -83 17 -12 48 95 -75 -59 -5 18 -30 -89 -92 37 -38 83 -53 -28 43 -5 -64 3 23 55 84 71 -47 -81 -53 -90 25 -17 58 -66 -81 38 -25 -74 57 -32 53 93 -44 -61 -87 -52 -33 -28 -97 12 50 -96 90 -55 -37 -9 46 -18 -63 -58 73 -54 85 -41 -29 -66 -24 26 -93 -83 -52 14 -14
-13 50 79 62 -5 37 61 46 61 92 72 -34 89 -41 45 40 92 98 -11 -47 -3 50 22 -28 -33 -10 45 15 -95 -22 85 4 53 71 -89 66 -78 58 -35 -63 71 48 -39 95 48 79 -34 44 -26 -43 48 76 -16 -53 -20 -15 -4 99 -1 -60 -73 51 -78 -21 -85 48 70 -20 2 -97 -23 -21 -63 8 83 -40 -80 -9 13 -35 19 78 -30 51 -55 9 58 -23 91 -85 81 -87 37 57 -23 28 -27 -81 12 -87
-41 72 8 -63 38 -66 48 76 94 -48 31 -12 -61 14 -68 15 -80 -92 -66 -80 -7 -91 63 -39 -42 63 48 37 -35 -52 -15 -20 -44 51 38 4 13 -63 -79 -83 83 -18 92 87 -38 -18 10 -53 12 0 87 54 25 79 -79 -59 -82 14 76 30 30 -39 98 -81 0 72 -17 -15 0 81 -85 -94 -33 -99 43 -18 -14 -92 36 81 -77 36 24 -97 -83 -67 -71 24 -75 94 -43 60 -18 -51 -84 43 -87 61 4 28
-13 29 6 -24 -63 71 13 -85 -90 -73 -47 97 -47 -92 90 25 -57 5 10 89 -66 72 5 19 14 21 45 18 -23 7 -18 -7 -27 -20 -28 61 -93 -93 98 -60 16 72 87 68 -87 69 -14 29 84 95 21 -16 33 -57 76 -79 -9 4 -40 50 37 -52 -17 45 -79 -49 -43 81 -54 74 -12 99 -11 20 -30 -28 -14 -62 92 54 11 -77 90 -52 -47 95 65 -80 40 -85 -73 43 -39 -4 -26 -56 98 -82 87 79
86 14 41 67 95 6 17 -97 -9 -29 84 82 82 10 27 43 -72 -86 41 51 27 8 86 -66 -84 14 -76 -38 -18 -23 -20 96 94 -90 23 -70 -92 -27 -36 -11 40 -90 59 -75 -74 34 61 -30 50 -19 -82 -54 -80 39 17 -96 -20 16 47 26 -98 73 90 77 24 -58 50 75 57 55 -17 37 -77 24 -92 45 89 -73 21 34 78 86 -15 -92 9 78 -74 20 75 -43 -94 6 0 78 -51 51 25 -18 87 -53
82 -20 -19 38 58 34 -42 55 -50 -26 4 72 -96 -82 86 14 -70 99 -38 -77 -96 -1 12 72 62 6 65 -43 -83 -68 69 -79 -4 -55 -68 -95 19 21 83 -4 27 -2 -49 -32 75 94 -63 -43 81 -21 -12 -23 25 -33 35 81 54 -63 -60 0 54 -16 -91 -23 40 23 78 6 -6 12 -94 -75 -91 42 87 9 3 -11 9 -96 -3 -39 13 11 -1 -89 13 83 25 -52 31 -6 19 -99 -8 -18 -49 -41 -27 14
-54 -6 8 87 -21 -60 37 -71 -100 -60 52 46 -53 42 -60 18 -17 -48 -20 16 86 -73 86 -43 -81 -1 88 100 -2 -29 -41 -55 74 76 86 -23 -12 76 -72 37 14 46 6 96 51 70 -97 58 -85 -90 4 -81 -27 49 2 99 -22 -1 -15 66 100 45 -56 65 48 -27 57 91 33 -46 89 84 -65 -47 -70 0 77 12 -68 83 0 -51 24 79 87 56 26 2 54 -84 71 -87 -67 -32 62 85 -27 74 -71 -80
-49 -43 50 13 -59 -89 -11 18 19 56 48 42 -74 44 6 -41 62 -88 -24 -56 -91 98 29 3 46 50 -100 75 12 -55 81 56 8 59 100 98 -37 56 30 -33 33 93 -22 -73 56 47 -65 -42 16 -69 -78 -11 -10 93 67 54 -66 64 35 58 25 -15 55 -15 -34 -47 -44 -83 13 38 24 -38 70 -56 -98 -82 34 54 -53 37 29 -32 72 100 -3 29 55 -31 -84 39 -51 56 98 -84 -66 -97 -41 77 -97 -9
59 20 52 -38 -94 18 -8 -69 3 66 89 62 -76 -27 -72 -90 -76 -54 11 -52 -61 41 85 -15 70 89 33 34 30 -36 61 37 -68 -88 83 67 56 -11 -29 -67 31 47 68 28 -92 3 55 -27 -89 -28 98 -56 96 -82 99 46 41 89 -62 15 89 72 3 -51 -16 -34 -31 -25 30 66 -17 19 -73 100 -42 58 -69 -89 98 38 31 -51 -46 -36 -55 32 49 4 -99 19 -19 5 -13 11 -84 91 0 -19 76 94
-76 33 35 71 -82 -51 7 -6 90 -9 88 28 -26 -10 89 -11 83 -32 28 0 -36 74 -97 -43 68 80 84 -71 -2 -88 -96 -92 3 -30 76 51 67 80 -52 54 68 -8 48 -94 81 -67 -55 87 -28 -14 20 -86 -99 57 71 72 -18 26 -87 96 -2 40 28 -69 12 13 83 23 93 19 91 81 -72 -98 15 22 74 -86 64 52 -64 86 57 -61 -42 -79 33 68 -38 26 26 -89 40 -15 -91 13 -52 66 -16 -50
6 90 -3 14 -15 95 38 -79 23 -100 30 -69 -24 -85 33 20 -42 -70 -90 -88 -57 8 -12 34 -85 14 -79 -9 -14 79 47 22 20 -17 -96 100 13 -61 -2 -8 -45 -7 86 -14 79 -76 7 -43 91 60 -37 34 23 -39 -78 96 -76 -90 -91 34 55 20 -10 -74 96 57 70 -76 -81 -61 -92 43 -9 85 7 -61 24 76 33 -1 -46 -45 78 -19 48 -52 -73 41 -40 -63 -2 82 -72 43 25 -38 -22 -87 94 -80
1 24 38 56 -45 80 -66 -30 72 -76 -81 5 -3 -65 -56 -7 72 62 55 69 -19 24 -33 19 28 91 100 8 -52 -11 95 18 -56 67 87 57 71 -1 81 51 50 60 49 21 57 59 41 -77 96 -33 58 81 -35 5 -91 -45 54 56 50 39 67 -9 -44 46 25 -53 -31 100 90 15 84 87 78 -61 -89 22 34 -28 71 -81 -48 -68 -67 -83 -36 -46 -72 -88 -80 79 83 -24 33 -86 53 83 -41 -17 -74 96
-3 -3 -22 53 24 -70 4 -73 -71 52 20 -1 1 -26 45 80 -93 -42 47 55 -8 33 -58 51 58 47 60 50 76 36 -86 23 -49 40 80 24 -62 -32 64 -21 30 51 -43 29 -53 65 52 9 -54 83 -45 -6 -83 87 -90 -63 -51 53 44 91 -15 81 -20 -11 62 81 -38 87 -68 -36 -94 61 -31 -31 63 -70 50 9 89 -20 73 31 -8 44 92 32 91 78 51 6 22 36 -53 20 -88 66 -14 43 -82 69
77 -64 -10 43 77 -52 -33 53 -1 20 31 3 80 -74 55 20 -68 85 27 -28 32 -59 27 28 -14 -98 -93 -4 26 57 80 0 6 -10 96 -58 10 -63 -19 -4 -58 -35 75 -13 47 -52 -26 86 29 5 85 81 15 74 18 -88 48 -38 61 -35 92 15 1 63 38 28 -6 -17 -12 30 -16 -53 -51 -20 53 84 -23 46 20 37 -57 60 -84 66 -61 76 32 -82 53 -3 -19 -34 40 -5 -29 -8 -13 18 -9 -1
-67 32 -25 -44 86 97 18 20 100 26 -74 -13 40 23 -8 -55 86 42 -45 59 -75 66 -25 26 -82 24 9 -49 -19 -55 -39 74 70 -89 -97 97 73 -17 6 -90 -68 -41 -3 -51 22 -60 35 -60 91 -38 -96 43 17 43 -10 -65 -97 -80 81 7 -20 -37 -43 -93 -88 37 -100 78 -49 14 -74 37 51 -61 -78 -57 -63 66 25 0 -71 -37 100 84 -88 47 -3 34 61 18 69 62 79 -52 10 -58 -55 57 -17 26
58 -81 -3 21 -39 91 -63 53 -95 -4 22 -1 -52 -36 30 100 -66 97 -90 71 72 -86 -56 66 -36 26 56 32 73 40 -27 0 74 31 -75 -80 -62 18 -16 85 4 78 -35 54 100 -12 -64 -33 -88 -51 -88 26 -94 -52 -25 50 -15 74 -50 -39 12 -21 -51 28 -6 77 -44 40 62 -22 45 -61 68 -82 -83 -55 -17 -96 82 -56 -28 13 -23 66 -74 65 -16 13 26 -75 -62 2 -12 -22 -21 69 63 32 -44 9
-1 -47 18 63 82 85 -75 -39 1 40 15 -11 83 -32 -43 -8 -59 41 27 -63 20 -58 93 20 42 -29 69 67 -82 16 -61 90 25 29 86 -38 79 -91 97 -84 -4 -76 0 -78 -25 5 82 0 23 -61 11 -93 -57 82 22 0 -57 37 -93 15 81 -39 80 13 -96 69 -82 -72 46 -66 66 -1 10 93 -62 -27 67 -77 -98 -51 -27 -81 18 -20 50 82 12 20 29 70 -70 55 54 20 58 -31 -49 78 17 40
-95 -9 -63 -88 -41 -56 -46 -20 13 74 42 43 -60 91 -21 83 -14 91 18 -28 -86 -88 49 -97 -92 41 -57 -29 36 34 -44 -47 -38 99 -77 -18 -26 98 -31 100 51 -34 -6 49 -8 -85 -79 74 87 73 97 94 28 27 -23 -93 -24 35 -53 20 62 -59 55 -19 82 -76 -20 -64 -50 64 60 -19 -1 55 -59 52 -78 59 2 -53 7 -7 33 -22 12 -27 52 -56 -17 4 91 47 69 63 -49 72 81 -9 -4 45
98 42 62 85 100 2 -67 61 100 -74 28 -87 -1 14 -85 -53 76 76 -66 -3 55 83 85 85 -96 -85 -29 -84 -77 61 28 -100 77 -26 -97 -73 -96 -25 -46 -95 -46 -57 -6 42 28 -35 -84 76 92 -63 20 53 63 60 -96 -43 14 7 38 74 41 77 29 -21 -57 49 0 -50 -49 13 -48 -28 -100 1 92 98 -21 -51 -44 55 -53 51 92 -57 33 -43 -52 66 -96 -42 -56 -26 60 90 46 -93 74 -8 61 -32
25 68 22 85 1 81 43 70 -30 5 65 10 74 69 22 -93 -49 62 35 -100 67 31 -83 69 -34 51 -86 -92 -52 42 95 53 -89 7 -99 33 -55 69 -27 -5 -21 -64 -7 -58 -72 41 21 92 -39 71 55 -75 -76 -96 21 87 85 -94 61 19 -70 -13 92 -31 11 -64 -51 100 99 -6 45 86 7 -80 17 66 22 -37 48 85 46 -39 76 80 -65 -86 39 10 38 63 46 28 -15 25 80 -61 -11 -8 42 -3
-42 -82 -65 93 -71 5 -82 59 35 -20 5 -32 13 -61 -4 -96 48 -69 73 -49 6 59 -46 36 17 56 -30 -98 -61 -34 -94 20 -61 -96 78 -7 -2 -64 7 -66 -97 61 89 78 -86 0 24 -99 -24 -32 51 42 -3 -4 61 -39 61 -32 49 29 62 -14 88 -34 -42 29 65 -14 79 -9 48 -46 -93 -39 -62 46 -86 24 20 -7 -84 73 -69 -40 -37 80 73 -18 43 92 -53 31 -95 20 -6 -55 -45 91 10 -34
1 -71 56 14 39 57 24 -63 -100 -20 19 3 21 -20 -54 65 79 -34 64 -78 -63 -74 -67 -58 66 20 7 35 -52 20 28 -57 74 25 68 13 -82 42 -62 88 -20 -81 62 -63 18 -45 -85 42 -53 -43 75 -98 -81 80 97 41 100 -4 -48 87 -1 9 -58 -45 98 21 -76 50 47 -51 54 81 35 49 0 38 -90 -39 36 15 -35 83 -23 2 -92 -10 -30 90 -87 -23 96 60 31 45 -91 65 95 42 14 -75
-37 35 -30 -45 22 95 83 -7 17 32 -42 -78 -22 24 -26 29 -57 69 -99 75 39 95 -26 -72 -25 -9 51 -73 -31 63 -92 -30 -77 83 58 -95 -33 18 -93 38 53 82 -61 -92 31 8 -65 -40 9 32 18 -60 -15 45 94 -92 72 -57 -51 79 58 -31 -46 -45 83 -16 62 16 83 18 8 32 35 39 -98 -66 -21 16 -77 -82 53 -90 -53 37 -43 32 -77 75 25 49 -84 -69 -49 51 15 99 82 67 -10 45
28 46 52 80 -10 99 -77 90 63 -97 85 99 -48 -25 81 -42 -42 85 -5 -57 -18 -25 -75 10 57 29 57 -72 -25 -26 59 39 42 -17 89 28 -42 44 18 74 58 57 50 -25 -39 -58 71 -60 -47 -26 86 -62 0 -42 31 -50 49 -24 85 85 53 43 -87 16 -49 85 -42 50 -66 15 -45 65 -3 -50 -75 66 37 -62 -67 -50 46 -48 -20 -40 10 -44 -52 -50 19 17 21 56 95 97 -65 -85 -5 41 -51 -80
26 77 0 73 -82 -53 3 13 -19 -37 42 -12 68 -47 47 78 75 -88 89 -36 63 -7 61 55 -25 17 -59 61 96 81 46 -27 51 -41 9 -16 36 10 -63 -51 14 -74 -55 -79 19 -60 7 -40 -83 -89 -35 -75 77 59 89 -14 -72 47 46 -30 44 -98 -3 77 21 -44 23 -80 -22 -43 -88 9 86 -65 -9 -74 -95 90 -12 -100 7 84 98 -48 -53 13 75 -69 17 -80 -10 -2 45 -30 33 -86 -2 62 71 29
41 -78 -7 16 94 63 -66 40 55 -65 67 -11 93 -4 35 19 -50 -62 96 -58 -76 87 -74 -75 86 -56 82 6 -65 98 -68 84 35 15 85 -21 86 -87 96 -87 6 -73 42 -40 -3 -74 -5 -66 -49 -19 -9 84 91 -64 25 100 97 -82 29 -29 63 30 -45 -39 2 87 95 -37 -13 6 68 -70 87 -25 51 -51 36 94 -96 74 -100 -96 50 -96 -80 -43 84 -70 -50 -45 -17 21 -76 15 56 -43 -74 35 -75 -72
-2 -100 -1 -43 -63 -95 77 87 23 -83 -32 39 -28 10 43 55 16 99 -52 -3 -100 -83 37 56 24 34 -18 -2 44 -68 -7 20 -4 10 -61 4 6 -15 -64 97 25 38 -29 -24 21 93 88 13 -24 78 1 20 -30 -79 31 -37 -76 40 -42 -63 -98 -63 -63 81 -40 94 -19 43 -39 -2 -77 -69 -9 -41 90 87 83 -86 -15 100 69 -19 -96 44 65 -50 -31 -89 -14 58 -9 -59 -19 -84 -35 -81 -20 -20 94 87
88 39 47 23 -73 80 -77 47 16 82 75 24 0 -11 32 1 84 79 33 81 -40 50 -20 87 -29 43 -96 49 -77 23 81 -39 -36 -68 53 61 -70 -45 85 -82 -50 67 78 45 82 53 4 73 -29 -79 -65 46 -82 -98 42 91 91 -79 -10 -12 51 63 -20 -56 -1 32 -79 -49 52 -67 -45 -8 84 -64 -26 -9 -59 74 -4 47 59 0 -75 2 92 -34 -6 73 -3 83 12 -53 81 -77 32 16 -53 58 -13 -1
-8 -78 -86 -14 -95 -27 91 -86 5 49 -96 -96 -34 57 -21 80 89 2 22 0 -7 62 -91 17 78 70 38 21 -88 21 86 -31 -14 -11 -71 96 22 -81 -20 -77 -1 -6 -48 26 56 -80 16 -21 3 93 57 66 18 3 57 73 -66 61 17 52 -99 -70 -84 62 -63 0 -50 73 -13 81 -41 21 -10 -26 86 36 89 16 -84 -66 58 34 10 -44 -86 76 -82 63 -2 1 8 49 -21 -18 -25 95 -27 -78 57 46
92 -46 -91 -44 -30 -23 -21 -34 74 -92 -6 51 64 -6 86 70 54 -63 -84 -20 -52 -57 -4 29 31 59 -35 -30 72 66 -75 -19 47 -80 79 30 -30 58 -19 -36 78 -89 -43 48 -75 -22 85 55 -7 -1 73 34 -8 -83 -76 -75 13 76 48 -7 -53 -66 38 -99 33 -10 17 -53 -28 90 -12 90 82 -30 -63 60 67 -15 -65 79 -25 -72 -100 47 79 -5 81 -19 -91 10 -66 -10 63 33 -31 94 88 20 35 -57
42 88 92 35 53 45 96 52 73 -42 -9 67 -25 -41 -96 -91 -56 73 75 -77 82 21 28 -51 98 9 -3 -21 -78 -94 -66 -23 -83 1 -91 -26 44 18 -85 -12 -100 -74 -1 -70 61 53 81 92 -81 -32 -65 2 40 99 -63 -43 -72 79 56 -97 73 69 -14 33 -47 -12 -83 0 4 54 -52 -66 32 82 33 -86 -84 -13 45 58 -85 94 29 -85 29 -96 8 -51 -90 -95 -4 30 -81 97 -9 63 -68 25 -24 -26
97 -92 74 -36 -28 -10 9 -69 -78 -6 47 -11 -21 9 -16 -60 12 -33 10 36 17 -30 36 -86 63 -8 56 -25 62 -80 20 -33 -82 -71 74 -1 28 79 65 -90 -41 -46 22 -17 30 -19 -50 -67 98 86 -38 66 -14 -53 36 50 -86 77 -52 -97 -71 19 4 -39 -69 -98 58 -62 -50 -33 -20 87 -56 -47 22 80 72 -68 30 -23 -21 93 -5 68 -57 21 -47 57 -37 -64 80 -9 45 84 -16 0 46 67 -77 47
42 -81 46 88 52 17 9 46 77 56 -66 3 -6 99 -45 84 -72 -58 61 27 -46 -26 87 -71 55 20 -3 71 -14 -60 11 95 8 -59 -29 55 -37 -44 75 -85 -57 -61 42 -74 -95 30 15 -83 -42 -7 -40 93 -14 -19 -46 -49 88 -54 -20 -3 75 -32 -59 8 14 -75 2 -97 -8 -45 27 20 44 38 1 94 -76 2 43 -56 -66 34 -61 94 -21 61 50 74 -6 -57 39 -2 77 -50 -66 48 30 81 -49 -88
-79 94 -87 1 -34 -61 77 57 -12 -20 -70 23 99 51 -17 85 -71 -65 39 -25 32 67 91 64 86 -8 -22 -2 -47 20 66 -64 -100 -93 -99 -14 -100 21 -28 -87 -76 -21 73 41 -69 7 73 -23 82 -9 98 81 -95 -97 30 -65 -17 -24 -84 -88 -80 -46 -1 52 98 -68 -57 -14 30 56 41 -73 -26 -53 -8 35 61 1 -68 -47 -67 -66 78 -50 -93 90 90 -76 99 -63 -87 -26 -52 -91 -48 70 28 -85 23 67
65 84 56 -93 -95 63 41 21 4 -67 -85 -3 86 -60 31 36 63 74 -73 -35 83 -8 -62 -32 -92 -15 12 9 -79 -7 -88 -56 88 -20 -88 -69 0 -68 3 47 61 33 -55 99 -33 -12 1 27 -73 21 48 -59 -11 85 88 39 12 -58 -28 -45 41 -18 45 97 98 48 -84 -36 -26 10 -100 36 68 -26 96 45 30 41 -39 -52 5 49 59 -82 -26 77 -41 -82 81 86 25 -33 20 -86 -48 53 10 76 26 65
19 15 42 -89 90 53 -17 -41 -3 -13 -40 -89 -49 47 -40 -75 62 -52 -19 -32 55 -21 -95 33 -88 76 76 38 71 -37 79 97 -21 -58 25 29 -74 -34 -40 37 -10 45 -4 8 -41 -52 -67 -24 -47 -90 -10 12 -11 39 55 -17 -20 -5 -46 -50 3 85 84 -43 61 68 20 -99 24 -49 12 26 -72 -78 -5 53 -42 -69 -85 -21 -98 94 -18 81 17 78 -95 94 22 -1 13 30 -90 15 42 22 -97 28 -28 -100
90 42 -29 -56 -100 -4 58 -52 -89 44 41 -75 83 -55 -67 40 6 -95 7 -61 -5 24 -13 34 -61 -81 62 92 -85 91 -100 -33 -91 4 -88 62 48 -96 -91 -98 -37 -60 67 35 46 -46 97 48 -70 60 61 -70 -33 57 93 53 40 -83 -1 58 -1 -32 79 -65 -82 -73 48 -99 100 -73 27 -41 -21 -65 44 77 8 91 -23 -93 -58 -53 64 -16 30 86 10 72 -16 9 -53 -5 34 -69 -73 3 -25 -71 -65 -38
55 -16 16 44 -12 -9 -81 53 -73 -97 37 42 -26 87 -17 91 -83 23 -40 82 52 21 93 -11 -22 15 79 -99 -21 10 22 22 42 -80 -69 19 -43 11 -60 84 -13 43 86 -95 90 -5 -54 14 65 44 61 29 -35 -18 34 35 -17 -54 -66 -7 -66 -41 -97 -44 29 -31 75 -23 -46 34 -37 -2 -49 95 -11 99 -83 -75 -60 51 -62 -45 -19 99 -99 6 -47 9 -23 58 22 51 -17 65 -25 4 -15 -2 -38 22
74 59 26 -49 73 64 49 -85 -72 -1 25 -81 -38 67 -92 10 -47 51 -47 -18 -43 71 -76 61 62 27 38 29 4 62 7 39 5 46 -59 67 -49 -16 -14 -29 -76 -70 10 44 -75 2 5 66 -51 -3 -38 52 -83 18 16 83 -96 53 -71 -33 53 89 -100 -90 -92 62 -91 3 -37 70 -73 -78 19 64 55 -65 -70 -14 47 62 -18 -7 -88 70 -55 -54 -72 -50 -39 -92 -12 7 -7 -27 -37 47 -81 -12 96 -8
88 -54 21 -90 -87 61 -43 -80 -25 71 51 67 67 87 6 -18 -61 94 -64 92 -33 58 -7 23 -83 -18 -12 -91 72 76 23 82 -85 56 -69 68 -69 52 -58 71 -58 83 62 -31 -5 -85 -49 -53 -85 19 36 21 -99 -64 -73 48 50 76 22 78 -69 78 36 89 -88 19 11 19 85 -22 -83 68 -51 -89 36 20 -44 76 48 -24 13 -41 20 -96 -93 25 8 -30 -73 -70 -37 -7 54 -19 11 -69 -54 -96 49 40
-76 -25 71 -26 74 -94 76 90 57 -91 -22 -90 47 -18 35 83 -76 -10 -46 -29 94 -74 -23 -100 86 28 93 -55 95 -85 92 -22 28 42 8 98 -24 85 -80 92 20 -47 -92 3 33 31 -42 95 53 25 -22 31 -13 -57 -58 -17 -91 -96 49 -48 19 -19 41 -69 90 60 -19 -74 71 -93 29 -48 -70 15 -21 -5 74 0 -35 -91 28 -29 57 66 59 45 -74 -74 -26 -7 69 -83 -18 -100 4 -75 -82 -52 -57 91
59 -32 -18 -46 -67 -65 10 -50 64 -16 -25 -68 -17 -60 -80 36 -53 -61 85 9 -38 13 45 35 52 88 53 21 3 29 89 100 1 83 48 59 77 82 83 9 45 -26 -90 -29 60 55 79 -94 -5 11 49 -57 82 51 93 -66 85 12 -46 85 87 -29 91 -12 -30 -24 79 -86 -100 -51 -8 -34 -85 46 -3 -15 -65 -22 10 22 -41 69 -58 9 -32 93 -73 17 74 -45 -25 56 21 -43 26 -71 -4 -23 71 55
96 -97 73 31 -9 -3 14 -27 100 62 -5 -61 -27 80 51 68 -4 -79 58 -31 -37 -35 75 90 -30 -60 -77 -80 -75 81 -32 -46 53 -50 -90 55 -71 -21 -6 94 -83 77 -66 -75 -98 -93 11 -61 100 16 2 23 -100 51 96 -80 80 -7 -5 -51 61 57 81 -82 59 78 61 49 8 -8 -50 -79 -72 -27 1 78 -84 2 25 73 -95 -52 -49 48 -12 -95 -28 50 42 36 -27 18 87 -86 89 56 58 92 -87 42
13 74 67 38 -100 -63 -8 22 -81 86 60 12 -10 -100 -1 23 68 -17 -79 70 -91 -77 23 -51 95 -62 -32 -14 50 33 -95 -25 -77 -22 -97 -15 -78 1 -74 -65 -75 67 34 -95 92 -87 79 -81 -44 -25 49 8 -9 -66 -57 -97 -13 63 11 -17 52 44 21 84 20 55 -1 -93 93 -22 -74 36 31 89 4 22 -25 -26 -58 65 -87 18 9 6 31 -27 -28 -49 -2 87 -46 64 51 37 -63 24 29 82 -87 -35
-96 -28 45 6 -89 -78 52 89 65 -90 -67 -77 38 -17 -44 96 -67 -1 27 92 -41 57 55 33 -47 -78 -42 -11 13 36 99 -28 79 43 86 -10 72 52 64 92 31 -70 43 -45 47 95 -13 -19 80 -46 14 -13 -66 -88 86 91 8 26 -15 3 -97 -96 -1 -38 32 39 13 -51 -10 -45 1 -75 -59 81 -59 14 -51 56 -51 -42 12 47 68 -40 -83 -74 96 92 -56 31 56 58 -16 15 42 95 -44 4 79 80
11 34 30 77 -34 16 -20 44 -43 76 26 -60 -75 -66 96 -58 22 6 9 39 42 -5 77 -76 59 61 67 -3 1 62 29 -54 -90 -91 -80 -77 -59 -9 -75 4 -26 85 -13 -19 87 82 -57 93 9 83 -18 30 73 19 -74 -84 13 -23 17 -91 36 -87 -4 19 25 71 87 -66 -1 -98 9 71 -7 -24 -33 90 -36 -47 -22 -68 87 -24 57 85 -62 -1 -32 -65 -18 -21 73 50 -82 -44 -11 63 42 80 -46 78
-11 -76 27 -44 -65 36 45 -48 85 43 60 30 -17 28 -38 -12 -51 -73 80 -52 -96 -54 -77 11 29 59 97 53 -79 62 -36 99 62 -80 -29 92 -60 51 41 92 -38 57 80 -89 -80 -57 83 99 -81 91 -92 49 56 -99 -19 -93 -53 -10 -57 98 -70 -22 -32 -21 11 80 65 61 -47 56 -72 34 -11 -85 93 -95 63 67 -9 49 84 -39 -40 65 79 74 -80 63 -73 41 28 -17 -87 -96 -11 -71 -87 71 -58 66
-26 17 25 100 -65 -76 67 78 -14 68 6 53 -66 81 -14 89 64 12 -35 54 13 -77 -59 97 86 36 -8 -1 3 -52 58 84 -13 0 35 -99 81 -20 55 -58 -4 -77 -58 62 38 25 -14 -77 -8 -96 -28 -51 -37 59 -20 -18 34 50 42 68 7 64 67 -42 -85 48 -66 -78 -71 19 62 73 -89 90 25 -39 -56 -4 -15 -99 -67 51 96 93 0 58 98 -9 -8 -22 -35 70 29 43 -20 66 -5 33 37 -71
-13 -61 -86 59 -31 -22 48 44 81 -69 -43 -46 -99 75 61 -78 -54 -28 -71 81 86 -86 -43 -64 -15 94 27 58 99 -57 24 -58 -79 -37 83 34 64 -70 79 51 -82 42 -76 -26 -41 -90 -45 -40 -67 -55 4 -73 -67 -14 22 78 5 22 47 -31 83 -40 -66 84 -82 -94 -94 -4 90 74 -69 92 -38 29 -38 42 28 -56 -17 -2 -90 75 67 -18 78 97 75 -57 -81 -100 -30 79 -94 36 29 -54 52 60 -77 -92
-18 -12 69 84 -18 89 -5 82 100 -85 -84 21 83 3 70 -42 -67 47 -53 58 -64 -71 16 30 -90 48 2 28 56 95 -2 -16 -77 -23 76 -66 15 39 3 -10 89 96 -56 42 38 89 -10 33 30 -29 -28 28 8 79 67 -90 -87 -68 -87 78 19 11 -46 -82 82 6 -20 -38 -9 55 -47 -62 24 -13 6 -98 73 -19 -58 36 -48 -64 19 -98 27 -43 82 94 60 -59 -85 -20 85 67 76 -33 -18 -12 -76 98
36 -73 -79 -14 -60 -38 -65 -89 -59 -33 50 -88 40 91 -1 -19 -59 74 -41 -45 2 -64 -4 -48 74 -2 65 58 64 27 -60 28 -29 -40 49 41 -79 -62 94 -28 87 44 -68 100 94 -73 -52 -59 -3 4 59 -8 -71 -35 81 38 60 69 36 100 -44 -13 -76 21 -100 -90 -41 -30 -51 69 -32 61 47 71 62 -80 -58 92 16 -10 -31 -63 52 -39 -53 72 2 31 23 86 -53 -87 63 -37 -56 81 85 52 -70 -5
25 8 -4 -34 -25 37 -81 -39 -79 85 -85 -35 -35 -60 83 19 58 25 14 94 53 -71 -81 86 29 -18 -61 89 -94 -83 -57 44 57 -70 56 66 -23 -69 -11 79 100 31 0 20 -45 -45 16 -2 -54 99 -2 -65 10 32 49 89 70 92 -49 42 -57 -28 -30 64 -40 12 -66 -8 35 84 4 94 80 -55 -49 -68 32 74 68 31 18 -83 9 86 -81 -22 -70 18 39 6 -5 18 -69 97 -29 -27 66 -63 -27 26
55 53 -72 -94 -55 29 -17 35 -39 -89 -12 77 53 -54 25 -65 35 24 0 -93 -22 22 -71 63 81 87 -17 16 63 75 96 -3 22 -18 84 11 -78 11 30 16 -86 72 -15 34 46 54 -68 -74 63 97 -65 7 99 -5 59 45 -82 97 -89 63 79 90 -15 74 -87 -30 96 30 -86 -17 -54 59 85 65 66 -97 90 -74 93 -65 -63 -12 -11 -27 -58 70 -16 35 34 -25 88 -87 -34 -37 20 86 74 20 -16 10
99 -26 -66 30 -3 98 38 -98 -95 20 -8 32 -73 -5 10 -70 61 -44 -95 -31 58 53 1 -95 49 -53 39 30 88 27 22 19 -31 -51 38 42 100 -32 -87 22 -99 75 32 12 58 -45 -20 -12 12 84 -46 99 95 -100 23 70 40 82 -2 82 41 99 -38 -14 85 36 -13 -80 78 -63 14 47 64 22 79 -33 -12 -5 20 73 -28 58 -5 -39 41 -39 14 -58 43 -71 24 76 97 -44 -83 -92 73 -33 -94 15
-7 -50 58 84 -25 73 44 -45 -10 -76 19 33 -80 -71 23 86 11 -25 -23 -61 -88 -33 32 93 85 -91 -22 72 -18 -12 92 -94 -74 -74 21 -95 6 -34 -19 -66 -52 56 90 92 82 -21 62 -31 -37 52 29 -10 92 -91 31 64 87 21 -68 -2 -95 50 22 34 -33 96 84 -28 90 -66 -57 31 54 -16 73 -98 69 3 -61 54 76 -87 -45 -51 44 -38 -29 59 71 1 43 -32 -40 0 -100 -3 -35 40 44 37
81 69 -68 41 -60 -14 -74 50 -71 -9 6 -47 -93 36 99 -81 -66 17 -93 71 26 -81 -49 -43 -16 85 83 -5 37 -86 -55 -18 98 -90 -99 73 17 70 -3 9 39 26 -4 -24 -31 87 2 70 18 -71 21 73 8 93 15 71 72 -90 -98 100 -24 -67 49 -27 -46 -24 -55 -52 81 -9 -73 8 20 -55 38 0 51 -93 -97 38 92 93 29 81 -93 -60 1 -8 -96 89 31 19 13 94 -3 43 -64 20 29 21
-15 -39 73 -1 -58 -68 74 97 -5 -51 -47 20 81 -1 66 -25 -7 100 11 15 68 80 18 -99 -46 46 65 -57 2 -12 5 -100 -91 -10 -58 64 65 82 97 59 4 3 39 45 45 48 -79 -96 96 -98 53 80 -90 29 -1 -89 -16 61 9 18 -100 33 40 -42 100 -100 -21 -17 20 42 83 -15 83 -55 63 13 -95 79 -95 -23 28 5 74 -61 57 -38 21 -31 -25 33 35 78 -5 61 -98 9 52 -62 98 54
-50 -98 -27 54 -4 15 34 -51 28 -93 61 95 -67 42 67 26 0 -93 -73 60 43 -12 -61 -74 -36 37 -9 36 4 -12 83 34 -54 -88 61 37 -4 91 21 84 40 -96 -41 20 -92 75 83 -74 99 28 -25 52 -14 48 -97 -99 -48 35 -98 -84 33 -52 36 -45 2 -17 14 35 62 72 -20 -29 -69 -7 -42 80 -91 19 54 -64 -88 100 -49 22 71 -92 -46 48 64 -45 85 -51 -16 62 -14 80 -62 27 -25 0
