100 100
0 -56 -22 77 12 -33 100 -99 -57 56 -63 94 -11 31 -66 29 3 -23 29 -39 87 -98 -98 53 -55 -79 -53 -60 98 -42 -84 -75 -50 7 74 -19 88 -96 15 -5 16 -92 33 -27 -14 -53 -65 -53 -15 -7 47 -53 38 54 -85 -78 84 -17 35 -61 16 22 3 -39 -63 -26 -33 5 11 8 -32 44 -94 -73 42 -2 -61 -7 -16 4 36 86 -16 -18 10 -1 87 -66 -82 -51 -73 45 -77 15 -67 86 56 -36 -20 31
42 -11 -90 26 5 -36 -94 36 22 5 -99 2 -38 29 -17 2 41 61 -86 -65 -24 16 79 83 -41 -40 28 12 9 66 79 54 63 70 -56 -89 -62 -80 -69 91 -15 -41 50 77 93 -51 -77 -4 42 39 5 -22 15 -87 -36 -84 -27 99 -16 7 -54 62 7 -70 -89 -24 -68 18 18 9 28 6 -8 96 -51 -63 85 40 23 -20 -73 37 48 -62 -21 59 -80 -93 91 70 -4 63 -100 61 90 89 -42 -4 69 -86
49 -25 99 -66 -43 -87 66 75 -12 -53 -1 17 80 -40 84 82 47 -84 -62 77 -84 37 73 83 -9 -73 11 -80 75 93 19 -90 -60 66 -82 -51 -4 61 98 90 55 89 -18 -46 -28 -76 -60 -92 -61 81 -21 70 -24 37 -92 96 18 99 -43 48 28 -50 -37 -33 -15 -86 -7 83 83 77 54 -9 -80 3 -16 -75 -69 -73 -30 10 80 24 -91 71 34 0 60 40 -63 11 -77 48 41 -27 65 32 15 -25 -79 -80
-42 47 -23 -53 -13 76 27 29 71 45 -87 67 -19 -71 45 12 -71 58 -68 78 61 -67 -59 59 15 -3 15 60 -31 8 21 40 -52 -83 36 63 -28 -77 67 -30 -65 43 89 -67 -80 30 23 59 -40 -31 -46 43 -81 84 -23 69 -49 -66 46 45 27 -60 -71 8 24 -10 -2 42 67 38 -28 0 -72 -8 85 -43 5 -86 44 33 -15 -59 -93 7 -64 -99 17 -3 -95 66 -86 -69 -77 21 -38 11 100 -61 -12 87
44 94 69 90 -90 -16 -59 -80 -92 95 43 0 17 73 -79 -30 -52 96 81 -74 -58 96 -25 -3 -1 35 14 15 33 30 38 12 -48 31 81 -70 49 -65 -69 -2 65 74 90 -64 45 -3 -63 78 61 -1 -17 -97 91 50 60 17 -44 -21 8 -39 79 89 -86 -35 2 -59 -85 37 -5 37 94 84 89 -18 29 -73 61 -85 96 7 21 -70 -15 1 96 58 2 -2 7 84 -66 30 16 -28 -3 -81 100 -42 -66 32
-62 -24 -31 -77 68 55 87 7 11 51 73 -49 47 -30 13 -4 -96 11 -23 -76 0 8 95 44 -46 -91 15 -7 -75 92 65 -87 73 -16 -20 -89 -38 87 -48 -44 36 97 33 -79 -27 26 17 19 -60 17 22 -70 -6 -42 -49 -37 40 69 41 -96 48 -93 -58 47 -56 57 23 44 -76 24 41 -85 2 -2 30 -86 -59 8 82 -48 46 13 -51 21 -48 44 -39 -61 -9 87 -85 -39 -93 55 72 -7 -60 -22 72 18
37 85 20 3 42 -58 -5 63 67 82 -50 -43 -100 6 -50 58 37 32 37 85 -78 -79 94 67 -47 -100 83 53 74 39 -4 65 84 91 58 -69 85 -61 -43 24 -53 80 -13 4 1 -20 59 35 -86 -80 53 93 79 -37 91 -15 97 -79 55 -88 -11 75 85 36 20 -98 17 46 -46 -22 -90 1 -98 71 -72 29 -42 69 34 -29 -89 1 -72 93 84 -87 -49 70 63 -17 -5 -70 32 73 30 -49 -23 96 54 50
-32 16 29 37 -65 -38 -12 -17 19 -14 85 70 -19 -7 -7 -67 -93 26 -3 -59 10 -49 54 82 76 -10 49 80 97 85 66 16 -88 7 70 46 -68 12 -34 11 -41 -55 -69 -11 45 -57 -54 -54 -87 -36 -40 -25 15 7 -35 4 94 100 92 -88 26 4 -50 23 -40 -98 -77 3 -24 -70 49 4 97 34 -46 17 24 -62 -54 -15 -39 -44 -55 90 13 -62 13 85 -18 -89 -63 -81 13 -13 -46 43 -64 -8 -62 92
73 -83 35 -58 36 91 91 -9 63 -17 -6 -17 84 38 -42 -44 63 39 -64 -89 14 5 48 93 -98 10 90 -89 -23 2 31 58 92 3 43 -79 -82 -53 -83 34 -3 -78 96 31 90 -25 28 14 46 49 6 -7 57 -36 36 -83 -11 -79 42 -44 25 -12 -65 -15 87 -70 3 -98 -24 -7 -69 -53 -46 -25 7 20 -25 -65 -99 -7 -10 40 -15 -11 -50 48 45 -93 -74 60 25 -15 -20 -56 -22 -32 -37 58 73 76
31 12 33 68 64 50 -97 50 -97 24 9 99 29 9 -18 36 -37 13 31 -17 -99 1 19 -86 38 -98 40 -40 -87 38 14 32 89 28 79 40 -99 -20 80 -10 85 -93 -53 -59 -97 -72 -74 -62 13 -36 8 -46 100 92 -11 96 79 -75 28 -99 -50 -58 -23 16 -11 -86 80 -15 26 -21 -13 34 -30 43 9 55 43 28 -58 -38 44 -15 23 -57 13 -6 -54 7 30 -93 34 -19 -86 29 -87 56 69 -25 90 -89
39 -52 -53 -44 88 72 -62 -79 -79 -50 -17 -25 0 82 35 99 -57 52 7 86 -91 71 -29 -31 -56 -75 -37 91 -38 43 25 -16 -38 2 -15 58 -69 -27 68 -28 76 29 55 -96 80 -82 48 -13 82 -95 49 -76 -79 -37 -1 66 7 -96 92 -93 -48 10 -22 24 75 -68 -18 -48 -72 27 84 46 -84 77 -32 -37 -92 -49 68 65 -88 25 12 22 55 -8 58 -84 -60 -63 -8 66 70 -58 30 17 -22 -82 -39 36
-33 -81 -50 25 -62 89 72 93 -66 -64 84 43 66 -70 -10 96 13 39 38 -42 98 -81 -62 97 89 22 73 58 -45 37 -15 27 60 -5 -29 -93 -46 -17 -97 47 -75 -18 -31 -92 -48 -56 0 -18 -61 -47 58 24 -28 -24 -17 -99 47 80 88 92 12 27 -14 63 12 7 97 24 50 29 92 3 7 85 -21 -75 -27 -21 72 22 12 -75 -12 22 -53 -36 100 -85 -83 -28 84 -55 -65 13 -75 -27 -13 100 -24 70
79 -9 65 -48 -14 29 -71 -11 79 18 -51 18 24 65 -58 -22 -65 1 -17 -10 -93 41 12 21 60 57 72 -27 -31 -7 39 -82 38 -49 -28 91 -21 -71 -97 81 34 34 -14 -35 -76 87 -3 -2 -66 92 76 -42 -22 -22 21 -22 -35 66 -74 -74 -18 -39 19 -44 -1 20 56 16 -93 -35 -83 2 27 -40 87 -86 -72 94 -94 -34 -17 -27 -88 -71 18 69 75 -75 -75 2 30 9 55 -30 -32 -88 72 -57 69 26
30 -43 24 2 -50 40 -34 -87 29 17 -78 32 -83 -10 33 80 64 41 20 74 -48 45 52 3 23 -89 86 -95 -95 7 13 100 -21 41 -75 -7 -45 -38 -16 6 -74 96 50 -42 75 40 89 41 -30 88 -10 -29 34 -71 67 -74 33 19 32 -89 94 43 93 52 8 -88 22 -85 -4 85 -34 6 -35 38 -70 -18 -47 -84 95 92 -24 -75 -51 2 48 -13 -85 -94 1 -14 65 -76 52 58 -12 -36 -62 -69 49 13
-68 86 -3 -8 2 76 18 -84 -85 98 73 -30 10 66 -85 -59 32 -30 89 45 -74 21 -31 -66 -52 11 -5 -9 -50 58 32 23 -48 -100 -23 6 34 73 12 -72 12 81 -17 -74 22 -10 23 -68 39 83 -63 0 -55 3 44 74 70 72 54 -93 86 84 -36 44 34 35 75 52 30 20 -15 5 94 59 42 -73 42 15 -42 -94 -22 -35 -86 -99 -38 -48 0 97 35 -77 84 94 78 -59 -99 9 18 -39 55 -59
22 -3 30 7 21 7 -100 -69 -38 80 36 -18 32 97 22 -51 -44 -70 -27 -53 -99 40 46 7 -38 -70 51 -97 2 18 -10 18 52 -23 82 -21 -70 -95 73 27 71 -63 -68 54 45 -90 -2 -42 -2 97 -76 -84 -19 -17 -97 -56 -96 71 -57 61 -42 87 47 24 50 71 -14 36 88 76 25 20 83 31 -39 -61 -72 -46 -46 -17 82 -90 55 -47 -17 -34 46 -21 -68 47 87 78 -76 -31 -2 25 98 -88 84 9
-37 -7 79 -68 67 -91 3 -40 5 11 49 -40 59 -75 -86 -73 79 -2 -38 -37 78 -79 -57 9 -37 -12 16 -50 7 -53 68 8 -45 -9 -42 19 87 1 -36 -100 2 -78 -83 18 -75 61 -48 11 -99 -1 11 19 88 51 -15 90 90 50 61 -5 -1 39 36 57 72 44 82 20 58 -81 33 3 58 -68 50 32 -21 -40 80 52 -39 1 73 -92 -17 -66 -21 54 66 55 -22 71 -1 -59 34 -99 17 -11 -32 7
-64 67 -99 70 43 -79 -39 2 -34 -25 70 -59 17 -82 26 91 33 2 -68 58 -80 32 -96 -73 -89 20 -67 -46 -68 -53 -39 -1 76 -28 74 39 -89 -44 92 15 54 -36 42 -55 -84 -98 89 7 -63 -23 79 -98 68 27 -78 8 -36 -62 47 -13 49 50 -77 -95 81 55 -21 1 76 89 -36 -87 -6 -56 -49 47 23 70 55 -73 -47 60 -5 21 84 17 94 -36 40 -80 41 64 -5 -42 49 -89 64 -80 68 -89
20 69 92 -59 -4 12 71 90 -10 -41 66 -64 84 -5 63 90 91 2 33 97 66 -76 49 -4 -14 90 -46 38 60 -97 -21 -31 -89 66 64 -89 -3 91 80 50 -74 -46 35 -67 -47 93 77 -94 -72 -33 94 87 21 -16 -11 31 23 63 100 50 14 86 -17 19 -22 -83 98 19 3 97 -49 97 9 98 -37 -59 -73 -78 -72 33 83 2 54 -19 56 70 -9 -25 36 1 94 47 -70 -39 -38 37 40 57 -70 -91
0 26 -67 33 -66 21 -98 14 -88 -35 -42 -95 13 -49 8 69 23 -54 27 80 56 91 -8 75 59 74 3 -66 58 -2 13 58 -66 -12 83 -64 -72 50 -55 54 28 -96 -72 -99 82 -35 -47 33 62 48 89 -69 58 7 36 -6 30 -79 -97 -51 -84 0 -52 65 54 8 -70 -42 -70 -21 19 -90 65 39 -76 -82 72 88 46 -37 -83 56 0 83 -71 73 -70 -94 71 -63 -38 -63 24 -38 43 -86 74 -76 -52 -20
-72 -23 71 31 -46 -13 48 -44 -48 8 22 -32 33 19 -49 -52 16 -94 18 -57 -65 51 -21 66 -6 -87 97 -67 87 -11 -23 43 -99 -18 80 -84 90 -64 -41 -82 44 -2 -77 0 53 -9 59 47 -20 60 -43 -58 -64 38 -92 -40 28 -56 79 -28 30 5 -20 -5 -25 7 13 -74 2 -64 97 13 -100 33 -71 50 75 57 6 -52 -93 -98 17 -49 16 -89 20 -66 -82 39 94 -5 44 -71 72 -91 -27 -83 94 78
-9 10 18 -21 -56 -56 -13 -73 -88 84 15 59 -63 71 95 -34 79 -72 -95 -71 47 -65 31 -52 6 5 44 84 10 96 40 -50 70 -58 -12 87 -81 36 82 -81 87 -80 63 37 -99 -39 -98 27 -3 44 20 -87 -25 -96 6 -82 91 -88 -5 25 -28 -12 71 79 -79 2 55 85 60 24 51 81 -9 20 -17 41 -79 -56 60 78 94 80 4 81 77 20 10 -34 98 -5 43 80 2 84 51 43 -11 -71 -87 -97
46 2 -44 22 -28 45 5 14 50 -4 -29 59 -78 -97 -6 64 -29 -65 -3 -4 11 50 -74 64 87 44 17 -18 -89 -81 -3 -31 55 66 61 -62 -40 -16 -37 61 -58 -21 21 -25 -36 -57 -1 36 4 6 30 94 -29 -86 -7 82 -72 -32 18 -13 -91 -30 96 52 -89 -6 -74 -33 22 4 29 53 -88 -52 39 70 -74 -14 25 0 -29 -63 76 4 6 33 20 69 -88 59 100 -10 93 -8 26 1 -58 47 80 -29
98 -45 37 -45 73 80 99 15 -18 -24 -44 51 -31 57 -18 41 15 -12 -63 -91 -48 16 -97 63 -85 69 87 -92 -37 33 -12 -83 -8 67 -22 62 89 -25 54 -4 67 -26 -54 -93 -21 85 -15 0 61 -4 -73 -44 28 60 -25 -11 56 -94 24 -28 -71 -92 -45 -99 37 -33 36 -97 -23 -62 70 68 42 -72 95 -27 -75 24 78 -59 -17 29 -64 44 -86 -6 90 -6 85 5 -98 98 -59 56 38 -74 -34 -53 -94 -35
27 -32 59 2 22 -53 100 12 -85 88 -42 -33 88 -91 -95 75 -66 67 -10 -27 91 -93 -23 -13 76 -23 -18 -40 46 -78 34 19 -85 7 64 -66 19 3 -92 85 75 32 79 -9 6 81 55 -59 -16 25 46 -90 24 66 7 -99 -53 -80 28 50 51 68 -57 22 -35 32 -70 29 73 86 38 33 -31 52 65 79 -82 57 8 -88 76 15 -17 66 -33 -13 99 -94 49 -14 27 -75 90 81 2 15 -99 -48 16 -20
-85 76 72 83 -37 39 -95 -13 1 34 -93 -11 -40 96 39 99 -98 -22 -63 -90 14 64 77 85 80 -82 35 52 -51 14 53 52 57 -82 14 55 -94 78 25 -58 -67 37 -17 59 -5 100 -81 29 -78 16 66 -51 98 95 -26 86 -99 -79 80 41 94 -50 88 -15 -85 -55 -4 -36 -13 -60 21 41 23 -76 -5 -21 -65 12 25 -90 -29 59 88 96 -28 -55 -5 -95 92 14 -40 -47 -63 9 -30 54 55 100 56 -3
25 81 -19 -7 50 40 54 -89 -19 -23 -38 -92 79 44 -45 31 20 95 60 -17 41 -40 50 24 95 89 -43 6 -59 18 88 -99 93 9 49 32 35 -93 -75 -44 97 -3 -75 -50 -52 85 94 -35 -99 -71 38 65 -56 -43 50 44 56 -56 -5 70 -43 14 -88 10 19 -99 -73 91 -85 41 7 22 56 -14 85 -92 -83 67 -60 -33 6 95 31 76 95 -87 8 -59 29 46 -60 -41 99 14 -44 -52 42 31 72 91
5 59 91 -33 36 53 50 -48 -17 31 -100 81 -16 62 -15 70 -51 55 -42 -21 22 -51 -66 68 -66 -12 74 62 68 -49 -53 84 -56 72 41 3 58 0 70 3 89 -20 70 -43 -46 71 -59 83 -39 63 -64 -15 87 -37 -41 82 14 65 -1 65 -40 70 -94 -91 -45 -99 -4 45 52 61 64 79 76 -70 -100 75 -32 78 97 44 54 53 72 -52 54 -62 5 -55 -8 56 91 -22 -13 -73 -10 -86 -54 -6 -64 21
59 31 56 61 -69 -14 -21 -40 -65 40 57 -84 -99 -97 56 67 -62 30 -76 -4 82 -59 8 -13 -92 -40 -91 49 25 -63 76 -91 78 -78 34 4 -95 53 -39 34 58 10 -45 -74 -17 -30 67 75 -74 -26 64 21 35 42 -40 8 -60 -41 56 76 61 -91 -45 -26 -60 78 48 -42 -71 32 -2 -7 95 5 35 -2 -7 -37 -25 15 84 52 -55 -25 -73 -34 65 -28 -29 -62 -56 76 90 -54 -84 40 -66 -82 84 -19
3 20 -59 -60 -48 5 -49 87 -32 51 -36 18 -67 -25 61 -15 36 9 94 -61 -59 61 51 49 -74 91 -19 -44 53 58 97 29 -83 -43 -100 66 -50 12 35 7 -66 -74 -51 -82 80 20 84 11 -32 -34 -62 49 -18 -47 75 -90 -72 -36 27 33 34 -25 -6 80 -88 -22 -8 0 31 41 -97 83 -74 -58 -46 -79 -53 23 78 74 48 -32 -10 56 65 38 82 -74 54 49 26 -40 -80 6 77 53 11 8 -16 40
44 17 40 40 -76 28 -33 63 22 -6 -89 32 10 -70 -99 53 10 33 5 -86 79 95 60 -83 16 92 29 94 -2 -37 0 -15 92 82 83 -11 80 -95 53 41 -32 59 87 16 -72 -40 4 88 70 -47 83 30 26 44 -53 -52 100 46 -20 -96 3 -75 -14 40 -55 -78 24 86 47 59 16 -78 -78 50 18 -17 -38 -77 -12 -81 -33 -54 9 -75 63 10 75 -39 -95 65 -8 -38 -50 88 -99 92 -45 19 95 50
16 -63 72 -72 67 98 14 -81 -1 10 98 79 -1 5 -6 -37 53 -94 12 -89 -88 -26 -66 -43 26 -4 38 -77 -67 54 71 62 -63 10 -89 -9 25 79 -22 49 -47 -62 76 19 -12 -60 62 -76 -49 76 6 92 -64 79 -59 -52 32 -23 50 -52 97 82 -95 -29 -18 12 -75 -63 47 -70 65 81 -60 76 78 -7 67 14 80 69 -44 -76 79 17 67 -86 -31 -59 77 -33 -35 -82 -1 -58 26 55 54 51 84 0
72 -75 80 -51 14 77 35 -31 23 -78 28 -97 16 38 15 9 -86 -99 -97 -21 -96 -36 40 -58 7 75 13 6 -10 20 -9 93 -25 -85 54 12 -31 -39 60 14 91 10 49 -70 -49 -55 -43 -85 -40 -80 17 29 91 12 -34 13 66 -68 89 -67 -11 -41 19 95 45 -97 56 -14 -33 -49 91 23 -25 -63 23 83 -64 77 -9 -67 -4 -87 -41 43 -87 1 -29 71 59 -75 4 72 -94 -5 39 51 -99 -21 90 80
75 -11 6 75 -79 17 -24 -11 65 -40 -96 -61 -91 -27 68 -71 37 28 62 7 -83 14 100 19 4 -11 -62 11 84 -36 31 -76 -32 28 -35 71 26 -2 41 -36 27 29 68 59 11 44 38 24 82 -92 -86 -33 4 -39 -88 87 48 7 27 -93 76 -52 12 9 13 -52 -35 62 60 59 32 -66 -63 -4 -93 -7 -57 27 94 90 42 -28 26 -31 -19 -79 0 -14 87 23 8 42 68 20 -62 10 -33 -5 96 4
59 52 -42 98 -22 -15 15 49 -77 -65 -39 -8 58 20 -19 94 42 -10 -58 36 35 52 -2 83 85 -47 -13 -98 -53 -30 -20 36 -45 -94 -25 71 66 -85 -28 78 -95 38 82 47 64 65 92 -77 1 32 -69 50 19 -16 -14 51 39 -20 -31 -60 28 20 2 11 -23 -35 64 30 -78 60 -57 -89 -14 42 11 -62 -45 76 -5 -82 -91 23 29 70 53 16 6 53 21 -47 -41 -39 35 52 -9 10 0 13 -96 83
-7 -4 -69 -73 34 -29 -96 -4 -16 40 -59 84 -59 70 69 17 29 4 46 -31 -29 99 16 15 -7 -34 -90 -89 -77 -3 -39 -96 -74 -69 -17 58 86 -72 3 -68 -56 -67 29 84 -33 58 40 69 92 -84 -11 2 -13 91 40 42 79 32 -92 8 -42 79 58 -10 94 95 50 66 97 37 62 -89 48 -47 -99 58 -35 -69 -64 -62 18 2 14 -7 35 -43 53 89 9 68 -5 85 2 -90 75 -90 -31 43 90 28
84 54 87 -49 96 43 88 -31 -21 41 90 47 -85 72 67 -28 96 -56 83 12 -92 -53 -56 -70 95 28 -15 -79 51 -88 54 -4 64 8 -89 78 -59 84 60 -53 -57 46 -23 -92 44 -73 56 -20 74 31 12 -95 6 24 47 52 -61 -78 -47 38 78 -82 29 56 100 30 -91 67 -26 -1 -27 41 3 12 64 28 -64 23 52 -96 -69 34 -86 -38 -73 -39 89 98 -68 -40 -97 -39 58 -75 84 80 8 28 40 -95
58 5 14 -36 38 55 77 72 -69 -85 -16 -41 19 66 96 67 45 64 61 24 -47 -41 21 15 -10 50 -40 24 -15 -100 -46 -92 -9 92 29 -21 -12 87 83 99 51 74 45 25 -1 35 -60 -8 29 96 7 -80 68 60 67 67 25 29 58 54 -5 33 -77 -87 30 -16 24 -70 -84 45 -52 -30 -68 -6 -4 65 76 96 100 -24 -30 -19 -8 -30 89 20 14 2 -69 43 -48 -93 -2 -34 54 24 74 100 -32 87
-13 42 -5 60 59 -15 13 -8 -54 14 -68 14 -29 56 -57 -60 89 -90 -90 93 -8 -42 -24 34 -13 83 -95 83 42 -43 16 -76 -55 3 20 -79 48 -43 17 43 -63 2 -70 -96 99 -26 -44 -7 21 -48 -21 -25 24 11 37 -18 -49 -56 52 25 63 -84 -49 -78 -26 -37 -69 71 -69 -44 12 29 -2 -24 -63 7 -98 48 -61 -36 5 -13 65 -18 89 -31 32 -100 -81 80 -30 0 -7 -79 79 35 -1 56 30 -3
-21 0 -13 -93 21 -54 55 5 59 28 47 -22 50 -48 6 -61 -1 -72 53 -95 -73 5 -40 2 -67 8 82 -40 34 -99 66 22 -33 -34 -45 76 50 -58 -12 1 -98 6 82 23 57 44 70 -89 -16 27 -31 -14 -67 -89 -65 -26 59 -10 55 -11 32 -71 -42 -3 9 -37 70 -81 46 -90 9 89 -85 94 18 -70 43 61 -6 46 -75 -13 77 78 -67 -81 49 82 -53 23 -17 71 84 77 85 -36 60 56 42 -5
-99 -67 -99 -20 -33 -53 -97 68 -30 -81 -45 5 79 53 -61 99 37 -50 54 60 94 -59 17 -25 42 -100 -84 45 43 52 -92 -85 -58 -18 64 -31 79 -25 72 47 -98 -2 90 70 19 47 -7 -85 -64 84 -45 -81 44 59 -44 -41 -94 -85 28 30 40 76 7 47 -92 38 -37 -38 -94 -71 20 -31 -72 69 -11 -23 32 79 -79 44 87 48 -4 2 -71 7 -65 -72 -80 -26 33 43 59 48 98 -83 57 86 -11 28
-1 -78 -88 29 -62 67 95 93 44 -40 -83 -85 -72 37 61 -39 -13 12 -65 -68 -97 81 -7 46 31 85 -85 33 77 48 -12 86 -53 -5 31 18 -92 -98 67 51 -24 -100 -18 60 14 -20 14 67 78 24 82 -70 30 41 48 -93 62 98 -94 -71 28 43 17 -64 11 27 96 -71 -56 -77 -18 -20 41 60 59 0 -44 12 21 -71 49 21 -67 12 -47 -20 26 56 71 -64 -18 -94 2 87 -61 -40 -52 49 91 -91
-26 77 74 50 -30 30 -64 -32 -14 -39 68 -24 -35 -24 -4 89 41 36 -24 -18 7 -62 -22 48 -72 -6 49 52 -70 16 61 5 75 79 96 -99 -79 39 -58 -90 -75 13 78 -88 63 -16 93 -51 77 -49 -48 -73 5 -62 -60 22 61 -69 -66 -89 43 6 -91 64 -48 -45 56 -20 24 -74 -3 84 78 44 19 -95 26 -58 94 -39 -86 -44 3 1 -76 46 -32 86 90 -43 83 -82 -2 74 61 53 89 67 28 0
-7 57 31 20 59 69 40 6 -78 -83 -5 76 19 -63 -93 96 -42 1 21 86 47 100 81 -12 81 61 -33 95 21 56 5 24 99 12 0 1 -93 62 58 -24 -6 -6 -61 -70 90 40 -56 -54 -23 70 94 -71 44 62 -34 69 -12 72 56 -86 -85 -49 70 -52 65 4 -39 80 -14 -19 -62 17 -80 0 72 100 -95 1 66 16 -88 -38 60 60 -15 -46 -73 -80 -99 44 3 88 9 -80 -90 28 -54 -98 81 -71
-61 93 87 -11 -48 75 31 -15 98 -94 -79 -17 41 -2 -14 32 52 10 -86 -59 -20 24 -79 -40 64 36 -44 -36 -75 -52 -96 40 59 43 -76 11 17 25 -24 -100 -29 -99 -53 94 -26 -41 -65 -74 27 -42 -70 27 -17 35 51 64 41 -51 76 -17 -29 39 77 78 -3 -79 -22 12 -14 95 -43 28 -10 -21 -79 -96 16 74 -84 -18 -87 90 -12 19 32 -92 -85 6 -25 81 -80 52 -50 13 -100 -90 -33 -2 -96 38
-16 -73 -80 -97 -91 -15 -2 -75 36 -25 -62 -62 -57 70 -99 -46 48 -8 75 95 -52 -85 78 30 -79 5 60 42 16 55 13 21 -47 57 55 -8 -10 -52 -76 36 -82 -22 -20 65 -78 57 -2 -47 92 -36 -14 -67 80 42 -72 3 -43 92 98 14 -74 -23 11 -48 33 68 -63 -38 9 22 85 47 46 -15 -79 -66 60 15 -9 23 -84 -52 25 -93 -43 -96 -2 -45 -69 53 -46 -88 72 -42 -87 94 86 -61 -80 -16
91 62 73 -34 48 47 56 -92 -45 81 51 65 29 6 5 -6 -84 86 -3 -91 83 -14 -78 -60 87 -26 29 29 -1 -29 27 31 90 -47 23 -62 -66 -68 -53 21 -68 66 4 -92 -29 40 -6 26 -87 30 84 65 -69 -52 -59 -66 45 17 88 18 -68 9 -83 29 -27 -78 -90 -76 41 39 93 -18 -81 -73 53 42 91 -19 -29 -26 -36 64 -75 84 -40 -4 80 -22 49 -64 -77 -82 68 2 -50 -19 35 -75 93 -21
-81 15 34 -72 79 -93 33 59 27 -61 95 -66 -52 50 72 -70 14 -74 -23 -37 -66 85 13 -42 31 -79 42 -97 34 40 28 21 -81 -74 66 11 59 40 44 17 60 15 17 -52 68 52 -96 -82 -56 14 4 -100 77 -16 -52 -92 -83 -46 -28 74 99 96 37 -31 -60 83 -12 19 -7 91 -63 -49 -83 15 45 -100 -86 9 53 74 -95 -53 -3 -66 -54 -9 -52 13 -23 12 -55 28 66 -42 2 -26 96 -90 -68 -44
-1 51 -59 40 88 -53 -94 -68 67 3 31 -48 -18 80 -10 -84 -78 14 76 47 26 42 96 -58 -49 73 21 -2 -46 79 77 43 64 -69 -96 -85 99 44 4 -91 -61 -11 -64 -60 57 -92 51 -72 97 98 -81 82 0 32 59 -92 -22 98 98 86 25 -22 80 -25 -39 -12 19 94 24 -91 -55 -45 -43 -45 -70 83 -69 85 -85 40 -83 9 -50 -75 -44 71 -31 86 -38 72 48 12 98 92 -28 -76 49 28 0 56
-80 -60 9 -52 -57 -96 88 -96 -20 56 -36 99 9 21 13 -38 -17 41 -4 -81 84 -24 -62 -28 -63 -41 73 -42 21 20 44 -95 -91 40 -16 22 -94 62 -21 -30 10 61 92 -24 18 -17 97 96 17 39 68 -29 63 10 89 -60 13 -26 71 50 -53 -4 41 25 85 -3 52 83 -21 -25 -26 57 -60 71 6 13 36 -66 21 12 42 0 39 35 -67 35 -7 -41 -11 -98 -73 -93 -19 -84 71 -14 -95 4 43 -38
80 -80 -43 -89 41 36 -66 52 18 9 -66 -57 11 7 9 56 74 -96 9 -69 -28 62 69 -41 -93 66 -31 72 -99 21 -17 -67 -63 14 -7 -97 29 14 43 -20 -56 65 -66 20 62 -11 -3 66 99 89 33 37 91 -93 -100 47 59 -81 8 98 97 -38 83 -72 7 -76 -35 59 -74 80 -69 16 88 -8 -13 -62 -18 68 6 -61 30 34 -34 8 -65 -65 -20 -32 -83 54 -90 -83 34 -93 95 13 83 -95 -81 59
10 46 -18 -4 80 59 -95 -84 -87 -24 -72 39 -67 -4 44 -35 -12 -18 -5 46 3 -83 46 -68 -71 -57 38 97 -52 80 -2 43 22 -24 8 -61 -22 -10 11 56 31 30 -77 -90 12 -50 61 -73 93 33 -17 58 46 -21 43 53 -79 50 -27 -14 95 -76 23 -12 -51 -42 56 -78 -6 -84 -26 93 -76 -58 -29 -35 -10 -75 -16 88 -71 -82 59 82 -31 -95 25 -100 21 -62 74 89 -81 -84 -20 -50 -77 40 39 15
80 53 21 46 63 78 -90 10 -61 -53 83 -7 -70 23 -89 79 -57 -39 -38 -94 -78 -25 45 -68 -3 78 -20 53 4 -41 29 39 68 6 82 -22 36 -62 -93 -94 24 29 33 46 90 -25 -4 11 -10 -89 17 -42 62 -27 33 81 8 90 -80 33 28 -27 -38 3 61 65 82 66 -42 85 14 67 -46 63 35 23 -47 -46 52 -59 10 -70 98 -79 -68 -37 -58 -44 -32 -45 57 -29 49 44 -19 -72 80 7 -86 -39
66 -1 -70 -18 64 -99 87 85 -33 18 -82 -46 26 -10 -57 -44 56 84 64 -13 25 80 70 -58 7 -53 88 65 -78 95 -22 -31 -28 -35 -30 61 -96 31 -96 -54 24 -35 51 -5 44 -86 -18 54 -3 -29 58 57 16 2 56 87 -25 18 36 -64 -61 -27 -37 66 65 -60 -10 1 76 -51 -55 64 96 100 40 56 85 13 -77 79 19 48 -3 -56 -4 91 94 -55 -42 67 -47 10 32 -6 -55 -20 17 -69 -75 -88
92 77 -14 87 -97 -63 2 35 5 76 37 -88 -59 -91 -49 -78 96 52 -11 -95 98 93 -95 -47 -73 14 63 -43 -31 -51 88 -25 -93 77 47 -21 -79 91 8 -2 24 -78 27 35 -4 19 -46 -50 -62 100 25 41 -17 54 -21 -7 -39 -1 -85 61 55 54 -30 1 97 76 -43 -71 -75 -19 -32 -30 39 71 -61 -24 8 42 26 -78 88 -46 -78 -91 98 57 90 -56 -20 -77 -42 43 24 23 44 -28 -100 87 34 -60
12 15 -65 24 -91 -59 -82 40 38 -85 16 66 -43 -69 -92 -64 33 -25 19 -72 11 -19 15 -99 55 31 -3 -90 -21 54 -17 -72 77 -40 76 44 38 7 -27 -36 -42 49 48 84 -87 -22 99 40 45 99 -25 36 31 49 -94 54 -24 -66 -92 -85 5 -49 52 -65 -83 -13 100 -50 -39 7 61 44 81 67 81 97 10 30 -26 -42 -20 97 -98 -70 14 -43 -54 67 -88 20 35 64 -91 28 -91 -75 66 19 -58 38
-99 48 81 -3 -69 20 -34 -81 -57 11 -19 11 35 53 -74 -31 85 49 0 49 -26 22 100 -30 -57 32 27 -57 77 -56 100 50 -68 -92 84 -42 -90 18 -93 -42 51 -65 -1 -19 58 63 81 -61 46 -14 1 -60 -90 43 79 13 8 35 -92 5 -71 17 -6 -36 -58 68 46 -31 -9 -70 -44 -87 29 -88 -17 -18 13 71 -70 86 41 65 41 99 -41 76 20 -41 8 -21 -80 49 -50 97 -11 -73 -31 -15 98 -34
-29 49 -93 86 -72 -49 -44 -50 -59 98 100 -47 77 -28 36 -77 -29 -68 65 90 -51 49 -80 -50 53 85 -8 90 -77 71 -75 18 67 100 29 76 -79 -57 -7 9 23 2 18 37 4 34 17 -10 94 -54 -67 -67 83 -51 73 95 34 38 37 -74 61 2 -14 44 64 35 -88 67 14 93 57 -47 -97 -85 -69 -56 -92 -6 56 -57 96 -77 -6 -25 99 -54 34 -15 72 -33 -41 68 33 39 -54 -96 54 -15 32 -81
-80 12 -99 -34 -12 6 23 -85 94 -63 -78 98 54 -30 -50 -28 27 69 19 -47 -9 38 99 75 -95 -85 -25 -17 -18 -69 -75 -12 69 80 62 31 -40 -27 90 -52 50 96 -50 -6 -46 -45 -16 -14 2 67 -46 63 94 -22 -35 -90 -100 15 18 30 3 -34 -11 67 24 -7 -25 32 49 63 -36 -86 95 -94 -74 -80 -99 53 -44 -59 -23 58 -100 85 58 43 -78 72 55 69 32 -72 -52 -9 0 -29 -33 -19 -12 -75
83 85 -44 12 -71 97 -55 46 57 -86 -9 -34 -44 -39 92 -76 67 52 -2 36 9 1 65 -44 -97 98 53 61 -29 -87 78 -51 -28 -83 -66 99 -52 -100 100 11 95 46 91 -69 97 80 1 -2 -47 -100 -37 -33 -84 -10 -47 -62 -2 94 -32 -68 46 -98 30 -81 75 -65 -37 -27 27 71 -61 -40 -16 -5 -9 83 -12 22 -95 85 36 -29 28 12 47 50 -24 27 28 -44 57 53 -98 30 58 -62 71 99 -52 -87
-40 -23 44 45 -3 6 59 -23 -46 67 62 94 39 -3 -32 -29 79 82 38 98 -46 85 23 77 -89 5 70 54 72 -61 -77 79 -4 96 -40 11 -40 -46 79 -73 1 13 -91 -6 -18 -10 88 -12 -5 -54 2 -93 55 97 15 -55 87 -3 -50 -91 -11 48 -92 -4 23 76 -21 59 -39 38 -89 -13 -45 44 49 2 15 -20 0 -38 -52 17 -3 23 -38 -50 -61 71 -33 -99 -69 83 30 -77 97 73 86 90 24 -53
-72 42 53 59 65 28 -20 -80 -76 -72 66 2 13 62 6 -86 79 98 42 53 -66 63 -13 62 4 36 -39 7 -85 54 65 -67 68 62 86 96 -46 -74 29 47 39 18 -53 -68 98 12 -46 -3 -82 13 71 36 59 28 23 -82 -65 86 -27 65 66 61 -38 73 88 76 -87 73 -61 -87 -87 85 22 -86 54 6 22 -75 -82 85 0 66 -97 58 73 76 -53 -79 61 86 30 67 62 -69 88 -24 26 85 -63 -7
-7 96 22 94 30 -70 -97 -68 25 26 -15 20 61 31 23 -1 -39 6 -4 -30 16 44 -66 50 -4 78 33 -73 -8 -45 -25 -10 -21 -66 -59 59 26 -5 -96 -88 55 -14 -45 53 24 16 -68 -78 43 37 -70 4 -36 -18 -13 58 22 -4 87 -84 -76 8 -26 -83 71 23 64 -4 93 47 67 72 -3 79 84 15 -64 -36 -54 -67 3 -82 13 32 32 24 -98 34 40 80 86 -11 73 -31 100 10 -17 13 13 36
-96 -57 84 58 41 24 35 -80 -12 51 -67 -81 50 6 -56 74 -16 37 -21 3 88 50 -10 -2 13 -24 21 11 -47 -24 -59 65 -96 -74 -4 -51 -62 100 91 99 -100 7 -95 61 57 -58 -86 38 -59 8 43 -18 23 49 82 72 -20 95 -78 35 -44 17 -22 3 -36 -90 16 -22 30 14 -7 -97 87 51 -71 -84 -40 20 -35 13 -62 -68 33 49 71 4 -70 19 40 -13 3 -69 17 -9 86 97 -16 87 62 -45
90 -62 48 5 54 21 -60 -74 -11 100 -19 49 31 -34 80 71 -39 -74 -5 85 -97 -9 -28 -54 9 64 -47 -59 -66 -15 43 89 -5 42 7 -100 12 -42 -39 92 29 -45 14 11 53 36 61 53 -42 -72 -23 -85 28 30 27 33 -66 -21 -59 3 -28 97 19 86 86 -36 -32 -37 74 15 74 58 28 -68 46 2 89 56 33 -11 65 -56 -24 95 -90 18 87 47 52 82 24 -70 76 6 1 51 -40 -99 45 -83
-87 51 -62 73 -98 -58 -36 -81 -56 81 -38 -87 -89 62 47 36 -58 -60 -6 87 55 -66 -85 54 45 -96 76 40 35 -22 79 69 33 89 41 2 -14 -59 0 -91 -73 -42 44 7 38 -3 -49 -9 35 -98 -63 -28 87 12 56 -64 40 58 -23 -37 97 -61 -79 -29 29 -71 57 -71 -82 -78 22 48 33 18 -97 -73 76 14 -70 -24 -27 -94 31 -47 -19 -66 1 -46 -76 -18 58 -92 74 -17 -89 -80 62 -32 -37 -100
-93 4 -91 0 -94 94 28 42 23 -81 60 -33 -28 21 28 84 12 -68 95 -94 -76 -79 -30 48 79 -37 37 90 -73 -57 64 69 -20 -78 61 -21 -15 38 -16 11 42 -29 -69 -72 88 52 -13 24 -82 29 -65 -76 56 -76 57 -84 -47 -28 93 -73 -41 -7 -59 -90 81 8 69 52 -33 87 74 -12 24 -35 -61 -12 71 55 -47 8 -98 -100 25 87 -66 -60 17 28 -8 -75 -91 18 -67 42 74 -13 42 87 -48 -90
-90 -39 65 70 -9 -90 62 89 83 82 31 -19 -90 58 22 -54 44 46 1 100 5 -49 45 -7 -10 -19 -34 -18 80 -100 -26 -53 -44 25 -41 -48 -55 73 -5 -90 56 25 -58 -21 76 50 -2 100 -78 -79 64 100 45 71 -43 -30 76 -97 -82 52 7 78 -70 -82 -80 -29 -87 -49 54 -65 40 68 -50 -19 -43 99 -20 71 -9 -28 20 -47 49 -93 -10 32 15 98 55 -23 63 64 33 54 89 64 -99 33 34 -7
-72 -43 -72 48 -91 -34 40 -66 -54 52 50 -40 -47 -81 55 6 -14 -24 -91 74 40 66 37 81 -97 -71 -93 78 30 -58 65 -70 -17 38 28 14 57 -13 -23 30 -28 -72 -36 -75 -83 35 -23 -37 21 20 -75 -12 20 -17 93 -99 -5 19 86 25 22 7 66 -30 -49 -7 -85 -34 65 -99 16 66 89 2 -90 68 -44 -67 -2 67 60 -83 -51 37 -71 63 -65 -86 81 -66 -46 91 81 -63 49 -82 79 46 -75 96
34 -62 28 34 -100 91 53 -19 69 -58 -79 84 87 77 42 30 75 -36 23 -56 4 94 -85 14 71 -52 -96 90 -18 20 33 -80 3 51 -99 38 3 -92 -44 -57 -48 0 -3 78 -91 -37 5 93 18 -39 -73 -49 -42 -75 100 72 12 -34 -60 67 61 34 -65 30 -91 -100 86 82 -95 -54 -86 -26 -19 -97 -72 -36 62 -90 -64 -4 -44 -88 -17 78 19 -93 -15 96 -9 -9 -88 -43 -99 18 78 -64 31 -16 -100 -19
68 65 56 49 -47 -87 -43 -69 96 25 -43 -10 -28 -77 -36 62 52 100 -47 51 7 -40 92 12 12 -74 -3 14 -61 88 93 32 3 -9 -3 32 -26 35 -31 80 28 49 90 -6 -10 97 -18 11 -99 88 -80 -30 31 30 19 -70 -89 -6 63 50 57 -11 -42 -94 27 36 63 11 76 -74 -34 24 -54 55 -89 46 -47 -5 43 96 -6 27 80 -49 34 -49 -57 16 -49 85 -66 89 19 35 -36 4 59 -53 -63 54
-48 -14 83 -39 51 -35 67 32 -34 -67 18 -39 -14 -37 68 -45 76 29 14 64 74 66 -70 -4 50 -24 -80 30 68 -29 -16 -57 -40 -71 -14 -71 50 6 -99 91 -14 -87 31 -23 -84 9 -83 -59 -52 -83 43 -56 30 57 80 31 17 -24 87 -53 15 9 46 41 74 -30 41 5 -79 -71 -74 29 97 92 4 64 -60 -40 69 -83 -93 -72 30 -84 -82 -5 -15 33 25 -12 -68 87 -45 -61 77 -36 87 -58 -65 -23
58 -60 67 -29 -25 -51 -84 80 82 -3 -84 -62 -41 -90 -35 -91 91 -46 83 -8 -30 -27 -60 31 77 -29 -16 -72 5 10 -39 -57 46 -43 64 78 -69 1 0 -18 -32 4 -78 -51 69 98 -29 -15 28 69 -51 -55 80 -86 51 -14 -66 15 -60 -98 19 -37 -30 -73 54 28 -78 -65 59 76 10 37 -10 -33 -11 -89 -19 7 -55 -59 19 15 44 83 -29 -48 -17 -88 -92 -98 -81 21 -90 67 77 3 -15 7 -61 -100
9 -99 -4 -45 76 -72 -31 15 57 73 13 0 -16 -10 -13 -69 13 -63 75 2 -2 56 -67 30 -29 -58 -92 -85 86 39 -7 64 66 -93 34 -23 -8 -34 -7 -46 -65 -18 88 -5 -13 -84 -29 30 55 74 -51 36 -83 29 -88 -2 -64 14 92 -44 -55 -46 -7 -56 92 -52 -83 -72 32 17 1 98 82 -30 15 -15 -48 -66 61 -4 -32 4 -40 44 56 -37 -43 -74 19 -45 -11 100 95 -34 4 17 21 -100 47 39
64 -54 90 60 -41 20 -98 46 -90 82 29 -11 -25 -13 75 85 -94 -94 39 -33 0 -64 71 65 51 22 -90 -10 -97 -4 -31 59 -70 0 -12 51 -35 -80 -1 36 81 -40 78 7 94 51 -18 45 8 92 6 34 -64 84 14 -53 -74 21 -86 -64 -91 17 18 63 -44 5 -3 -96 -17 -38 -62 -38 29 19 78 -13 90 -41 -23 -57 70 59 93 22 62 -78 -44 -20 -78 75 -1 -78 -24 -83 -99 33 56 -36 -24 57
-50 -90 30 -10 -58 -100 16 32 -27 58 -81 -47 -68 -93 -70 9 8 49 -10 78 28 -71 29 -96 -51 24 56 70 -20 10 -15 -42 -90 -15 -6 -90 -76 51 -87 -55 -69 -73 81 -70 -67 -25 -37 -45 -70 -37 83 83 89 -84 -3 17 4 15 -17 -61 -23 29 84 -30 -2 -53 77 88 -5 0 62 31 -73 -56 -28 -60 31 -79 82 -82 28 33 42 63 15 -43 82 -56 -94 -56 -24 35 67 53 36 65 75 -53 -32 -18
-64 -84 -88 22 -65 2 9 25 -73 88 -8 -4 -26 87 -64 62 -91 0 -98 91 -43 -9 17 37 2 53 -49 19 -63 -21 -41 90 -79 -40 6 -82 98 82 95 29 -20 24 -35 -96 -51 -27 -83 -49 68 -24 -16 11 -54 18 25 -29 -98 -35 -44 -58 -41 -26 85 -27 -100 -100 -69 74 68 30 -78 -58 65 -17 45 -16 57 -78 54 63 62 -68 23 -69 -18 -79 -3 -67 -90 -83 -83 -2 -66 -5 -72 -96 49 -85 -1 70
38 -38 66 -22 -21 42 43 -29 5 89 50 -67 31 56 94 -57 -9 30 25 -86 -79 -90 56 1 13 64 31 -83 -73 18 27 39 -28 2 73 -27 59 90 63 -37 -85 -43 -60 3 77 94 69 31 -99 97 0 40 91 82 -77 -67 -81 -97 -82 -20 97 -22 -5 -9 78 -15 89 -37 -39 -70 60 -10 40 -5 -88 40 35 84 51 -47 51 10 3 28 -61 -45 -72 55 -88 -8 67 44 79 -62 61 25 -51 45 72 -92
-48 -88 85 -6 26 -55 -41 -59 84 -41 26 -14 21 83 25 22 92 -84 -16 -19 78 61 57 -23 -17 -99 -70 -32 -20 -74 47 -86 -98 -13 -18 64 29 87 67 23 -32 43 96 67 -47 8 94 -46 -15 -61 39 59 8 -21 61 -42 -81 92 -90 -22 21 53 -51 28 52 -4 92 9 -49 4 57 1 61 25 82 56 73 41 -49 8 56 -11 70 -49 -18 8 -78 -14 -15 94 56 7 -36 -83 -97 -38 -85 -51 97 -89
18 42 40 27 -28 29 36 -55 -46 80 100 11 -67 23 -94 -9 27 -73 6 74 -7 -48 78 36 29 -43 -27 4 45 89 3 -53 31 25 -11 -36 30 -37 5 -65 -47 -63 -94 -25 -30 -7 36 86 98 57 39 77 -72 -64 -61 -73 -56 40 -92 62 -3 -94 49 10 -13 -13 -1 66 -10 53 95 -43 -43 -48 -31 4 -37 -62 -49 48 51 7 -69 29 -43 59 35 -1 2 -73 51 40 38 -88 -53 -50 -25 3 74 -47
-12 -71 -31 -22 -60 15 -9 -75 -49 68 -12 -29 -77 24 43 -33 -88 -71 83 75 -43 83 -10 -45 0 8 -86 44 83 18 -9 29 18 -17 -72 -49 61 -53 95 -13 28 -79 -42 100 -51 93 3 78 -3 -36 67 22 1 -87 20 -41 -97 -25 -26 -31 -35 -63 -17 75 -91 -69 30 -56 9 72 -84 22 -65 49 -34 31 -79 33 -77 -19 51 29 -15 23 -85 -42 -36 35 57 16 81 -38 -27 -80 -69 -4 84 -89 -73 90
-74 66 98 35 85 -90 -91 -11 45 81 -60 70 5 -6 66 -32 97 19 -98 -81 -36 84 13 50 72 6 -60 -18 -98 -57 58 0 -49 -98 -36 25 -53 -10 14 6 68 -2 -65 -27 -39 52 30 14 64 92 97 47 28 21 -28 -50 -86 23 87 40 38 30 98 -19 44 -60 80 92 -39 0 -65 -26 -77 9 -33 -19 83 89 77 23 -74 -27 92 43 31 -51 -88 -28 -49 0 -91 38 -4 -15 -93 78 -31 72 -53 -94
66 17 5 31 -90 -1 77 37 73 7 -84 -3 7 -52 23 66 -20 -64 -84 68 -54 67 -10 36 -89 -2 -44 28 -7 60 -55 1 -71 -57 42 -50 37 96 4 -3 10 -39 -42 28 5 80 -44 17 -58 -89 -15 37 -58 31 -19 -92 53 16 60 96 -99 14 -62 81 -41 13 -33 -89 18 89 -87 -83 23 -13 -32 90 91 -87 -15 -48 -52 74 68 6 70 87 54 -8 -52 -56 76 19 99 3 8 -79 32 -77 2 -92
54 13 67 38 53 -66 -77 -72 -71 -15 -81 16 -13 29 -31 1 16 63 48 49 -86 49 83 17 -22 -46 6 42 -92 83 49 72 -9 -24 -16 -39 36 16 6 41 16 -30 -54 41 -78 56 -95 -21 -74 -64 66 86 -18 -57 55 -77 -41 -100 -5 -51 75 -74 46 -52 12 89 -78 90 62 -2 53 -38 6 63 -26 -92 -73 -46 65 -75 16 -34 -74 61 43 -82 13 82 -86 83 99 -94 13 63 50 96 100 65 16 65
-18 100 27 -96 10 63 52 -84 34 18 -63 89 -6 -100 11 -22 -7 -37 -31 23 49 0 56 -89 63 -50 -99 -99 -64 97 59 63 48 96 34 -62 -93 -61 29 99 -63 -65 -13 8 69 49 -21 -24 -14 69 -26 28 -77 15 -32 67 16 -73 22 -58 11 -96 89 53 13 79 31 99 86 45 41 -94 -67 31 4 -38 35 85 -75 -54 20 -69 -79 -82 40 -70 32 23 75 -28 -3 -6 16 -65 47 28 56 -76 4 60
-80 81 81 84 -1 -32 4 -85 97 -45 -54 99 -46 -76 91 73 -25 67 -94 87 85 19 -76 43 25 -67 -23 -91 -82 7 -15 51 19 90 -10 27 -80 -71 83 -21 -29 79 -69 65 34 57 11 -7 63 0 -9 23 -37 51 100 79 2 -85 -93 63 -18 64 92 -97 -17 -30 -56 -92 62 44 -11 -60 -91 4 -7 -4 25 -82 35 55 3 -59 -38 -14 33 44 -52 82 47 17 21 -4 -13 27 94 69 -47 -90 44 22
-28 60 -98 77 -2 -98 28 49 62 88 78 3 -48 -83 11 88 -46 13 30 3 -14 32 -38 -64 31 -84 -67 -16 -5 -95 -70 -59 56 -91 -67 69 -5 -75 -48 77 -63 -49 -32 -8 17 92 30 97 -49 -17 24 96 52 -90 54 85 -50 -18 -95 -8 34 -38 -41 -72 86 64 9 -36 -86 -10 -77 46 97 -44 -72 5 21 100 20 48 -93 20 11 -33 -40 95 -60 37 21 -31 -72 -1 -11 88 -38 -66 18 26 -22 42
-32 55 16 -1 63 -33 -34 88 -58 -33 31 -85 -45 56 59 78 81 -95 -69 -83 -16 -35 3 41 -11 20 15 32 -95 3 93 81 37 77 -37 -35 11 -40 23 -77 -7 34 78 91 -39 36 20 98 -26 -17 -15 -15 -67 47 81 -45 59 94 19 21 39 48 43 -32 93 -14 -8 -63 23 41 70 99 -63 17 -35 -71 -80 49 -71 -41 80 98 -18 -13 26 -47 -16 -3 -32 71 -63 -81 -20 59 -6 84 -71 78 12 22
11 68 -65 -93 -13 -72 -47 -19 28 -35 87 -69 4 60 91 -76 18 9 -50 -86 -16 87 80 -11 80 79 -76 12 67 82 -67 -21 30 83 -33 -11 -54 51 26 -83 -25 2 42 50 -57 -51 28 -93 -87 -14 65 -43 -34 -43 -33 30 77 69 -52 67 70 28 96 93 -89 -80 -54 59 -36 44 8 96 -41 -58 54 -43 -92 22 -11 85 -36 -100 9 72 6 -49 -22 -27 93 4 58 -28 -74 70 36 47 66 -55 28 50
20 85 97 -35 75 17 -19 64 -10 88 46 -42 -76 89 41 89 52 -16 -76 43 -22 73 -2 36 5 -55 -16 -95 -77 25 -76 -31 85 -78 59 -40 33 72 39 83 96 93 21 39 -100 -20 73 -2 84 -33 -47 90 -74 -58 -24 -36 -96 -54 -66 7 8 2 58 93 47 -73 42 95 -67 43 -54 -28 -69 -90 72 -99 -19 -52 -98 -90 5 -58 -1 -32 79 100 -68 34 17 53 4 -66 58 22 84 4 -65 -51 67 -73
-18 16 -20 82 -61 47 82 -2 6 7 66 31 -70 28 -19 94 -28 7 -30 70 57 -83 -16 4 75 66 17 -10 50 -83 29 -27 49 74 86 39 30 54 7 -14 11 -30 5 -10 -92 -20 -58 -31 21 -28 -7 52 -62 17 -35 25 78 4 73 57 55 96 50 -31 -27 -93 85 -93 -93 13 79 -38 -30 46 -14 -30 39 8 -79 -26 8 -25 -56 33 -63 -78 -45 -87 5 -33 -50 55 -84 -50 80 -27 31 -7 -18 -14
-10 -21 12 90 -28 80 -74 -42 -62 -56 -30 47 63 -23 -17 -14 -76 83 20 -13 35 51 85 -69 87 7 -47 -36 75 -98 87 53 -52 23 51 -57 -15 -67 46 -42 -88 -94 16 -7 -96 51 -32 -78 -88 14 -72 -90 23 7 -47 26 55 -9 22 68 -47 -12 8 71 -31 -51 -3 12 72 46 3 74 5 -7 11 38 -70 -77 56 23 70 -82 -16 -69 -17 -70 35 67 -11 44 -94 7 10 -91 84 19 -100 47 84 57
-51 52 -58 -82 -78 -40 -81 49 -40 81 -1 -60 4 61 -40 -26 57 33 -68 22 -37 -26 71 80 -57 31 -15 -56 57 -40 -66 -77 47 1 -86 56 14 39 -80 -93 67 35 -60 70 77 39 12 -73 -28 -57 34 -44 58 54 1 -30 -50 0 60 -46 63 -66 -14 76 -33 20 -87 21 -97 24 -73 16 66 0 64 33 83 -47 -9 -4 -46 55 -69 57 95 15 43 43 96 67 -100 80 -81 54 45 -49 -85 -62 -20 42
-17 -76 -39 -56 -4 -16 -76 -67 -47 -21 -28 -73 -74 100 69 73 71 -32 47 -15 78 -91 1 -97 56 -99 66 17 81 76 -50 -91 69 48 87 76 37 0 34 26 -75 34 -1 -20 -21 28 -29 -99 -97 -6 -85 -52 -39 69 43 88 39 -46 -73 -96 -63 -65 34 82 56 50 83 59 2 9 75 -33 23 -81 99 -18 -25 61 47 5 -77 57 -18 70 -4 5 -67 99 -59 -66 -63 -33 -7 -5 -71 99 -41 -95 -28 8
62 25 -71 -34 -8 -54 -83 38 -65 45 -45 -43 -51 -41 -63 -76 52 -82 -97 -61 -83 28 55 -19 -90 -65 -80 -32 29 -9 -7 -11 -98 32 82 16 -88 -25 -47 -74 -69 -25 76 -9 0 -32 -57 42 -66 68 -98 74 8 -75 76 -8 -29 -44 -88 48 63 86 -73 86 -37 22 -56 -10 -65 29 73 93 -92 48 -30 31 -47 92 81 56 82 -36 12 -46 9 92 -10 99 -20 -9 30 -22 60 27 -62 88 69 -29 21 -50
-38 89 33 -95 -4 95 -70 -42 -46 -5 -26 94 53 -42 51 48 50 -77 -90 -15 16 -79 31 -77 -7 41 -76 84 -55 -18 -71 78 -74 -37 -61 74 -46 -12 67 56 19 -62 13 43 -56 -74 -95 -68 -92 66 33 -82 87 -75 56 -95 13 -17 -95 87 7 56 -9 -42 -77 -86 39 56 15 -46 35 23 -70 -21 76 34 74 80 95 99 31 100 -88 -75 -24 91 -96 62 63 94 42 81 46 -57 -45 48 -41 -85 -84 67
-77 -3 -55 74 -86 94 -76 -63 -38 -87 4 14 -7 49 52 -53 26 -13 59 14 33 -6 18 -73 85 37 64 78 90 -70 -65 -62 -36 73 47 12 65 42 86 43 95 -25 -39 -76 -94 -88 -27 90 67 -38 17 85 92 10 34 50 -4 -87 -42 15 -83 -21 41 -19 -13 -9 11 -3 -50 18 -49 -42 -92 29 71 3 63 -67 59 -30 80 -22 3 3 -63 48 -59 41 44 -21 18 35 -17 -68 52 8 6 5 63 -59
79 70 15 77 5 46 -52 -2 39 -48 -2 44 55 -20 -21 12 -63 -67 -79 11 71 58 -59 54 69 45 -94 -1 70 -12 -29 8 27 -43 5 5 13 43 46 -9 42 -79 -17 -32 15 65 82 24 83 -28 65 -66 42 -39 60 88 -83 21 6 -19 -16 -61 -61 31 -2 -52 13 -48 -36 -7 12 36 98 4 82 -47 55 -57 15 -35 80 16 41 -35 85 -28 -23 31 70 -99 -2 22 81 77 35 -84 -9 -4 -18 -67
6 -78 19 -98 -25 -62 49 14 75 5 -68 -94 -87 3 -15 39 -67 69 -7 22 69 85 -29 71 -44 -76 -90 -3 9 59 -39 82 86 -70 30 74 -8 -63 -16 63 45 -16 -82 -45 -81 63 20 -6 44 78 24 60 -61 36 98 89 42 -29 -23 -43 14 -62 46 -2 13 92 86 60 61 -81 11 61 33 65 -10 17 -84 55 -80 -34 -23 17 -99 -26 86 14 -23 26 -16 -28 70 -68 -79 -25 -58 -85 7 -2 -65 -90
-88 -30 20 -5 27 78 -45 46 -51 62 -69 -1 -100 38 68 -76 91 -69 -54 -89 33 -95 58 -88 66 62 66 -41 -6 32 -54 66 -94 42 6 80 -20 -6 -37 17 21 -51 9 99 33 -69 62 65 17 46 38 -76 97 5 7 79 -31 -26 -93 -4 -22 38 51 19 -84 -63 84 32 -5 -37 50 97 -86 -41 -14 -83 -81 11 77 -71 58 -84 1 62 43 21 3 14 77 90 -24 -65 -50 6 83 -88 -1 -29 74 0
