50 50
0 71 -56 -97 39 -86 -23 -41 54 -10 -74 95 -36 59 77 24 -44 98 12 -62 -29 78 99 -66 -31 54 30 41 60 29 92 19 21 78 63 7 93 -55 -15 -64 -94 64 42 -17 91 50 -39 22 -11 84
-9 -38 91 28 36 -83 13 76 65 -87 -58 42 76 65 53 36 -71 -45 -15 -58 81 -67 -71 57 51 -60 -13 -76 -64 40 -9 9 -96 -67 -69 94 57 67 8 91 68 14 29 -44 18 -46 -51 3 -15 -44
88 14 -44 -11 77 4 8 84 -43 -87 -58 -96 -35 -74 87 85 -52 -20 -59 99 15 -42 -39 -37 64 21 18 -12 15 -75 28 -91 6 -27 91 51 -68 -46 -99 -23 -29 38 97 -10 -27 41 5 36 73 49
93 88 24 77 -10 79 -44 -87 -31 88 61 69 38 84 34 -84 79 -10 37 -47 -94 -66 -91 33 3 -97 26 97 39 38 55 66 44 37 -1 96 1 -70 69 38 83 34 -61 70 68 93 69 78 13 -32
-41 75 -32 56 -71 -20 73 -84 50 -72 -50 -55 -15 54 -25 61 22 85 -87 73 74 66 37 53 -100 33 -100 9 94 37 -65 50 -43 -65 -19 -26 -97 1 66 -57 32 -87 -67 41 -96 95 68 -48 -12 39
10 -38 97 -50 84 -27 45 -20 -27 77 -84 2 -15 20 47 -50 29 8 -11 87 72 -14 -53 2 84 71 -75 -21 -60 96 -70 63 46 20 -40 -92 -24 -5 47 -36 -80 81 -40 48 -62 87 -90 47 -1 -98
79 -91 -1 86 -100 24 47 -73 49 -71 -56 -37 -21 48 -53 -39 21 21 -88 11 -34 37 -64 -7 -8 63 -52 -27 3 -93 -13 94 -82 88 -99 -35 48 68 -72 16 -11 -42 -96 -69 -20 58 -19 87 91 -1
11 -88 -34 0 40 25 -27 21 34 78 77 77 59 -51 2 53 -52 -73 94 69 -25 88 -65 68 37 -45 -91 -38 -45 -74 22 -7 99 -46 27 -28 -40 99 -69 55 41 28 89 55 37 -100 67 45 77 -21
35 -68 78 92 -36 50 77 -53 -33 -76 -77 -18 -77 21 77 -48 70 -34 29 82 -85 64 -57 70 13 90 -55 85 -68 -43 -69 46 -53 -83 -81 54 -67 2 -81 -51 -21 -88 37 -47 14 53 -62 34 -29 -74
18 -39 66 32 -58 55 -36 95 8 94 -17 -39 -12 -76 47 47 94 99 -11 13 19 -36 -22 -71 -22 -48 80 -39 38 89 41 71 -89 -78 -32 -32 -37 -20 -45 -57 -4 18 99 -40 73 -32 -95 -61 -25 60
40 -27 13 97 -7 -13 -91 29 -91 49 -28 -4 -64 97 -52 -47 17 -91 -11 77 -55 -61 -14 -38 -35 79 53 -92 -35 94 -82 -58 75 91 8 -98 8 9 -48 -61 61 27 88 -57 -50 -34 -84 86 -54 45
-85 53 92 13 -14 40 -35 84 -77 -4 65 10 23 -84 30 6 45 -81 98 -6 -19 -19 -100 -95 -100 -40 100 -91 -61 -100 -4 33 94 20 32 -1 -57 -49 -12 -99 41 -8 -29 45 -50 44 -28 -100 -7 92
41 -36 -67 0 -68 97 -48 -73 -97 -49 -88 6 93 -5 93 -71 61 -80 -37 -22 -88 1 42 82 -1 16 69 57 91 -31 7 6 28 31 -54 -4 -71 21 44 -46 12 -43 -86 -46 68 -61 -75 25 5 -58
50 -84 -81 -8 91 -58 52 1 1 -91 -22 77 77 25 -43 -76 -13 10 39 57 88 4 -30 -63 -53 -25 -63 -81 -28 33 29 -61 -67 -37 17 -73 -21 11 11 -78 -43 -48 -3 -74 -25 65 30 -17 46 50
28 72 37 -37 69 -16 28 93 -40 33 -27 -86 4 -41 -1 86 1 -60 62 -56 -58 38 96 19 13 -88 -60 18 37 37 -71 -90 -43 57 -25 40 -89 -83 -3 -33 -35 49 86 44 76 51 60 69 -2 28
-28 50 16 -99 -5 91 -52 44 20 46 33 80 37 14 75 -17 -69 -10 6 -14 -4 97 68 34 -86 -35 29 -22 -85 -90 -34 44 74 -97 -27 73 65 -46 -4 -23 13 -10 -40 -27 -71 18 69 35 -36 -23
-4 75 -2 87 -30 56 -67 -4 73 -9 30 -53 -24 55 49 78 -87 -75 -66 55 -67 66 -38 90 -9 38 47 2 -39 -49 2 36 86 21 30 9 -23 -74 -71 22 39 85 -54 -76 -77 35 -35 -14 92 12
-72 -56 -4 -11 -39 -84 -46 -97 29 83 51 4 -59 41 33 -77 -39 -17 -34 89 41 5 75 -81 83 -9 -28 -42 65 93 53 0 8 -9 -6 -57 -25 -85 31 41 -22 48 -54 2 68 19 61 -60 -87 57
-70 -63 21 -82 46 -67 48 89 43 -44 -31 21 19 -75 -4 80 16 -61 17 -83 -27 -46 -28 -80 69 81 24 -20 -85 71 50 13 23 16 -41 78 12 65 -65 22 -59 -45 80 -10 60 -90 -13 -49 1 -31
50 95 -48 95 14 36 12 87 10 41 8 -76 87 48 67 100 5 -81 43 -80 37 64 92 -31 44 56 -52 -43 97 -14 86 31 -1 1 42 86 22 44 10 18 83 -55 4 9 -61 69 19 63 -39 9
49 -42 -45 38 31 31 -79 -40 56 24 70 95 97 -71 13 -39 15 67 -76 -80 38 -7 67 5 -19 66 89 55 -12 -22 80 89 -82 20 30 -25 71 29 37 -37 -26 -47 31 -84 -87 -26 -80 20 63 -20
82 97 20 -68 16 -12 -57 -44 -50 10 -71 96 -12 -2 25 36 -96 63 56 -54 -6 -62 -96 -13 72 -59 -89 88 -25 -88 -99 -74 -47 9 0 86 -80 -46 -5 30 56 -62 -47 -45 -61 75 60 -44 70 58
-18 -31 60 -90 60 -84 53 -82 -25 -92 53 67 42 18 -43 -74 -79 -8 99 4 67 -97 61 -79 -16 42 57 35 -96 -57 -36 -52 1 -38 2 76 51 48 -55 -94 -59 41 46 84 97 90 2 -76 -21 -6
61 95 -98 68 -26 69 -36 -17 46 77 88 67 79 -4 -39 -71 79 60 -22 50 -100 1 -33 16 -19 -97 -72 -79 70 -55 -16 -51 14 96 -77 69 -88 -32 90 57 68 -41 49 -80 -24 -74 96 69 -44 -70
72 -74 73 62 -60 36 -93 -46 -49 37 41 -82 94 95 -55 71 -97 87 -52 -11 21 -94 -59 17 79 77 -45 -37 -43 2 38 48 75 79 69 98 36 -50 -33 57 2 -96 -61 26 64 -21 87 58 -15 22
-55 -73 -30 99 85 26 -50 72 38 26 44 40 -40 80 91 -33 -95 38 -84 86 -66 17 -55 80 28 -22 52 -21 21 48 -77 49 15 -31 -83 90 19 -47 -69 37 35 -78 -55 89 -48 -65 -21 -11 64 -29
57 -53 -87 44 100 95 13 -80 37 80 -14 -55 69 -57 -92 9 39 9 82 79 -47 35 41 63 80 31 -54 -63 66 -53 47 -78 -1 73 -92 -25 -78 -100 -17 -48 5 -54 -34 -28 -61 -11 -29 98 76 22
83 -27 5 85 77 54 87 14 48 60 68 84 29 3 -85 6 98 3 -58 -5 29 25 63 -64 47 38 43 57 -10 -29 75 -22 80 -81 23 67 37 -85 52 -83 -81 -75 60 -98 -40 -52 -13 -33 42 66
-65 3 90 38 -47 72 51 86 -91 -6 -87 36 42 -88 -96 69 -86 -12 -67 17 -4 -3 -64 -32 -26 -48 -52 76 15 -61 11 7 -98 -9 -11 100 54 38 0 -25 60 -40 -5 45 51 -28 -91 -24 -49 6
-64 -33 6 60 -69 -39 -37 -85 -89 -64 0 83 46 -63 67 84 -50 53 89 -87 -71 -29 -55 90 96 40 -77 -69 -81 -80 -57 -17 -42 87 5 -24 -68 76 36 16 19 21 24 79 -35 95 5 -96 -74 31
-98 65 -37 -83 91 32 51 76 -46 -40 43 89 62 -95 15 97 -93 6 95 52 -92 -3 -90 -29 99 -83 74 -41 66 82 -26 -48 1 -50 23 3 -68 31 49 -23 91 17 77 -23 44 -66 73 67 99 59
-40 78 2 5 -41 16 98 -82 -2 62 16 71 -66 -58 -45 -92 -8 38 91 -99 -87 -59 95 -75 -40 83 61 -55 -50 56 -26 -85 -40 32 -56 -74 -42 -87 43 -60 29 32 -89 92 -75 -58 -4 70 21 -79
45 -52 -19 -41 -5 16 -25 21 -89 95 -34 -44 17 -60 26 -32 84 98 -57 29 77 -3 -76 -71 32 -22 15 2 -46 47 4 21 -7 -39 30 -61 -10 19 -44 62 -29 -19 99 -43 -60 -11 -85 78 -92 -83
18 -80 14 -14 8 -69 -36 -81 -80 95 77 -43 53 -37 -51 -29 -12 92 93 5 -66 -88 -97 -36 -26 -17 33 -6 -66 -16 -43 71 -68 41 -48 -54 49 41 -99 3 22 33 -33 75 -32 59 -72 81 97 40
-3 -14 -29 -6 91 -11 6 -70 34 -87 97 73 -55 40 -3 -67 -22 14 -14 42 90 79 -59 49 -64 81 -86 97 -70 -46 -28 59 -82 -86 -64 54 87 -18 -38 -87 18 -75 -12 20 73 9 -92 -21 -24 67
-52 80 52 -57 38 20 -57 -19 88 74 62 26 76 5 -42 99 40 10 57 54 -46 -92 -92 56 -58 -1 -75 28 -20 -98 12 -68 -9 77 -61 -42 66 -31 -42 -70 -29 9 52 96 14 49 -100 -3 -68 -41
-59 21 12 67 73 91 67 -6 -93 -79 -92 26 -22 -16 2 44 -73 1 -1 -90 53 -6 17 90 34 95 -8 -27 -59 -26 13 -13 -55 54 97 18 95 9 -39 41 -100 55 79 8 88 35 -30 -50 -85 66
63 -31 90 6 -53 25 75 -77 68 -9 5 56 -46 -80 93 -56 36 -7 64 -47 38 25 29 78 -68 81 49 10 100 -26 -72 -30 -21 -47 34 -67 9 -76 -6 38 23 -69 -55 63 78 -1 76 25 30 -99
49 -6 -55 3 13 -38 -12 -67 -93 49 21 -4 -38 96 54 -100 12 -82 -88 -31 29 29 -34 -18 21 54 55 -51 63 45 38 32 13 63 83 -44 24 -92 54 -80 -83 24 -9 -10 -41 9 -81 78 -100 -70
92 -74 32 -39 62 19 72 -28 -8 -62 -60 -54 20 82 -20 60 -21 -8 -41 -94 52 -60 43 21 -39 73 -40 -68 4 -44 -48 5 7 -25 -41 -63 -24 -2 59 62 -12 -48 -55 35 -4 -54 -30 36 -74 33
-26 -66 5 -95 93 64 25 -98 -46 80 22 39 76 58 -93 20 63 88 18 16 60 87 -49 -9 -45 19 69 -2 -84 -44 -30 -77 -48 -26 -6 33 46 -47 -51 88 -91 -77 -13 -38 78 -81 5 -18 -82 91
-65 -1 -99 -46 -75 19 -51 -51 -54 30 61 -62 -65 81 -95 -12 85 -7 -17 -61 -52 80 91 -45 87 -27 29 31 9 4 -53 -20 -36 95 64 73 -80 15 18 -79 65 -7 1 27 -13 -39 41 25 42 59
29 78 -94 64 -13 15 64 -99 -5 -44 91 -39 -14 50 73 38 -51 -12 52 86 74 10 -39 -97 -31 3 17 -67 -73 48 45 -34 84 49 -86 75 56 54 -29 -59 72 -20 -8 -39 -86 78 -29 -15 -72 -5
49 -56 -62 -84 -8 11 -12 8 4 19 -95 -73 32 -97 -67 42 -31 -65 11 -4 -26 18 -65 -9 92 25 14 -21 0 51 31 25 -22 6 -91 -11 -99 -27 60 -69 48 -94 70 0 -50 59 -70 -76 99 -27
19 75 -39 -98 -10 -87 46 44 -60 -4 69 -70 25 -79 28 90 98 80 -38 -15 -53 15 86 33 -31 57 38 20 -2 -44 91 42 89 50 -28 95 42 -99 43 -73 -43 53 63 92 -8 25 99 -87 -56 -12
59 -43 9 14 -62 64 87 -84 -46 -43 -41 -61 -2 -1 94 -46 -8 36 -98 -32 -50 54 -52 -84 38 44 -73 -51 74 25 26 -96 -41 10 -82 -95 -59 83 44 -76 -26 21 -81 -73 63 -6 6 -2 -67 -4
26 23 68 56 46 1 27 40 -44 -57 -62 -98 -66 -7 -98 -60 38 -29 -42 -72 -16 74 11 3 48 74 -82 -29 6 67 -23 -90 -51 81 -25 -96 -94 -28 -92 66 -56 -37 87 79 68 -54 -15 -79 31 94
-28 61 28 90 -50 -13 -28 -95 13 11 66 93 0 -23 -48 -21 -88 -4 -61 77 -6 72 20 -75 98 42 -1 -16 -69 -12 36 77 -82 -7 13 -47 77 -54 -16 36 -40 -49 23 94 74 53 -28 -93 43 49
41 66 -76 -40 57 89 -29 49 92 5 62 91 66 55 -34 45 -86 22 -28 7 -8 89 -6 97 89 78 53 13 -10 -16 1 -3 -80 6 75 -23 -97 -76 -73 -100 -18 -78 27 -30 -44 -59 95 -42 -67 93
-29 -59 47 -81 -84 -88 -96 -91 -74 -62 93 -68 67 -74 -72 40 -87 -60 -47 39 13 -91 -74 96 -21 -75 5 -7 -10 39 60 48 -98 55 -99 22 -18 2 -78 43 74 55 73 97 63 -60 -56 30 88 0
