100 100
0 -94 100 -85 27 26 60 -54 -6 -38 -94 -85 92 93 72 -89 47 -53 20 -86 61 -48 29 -90 23 -1 75 73 53 16 0 50 -89 -26 37 94 -98 -62 -51 -33 95 -47 47 91 -18 -96 46 39 -31 79 17 -89 -33 59 35 -70 -96 28 12 27 83 -93 9 57 -32 -2 99 -83 -7 39 -53 -92 -56 -7 -29 28 7 4 -65 0 -1 49 56 32 52 -91 47 -45 -38 -84 -15 -38 -89 55 -1 -57 35 -1 -99 -83
36 -45 -68 -51 -97 8 65 66 -26 -86 19 52 21 45 -97 -89 -59 -31 78 64 -13 57 13 14 18 -70 -9 -82 96 -38 47 -9 57 -30 -1 -91 -46 -83 33 -68 9 75 42 -37 49 -89 -61 -94 29 -84 -26 95 -69 29 93 -71 -89 -17 47 49 56 -50 8 -54 58 79 0 4 -63 89 16 -17 54 -77 -24 -1 4 57 -93 -58 -18 97 55 60 -54 -5 -90 3 43 37 -59 -45 -95 51 84 65 47 87 66 56
-2 -79 -56 28 -15 -22 -21 -74 -77 -77 34 -3 -4 22 -25 -59 91 41 2 90 -38 -39 -59 75 -19 -67 -74 54 -20 33 -26 -52 -71 -10 69 -56 -12 -80 -30 -96 -42 11 -53 -41 -94 -56 -25 96 -73 -72 54 45 16 26 -52 -19 99 -48 -37 -46 -19 28 67 -5 -97 -71 62 72 -49 12 -38 47 -48 -95 90 -93 -13 -87 13 -77 -94 28 -59 -38 67 -3 49 -3 0 -64 -90 19 -9 63 -85 -66 -90 58 59 -6
77 -56 -62 16 -89 54 67 -58 -73 82 92 44 -11 -59 -30 79 -49 -2 22 -67 58 -43 -72 -48 7 -30 -27 24 -28 53 -81 -54 90 -56 57 55 13 37 66 90 41 -1 57 13 40 2 32 87 -9 43 97 35 -11 9 85 40 97 21 63 12 85 86 23 66 17 -41 93 66 -84 -6 8 66 -21 7 -29 0 -76 -36 -72 -40 0 -62 40 0 25 59 -46 -38 21 53 85 34 30 -18 -4 -17 23 -96 -2 -56
98 87 -25 -47 -40 55 -59 47 -10 75 1 72 84 -3 -9 -60 100 55 19 73 57 83 -90 -77 -9 96 -53 17 91 31 44 91 -89 -14 23 -60 -63 90 88 -51 41 40 58 -53 -54 14 82 -3 -58 14 50 -54 -81 -46 29 3 -59 62 99 -31 85 84 -98 -37 95 21 21 100 -27 -75 -25 72 -33 46 -93 85 42 67 -66 -85 30 53 -41 -57 -26 68 -42 82 -41 43 -74 -76 -24 -40 -30 -28 -22 -68 -41 -91
93 58 -50 -57 -48 -9 -95 -42 59 -19 -57 -27 -54 -32 60 3 1 60 33 32 -48 12 38 88 17 -29 -55 96 95 -32 25 -26 -59 58 88 -72 30 -45 58 59 41 -52 -25 85 48 -55 -80 -45 -20 -49 -15 81 31 91 -12 -91 -99 -32 42 -60 8 -38 8 32 -39 53 -95 2 -51 8 57 -59 -32 -17 0 48 -7 -70 -49 74 6 -71 -86 -1 64 47 47 -49 -94 -2 -64 64 -77 -89 -83 -97 -66 13 78 -71
-69 -86 92 25 -95 -79 19 87 -30 41 -94 -30 21 36 -52 -89 98 56 -53 -48 33 77 -64 32 -87 47 -63 -15 27 5 73 -34 19 -23 81 46 -13 58 98 -28 83 61 72 -10 -30 -39 -16 -30 59 18 48 -23 -47 100 -80 62 -73 18 25 -64 43 -36 25 0 20 53 11 32 -95 17 -28 22 -79 36 63 60 -19 -46 34 -47 34 59 24 -6 15 -70 -24 -55 -15 -11 -24 63 -19 -53 -26 -91 -15 -65 -88 -43
7 -9 32 25 54 -23 -82 16 28 -17 86 56 55 95 86 -34 76 77 92 -25 -15 -2 84 63 -89 -60 23 -55 -51 -48 -11 -29 -64 -51 15 -64 65 -86 17 -91 57 25 49 -48 94 -60 -48 -36 23 -22 35 41 22 -98 -44 -99 88 -34 81 66 80 93 -89 57 -51 -49 83 6 76 -98 100 -29 -44 -6 -26 -72 33 32 -14 -42 48 33 90 -68 -22 -43 25 -100 -5 -80 12 52 44 6 -13 -70 38 -26 22 -96
-4 54 -28 -3 33 -59 -61 -41 30 -14 -61 -58 88 -46 89 17 -44 -45 10 -41 -78 -23 72 91 99 94 85 84 -61 84 -48 64 -57 -55 68 -94 -80 -99 -73 -24 -73 73 78 32 69 66 -95 -1 -53 -31 80 -64 38 -7 83 -31 -64 -95 66 -70 75 61 -23 16 62 -33 -77 -41 -45 -92 -38 15 7 -14 -34 -33 24 -44 -41 1 82 62 99 47 40 77 99 35 100 36 59 26 71 -95 12 -94 -7 -96 61 -6
18 -56 -59 -56 -98 54 -58 99 81 40 8 -81 -69 -43 6 95 -99 77 26 -11 82 -77 -8 78 21 -38 77 69 -22 -19 69 71 65 -93 -46 -9 73 -63 22 27 -95 70 -43 -65 -35 38 17 3 -49 87 49 -95 -92 22 -50 -11 56 -4 -99 -20 41 61 -10 78 -80 17 -76 -49 61 -83 74 -48 -94 -72 93 -96 -17 -86 95 -22 98 75 47 52 -30 -40 -68 -5 -75 70 61 -13 75 79 75 -5 -90 34 -23 14
56 11 -88 88 71 88 11 39 11 68 90 -76 -64 -89 18 -67 44 25 38 1 15 -86 -3 24 94 87 96 -52 -71 -9 -55 59 12 45 -14 71 47 -35 -87 71 -68 46 64 -13 -68 5 -42 54 93 -78 57 18 -90 -18 -42 -17 66 -6 50 -55 -48 -100 -100 -13 85 70 -2 -46 63 -12 -86 -44 29 19 55 51 35 47 -96 -30 68 41 86 -14 19 41 -85 92 -60 91 -28 -59 -1 -22 25 69 71 28 -26 94
46 4 56 -31 -81 -93 -77 52 60 -37 -6 80 75 -72 -19 -95 -3 -45 -68 -54 -50 5 -39 30 24 100 -66 40 -17 -24 16 2 -76 -40 -64 96 47 -89 72 -5 -74 -16 71 21 52 40 -88 -72 13 -23 88 55 36 -46 -76 91 -32 -18 80 -100 87 10 -73 -85 95 -63 37 -64 -62 74 -32 -15 -88 -80 12 72 16 73 34 -40 99 45 7 88 -19 -93 -100 25 -9 -73 -53 -86 51 64 92 100 -45 30 4 14
-30 -100 -26 -84 -22 -78 -53 83 -81 96 -71 91 -93 -70 -97 -65 12 -35 -68 17 -65 -98 6 64 -37 -39 -69 86 -24 75 -9 85 79 -58 12 -24 -44 -50 66 -62 -100 -46 -10 -45 -1 95 5 -15 -99 31 -24 -29 -29 -56 -20 4 21 -47 -83 13 29 46 58 -78 28 -2 -31 73 33 -28 -23 -38 21 7 -23 -67 -93 51 75 -33 -48 -81 51 -49 -88 -8 -33 -2 82 99 100 -86 11 53 100 53 97 -79 7 27
66 95 64 -5 70 17 -40 -29 66 -72 -28 10 -75 -28 55 -28 -51 -19 62 51 62 35 -93 -67 -58 91 -37 79 45 49 12 4 -35 40 66 -78 -50 18 -7 44 -11 68 61 -21 72 -29 -76 -64 54 -26 56 46 -22 73 66 -21 -17 28 16 -65 90 -41 66 27 36 -31 -1 -27 -37 93 73 -13 -29 84 -94 80 -77 25 37 19 -34 -28 90 -69 -36 17 -93 -16 85 -21 -4 100 -82 82 54 -22 -60 -8 -25 26
20 -93 65 83 76 47 -14 -15 -76 -71 25 -2 84 84 97 3 28 -68 -91 -85 -1 -14 22 29 -57 73 74 15 -25 92 66 53 -84 -11 19 38 -30 -14 -46 40 -35 42 74 40 49 -76 39 80 -78 -11 64 58 -88 54 17 -84 -38 46 -85 -62 -38 20 3 25 -39 13 -46 -69 46 67 -93 83 -14 -68 11 -1 -2 -69 -61 66 -44 -75 -92 -29 -68 34 20 -64 74 21 -13 -24 -67 -64 -24 -36 -70 -40 79 46
-11 -60 86 18 -94 94 6 71 18 -80 69 -37 -79 -76 89 4 -77 26 -28 32 21 1 47 -65 -76 -79 89 -3 -20 -23 -78 -58 -60 -37 6 -43 40 -93 -41 -46 64 -52 68 95 94 -30 -22 -4 -72 -51 82 20 -22 -98 -65 36 68 23 -69 19 47 -30 48 66 -65 -66 18 18 -63 34 81 46 -21 -5 28 76 36 -94 -62 14 -36 39 45 53 -60 78 -9 54 20 73 77 -33 83 -47 27 -99 24 -91 85 -10
-87 -92 79 -27 13 -53 -22 -91 -76 -99 -51 58 -83 11 -79 33 -56 -82 61 39 16 20 61 26 -32 -85 68 -50 49 23 68 89 97 -67 -13 -65 -7 -69 -18 77 67 9 0 81 -48 71 -38 63 -13 76 -47 3 57 -1 68 -30 -81 -20 -96 13 96 -2 76 61 -1 79 100 90 64 -80 94 32 20 -38 38 -14 -37 69 99 82 67 6 65 71 59 -13 9 42 -76 97 8 29 78 -17 -80 15 0 -56 90 -52
7 21 62 -51 -46 40 2 4 -59 46 -28 16 28 -55 -82 11 -19 18 24 25 -64 -96 -9 59 -81 -66 -83 -13 66 67 61 -63 -28 72 1 -13 -8 -62 -89 -12 100 12 -64 20 -20 3 -27 -13 92 45 86 93 -64 36 -11 -70 47 -47 73 39 -5 -60 -58 -6 70 -11 -52 -49 19 10 -85 94 81 53 68 50 -42 -7 9 83 -93 78 24 25 -79 75 75 97 -68 73 15 -1 -78 -92 97 -78 45 -5 41 10
-33 -59 -81 74 29 84 -7 -46 -64 36 -10 -39 -64 40 82 38 75 57 43 78 -72 -13 23 -98 -26 -90 -78 -77 -66 5 72 -96 -81 48 -68 87 93 74 -78 22 69 -36 33 32 -37 -72 -54 90 13 -82 24 -52 8 -14 74 -92 -66 63 47 83 -39 -72 -44 -29 87 8 -81 -39 89 -88 58 -48 -42 67 71 23 -84 3 -72 -35 42 -39 38 -82 84 65 35 40 -21 11 76 -3 95 70 -89 -93 -50 88 90 39
-37 4 50 95 97 -17 -78 8 41 44 -14 -45 56 -73 4 39 -76 63 99 30 24 -43 30 19 -14 89 -82 -71 -57 -23 -66 16 -80 -70 61 -24 -83 -6 80 -28 -62 81 51 54 -66 -84 96 65 85 -63 -59 -75 65 -49 -55 12 -51 46 -19 33 -42 52 90 95 40 -9 13 34 23 63 62 95 8 85 56 -100 -41 -52 67 -7 -47 -35 58 -86 -77 39 44 40 -48 -80 74 -77 27 -94 54 40 4 -92 -2 36
95 99 78 15 -70 -87 24 28 -18 58 -4 -25 4 40 -14 -34 100 28 -31 84 -94 -46 88 74 52 65 39 -100 50 -82 -16 43 -35 -75 -73 -48 -85 74 19 86 -81 -91 84 -50 -65 -43 -97 -92 -8 27 19 69 -5 -40 -82 92 20 39 -98 83 97 52 85 94 -77 99 55 41 -62 90 -38 -81 24 -72 25 83 67 50 15 12 76 38 84 35 29 80 3 24 23 28 -90 41 -79 35 44 -40 -88 49 69 78
68 -67 -86 46 -67 -57 -43 -40 77 -57 -49 -82 69 19 20 -88 29 13 15 -91 -61 80 -50 -48 71 -73 15 -55 27 -60 15 49 -66 -5 -74 40 37 81 25 -23 -97 -75 97 -29 35 55 -33 -59 -42 -60 41 8 68 -55 89 29 15 64 -58 -16 -66 -47 -39 45 -60 47 -50 -13 72 -62 58 -37 74 75 -72 69 81 36 -34 99 1 -94 36 47 26 0 -100 19 -70 10 -20 90 -14 -97 -39 78 38 71 44 -68
-4 84 -51 -6 -14 31 -42 -25 86 93 -88 29 95 -10 -39 -89 -92 21 35 -19 8 21 -76 26 -11 27 40 16 38 38 -22 46 -71 72 -93 -73 -73 2 62 98 -34 24 -51 -82 -78 -22 -31 -53 54 -55 -62 -32 -59 71 -75 -98 -11 -13 36 -27 38 -70 54 55 95 -95 93 -24 44 -67 67 -31 -99 -40 11 -63 -86 -17 -16 11 46 90 26 -57 86 37 92 29 -38 89 -35 -60 47 64 -48 -44 78 32 -11 -49
-8 -99 -39 -37 39 100 -24 61 -51 90 -12 35 27 -81 -60 76 -97 85 57 58 23 76 -24 83 -46 -44 -84 2 -98 21 -8 76 -2 -88 81 93 33 -51 -20 94 -98 -86 -86 14 85 -79 35 -61 -77 -34 -8 -63 -75 -14 -88 -35 -30 76 56 -62 -49 -27 70 -35 -77 -69 -99 62 54 46 99 -41 -70 -32 36 75 -19 -83 -8 -89 67 -41 25 24 -62 -1 80 82 -76 94 57 -91 13 -84 91 18 37 -34 84 35
-37 30 -20 57 67 -61 -28 -63 -8 -35 64 -6 -79 -68 -33 30 6 -46 2 -53 9 91 -39 85 61 44 -88 43 -79 -10 63 39 29 -15 -13 -39 -92 -41 52 10 -51 -15 51 -6 61 15 -9 -30 -49 11 -70 -72 -80 43 49 13 59 79 -64 78 95 37 19 56 17 8 -100 16 56 17 68 -93 -82 13 -18 -100 -77 27 -35 -52 -57 -64 -72 81 -55 -86 -59 -29 47 5 -33 38 -91 -32 -92 -5 -47 0 75 95
71 -82 -60 3 -74 81 25 93 -49 -52 -10 -8 -33 -98 -43 -3 75 83 91 75 53 -99 -91 -53 -100 56 27 -33 36 -69 45 96 90 79 71 100 31 89 22 39 80 -56 -70 -32 -49 50 -95 68 28 -98 -8 -44 -34 -17 -66 -8 -74 -52 -57 74 65 -65 -15 -42 -94 58 2 71 -63 -81 62 55 -9 96 -10 -39 -99 -75 -67 -43 -6 91 62 -26 -80 -7 10 -51 64 32 26 62 36 -2 -42 31 45 73 32 26
28 65 -39 -17 28 -98 -90 -98 42 83 36 48 -94 91 42 94 47 77 90 76 100 -80 1 60 27 38 -63 80 94 64 -81 38 -55 -58 60 -88 5 -15 30 11 34 -100 76 32 97 42 -72 69 86 -59 67 7 -52 -58 27 -48 -22 78 30 -97 92 -52 -11 86 59 0 44 14 47 59 -47 55 28 8 -67 41 44 94 -97 2 10 -44 61 -12 -5 -25 0 -57 -72 62 -90 39 -22 76 11 -77 -39 94 82 69
45 -56 -78 -18 -38 -55 -40 -37 -47 60 -25 79 49 89 -59 -15 -85 3 -43 18 30 -16 -79 -38 92 -89 64 60 -13 38 70 -91 35 -87 13 -35 -8 35 -4 83 -90 63 -28 58 86 38 30 -73 -22 -41 54 -22 -86 -21 -55 77 -63 59 37 100 -64 -94 -42 68 35 82 -87 -26 22 -20 16 96 -69 4 58 -79 -71 19 5 -51 -24 82 3 -10 -34 -43 32 -60 -72 -45 -23 83 -94 -9 12 65 6 7 -22 -65
32 -46 -70 16 37 -16 16 -69 -89 -9 34 -76 -72 -78 -14 69 97 -1 -89 60 60 -99 49 -61 1 -75 -64 84 -43 -70 -97 47 -75 72 89 -56 51 -12 -35 86 53 52 -87 43 31 -66 61 5 -26 -10 57 -22 85 -79 95 20 -29 -70 98 1 46 31 58 72 -36 55 24 63 42 58 -95 -73 -57 25 87 -27 54 74 -66 -78 -71 -47 -16 22 -49 12 -48 -63 -88 -4 38 47 91 36 7 46 62 69 -95 28
-58 -100 -64 93 20 19 -57 77 -37 98 56 47 -90 -67 -30 -75 -94 -95 37 99 -9 -82 67 80 16 -45 7 34 -30 72 5 -63 -86 37 -52 -67 -59 14 90 -4 -36 74 -4 63 5 -47 -15 4 -37 -49 13 -65 -35 -98 83 -30 -42 -65 34 -43 -78 5 62 4 -14 79 20 -5 -14 81 70 15 -23 -44 -27 94 -28 93 33 -37 71 97 -71 -77 -15 47 80 37 -17 -26 59 2 21 -27 72 -24 -91 16 88 6
56 -48 84 -50 -65 -87 -37 -42 26 -95 8 89 -99 48 -76 13 -100 55 -24 26 -68 -70 -11 6 55 81 -61 56 -87 -7 19 87 -76 -14 -100 54 -11 -95 -72 74 80 -4 -31 73 -14 3 -36 -16 38 78 1 -26 49 39 8 42 -100 -7 62 85 84 98 24 65 -20 -66 30 -29 21 -4 54 -54 -98 -34 57 -73 -94 -54 33 -14 -22 72 11 -72 -13 -97 -30 -91 24 -82 -80 58 -70 3 19 54 -30 70 -6 -47
57 -36 60 -96 -20 -14 -80 29 -88 -56 -31 -45 3 -56 -80 3 64 42 18 -5 -65 -1 -70 82 33 -26 6 -5 -98 36 -80 -72 -89 -95 8 -84 -30 -31 56 8 20 -77 -15 -65 -50 -58 71 -33 -70 28 -41 33 -11 -44 16 92 90 -13 26 -51 64 -85 -31 -55 99 61 31 15 -11 99 17 11 23 -63 -21 76 -38 68 -53 -78 80 -18 37 72 -57 86 -9 -87 53 32 52 -4 80 -29 -12 54 78 -46 -67 5
35 12 77 23 86 37 -12 83 21 -70 -91 -78 -80 -4 -100 48 43 -40 67 38 9 -66 -18 -94 66 35 -3 16 28 26 -85 77 70 -37 8 -18 -45 -7 -18 -72 -27 89 -34 51 -27 -42 -19 -34 -98 75 4 62 -38 -95 89 71 -52 -1 -42 -24 30 89 46 -43 -26 90 -96 6 89 8 17 90 -58 16 0 -30 93 -45 5 31 53 -21 62 -92 -38 -42 38 -36 -95 78 -85 -34 -26 75 81 -15 -43 90 26 -55
-27 80 78 -11 -66 -54 -98 -22 -33 -38 76 -88 78 74 -41 -91 1 96 94 27 48 72 -22 -16 35 64 33 83 49 -12 -92 -70 -58 43 -89 64 58 5 -78 -45 -24 91 -94 -47 -7 -23 -13 -76 44 -26 -38 -49 -35 43 6 -98 19 -27 -10 -54 68 26 -98 -79 -35 21 -77 -49 -57 3 -16 50 45 43 -94 4 -7 41 -8 -18 -38 -70 86 -20 63 86 57 54 19 6 33 -79 -62 -36 77 -74 4 48 75 68
-71 -28 -94 -37 9 -80 17 61 52 -62 1 -47 93 70 45 -30 5 2 -33 -45 -36 -93 -14 -80 -12 -67 -46 30 -60 -32 23 78 88 25 94 -92 6 -59 -8 94 -42 31 0 -85 -46 51 -67 3 28 -1 -26 -17 -37 -99 -42 50 -56 -2 -12 -18 67 50 18 -49 34 -75 50 -48 12 -40 63 70 77 -4 94 -64 -33 -73 -90 43 -90 -12 -45 -61 4 13 -3 -82 36 49 -6 -50 84 -53 -1 -62 74 -36 92 -70
-1 53 -38 10 55 38 -27 -10 25 78 57 -89 -42 55 48 -95 -88 -20 -34 -36 -69 30 40 33 57 1 64 -81 -34 70 7 -63 74 -20 -98 1 8 -16 -21 42 -33 -73 -24 -83 -15 66 -64 -35 74 60 90 47 -79 17 78 31 3 64 -31 -69 -84 66 23 -68 98 -64 20 -93 29 -92 -41 5 69 -64 -42 41 10 -4 97 89 -97 97 61 17 33 60 -66 -81 -52 -70 80 81 -88 61 -85 40 31 27 -17 63
19 29 -5 73 52 -55 -25 0 -54 45 79 -65 75 97 -51 -29 -1 -36 -78 -15 84 51 22 42 71 -16 50 -64 73 -10 -62 45 -34 -9 -26 31 -92 -84 -5 84 -27 -41 -29 -92 -50 4 83 43 16 55 9 71 -28 67 -34 21 69 41 -63 -86 69 62 33 -2 -50 -97 69 -72 -95 62 -22 5 39 -99 -57 -79 33 -100 21 -4 -88 -30 97 74 80 80 -98 60 -72 14 -81 -22 37 -21 -8 -66 -30 -92 -92 -97
-27 59 95 48 9 -45 -15 -7 -17 88 52 3 -26 33 -9 45 -8 35 65 -99 24 11 14 -85 -90 -41 12 53 85 -3 -81 -83 43 -70 83 90 -85 -31 -21 -74 25 -84 -36 -88 -23 60 -12 52 -42 9 41 62 97 96 81 -96 8 -30 -18 -66 -21 -98 99 -47 -77 61 -77 8 23 -46 -1 42 -51 -57 -95 68 -93 -43 23 98 5 -28 -4 -61 3 -28 -66 -11 -39 43 93 -83 9 24 -8 -9 10 -25 -2 -24
-50 -81 17 -88 -94 -63 94 -51 9 -15 -25 61 57 -11 7 44 60 0 -98 -32 67 -98 -46 -35 16 86 -42 81 33 20 -78 -17 -92 78 -76 36 -53 -22 -79 -80 47 -5 -25 -26 -47 -28 -5 -48 62 -42 30 -40 -7 20 -87 -89 84 -78 -63 49 16 -40 92 -65 -59 95 6 47 -48 59 -16 40 -7 -61 -98 54 67 11 -18 -96 8 26 -20 98 5 -78 0 -72 -22 92 -98 -65 5 -43 -98 -45 -22 17 44 68
-85 -85 -97 21 -13 -21 95 62 59 -22 -32 75 -29 70 29 11 74 51 -72 -34 -61 -66 -79 -21 42 94 -93 8 58 10 19 -48 17 92 -57 -1 -50 29 2 -74 25 -80 99 -62 -57 -75 -62 90 -44 74 -81 -3 -23 -45 -76 60 -76 -2 -24 -24 94 17 96 -45 -1 43 -92 12 -30 66 95 91 70 -80 90 32 -59 43 84 -39 2 41 -10 -25 -42 66 -1 44 70 -62 -5 -97 71 88 -51 -10 71 70 95 -52
-87 17 -100 -97 -32 41 -22 -88 -63 96 33 72 65 -66 55 -22 -33 16 -28 -6 75 -61 -87 76 35 0 33 -26 6 44 -15 -95 36 95 34 -78 93 95 50 24 36 61 -17 -55 76 -68 -72 93 -40 -18 -20 12 -50 -55 4 17 93 -92 -63 -29 -56 6 -26 19 82 33 -73 72 -90 -1 -8 93 -80 -5 29 -55 -22 32 -33 13 37 -90 -76 38 67 -43 -72 -7 38 91 94 92 88 -36 -21 -58 -96 97 -5 0
-57 -54 18 96 -84 78 -50 -73 -14 -9 2 10 47 -72 87 -33 -57 -85 53 59 -63 33 -42 69 -50 -40 -71 71 -90 20 65 -28 -64 -36 29 53 44 45 3 77 22 -11 -77 91 6 57 2 -73 37 -53 12 -1 -72 74 -86 -39 -22 -35 75 44 29 94 24 72 72 74 -79 -78 -26 -76 67 -1 21 -56 -70 -71 97 90 -8 47 67 -59 17 94 68 41 99 32 28 -10 80 46 -10 -100 35 -44 34 -28 89 30
87 -91 92 -99 98 92 96 88 -86 -47 -64 2 -89 26 -55 -56 18 2 -96 -66 -90 -57 -55 -5 -51 -86 30 -23 -93 -50 80 -32 63 85 -4 92 34 65 84 -43 -41 98 44 -57 -1 -99 -32 41 52 -86 -2 100 -93 -4 3 77 21 96 -6 44 47 48 92 -6 91 8 -24 -32 -85 32 26 -44 39 -1 23 87 90 -45 -8 26 -28 19 55 84 -76 28 32 92 -9 -67 74 -12 34 -74 -40 -82 -54 -96 9 87
-81 -14 -49 -29 -61 -82 84 -83 6 -87 26 8 -44 26 -52 -61 83 33 13 26 -49 -23 38 94 -52 43 -29 24 -27 72 -27 65 -54 94 61 24 2 -97 21 8 27 41 40 84 -73 68 16 -77 -21 52 87 14 -54 25 -60 43 -93 63 -57 78 -45 35 4 -95 45 95 -55 -83 -79 74 28 -21 48 97 -7 -78 11 74 -17 5 30 -8 55 -70 -41 27 -16 25 -63 96 -42 58 -66 41 -20 -40 -90 66 -60 42
89 69 25 -14 94 -53 41 94 4 23 -7 -93 98 -37 89 -30 -20 23 -20 91 -11 -25 43 -43 -5 78 53 88 -45 76 -12 14 -30 -26 -30 37 -43 -1 100 57 54 98 -41 92 86 34 -67 51 4 2 -20 -65 -62 -43 19 68 -55 -58 98 -98 -1 54 37 -79 29 -27 -39 -76 70 29 -33 -53 25 -90 -70 -3 79 -15 13 -30 57 -26 58 73 35 58 -16 -37 23 85 -9 34 -2 -59 28 88 10 -59 -31 -51
85 -49 26 81 -70 -86 -5 62 99 -96 16 -52 -20 48 -29 48 -72 -51 -23 62 70 99 87 -37 49 79 -92 28 6 -83 -73 58 -48 85 -97 47 -10 -46 -25 -70 -84 41 -53 -87 1 61 -6 34 76 40 -94 70 74 50 -9 -88 57 -63 -13 42 -76 56 -100 55 41 4 30 -58 -27 -30 49 25 18 78 44 90 -65 54 89 73 -32 89 64 7 63 13 -34 -61 -40 -6 92 -86 -4 -15 -25 -5 79 4 8 -12
34 -21 30 47 -43 -63 6 55 17 14 -66 -43 71 -77 99 -98 16 17 71 11 -10 -72 -59 -69 -30 35 79 -85 -13 -71 90 -27 81 -31 20 -9 -61 8 -76 -24 71 45 63 72 64 -58 62 -74 -89 5 -44 -60 -1 -12 48 68 -29 50 -53 -51 -14 18 7 -54 -98 -79 -15 -89 98 94 -38 93 -23 -13 2 56 93 -52 83 -29 91 -61 98 96 -94 37 -80 -86 -47 -93 34 -66 93 -70 21 19 24 -36 49 -35
-63 64 36 4 10 2 92 -7 -59 -2 7 12 -69 -50 64 40 8 -67 -20 -56 1 -41 -90 4 -56 -17 87 81 97 -64 -40 -8 31 -16 93 -44 46 61 6 86 -5 -92 -94 -10 -64 -54 -76 81 -27 90 -18 99 96 22 29 32 -24 53 -48 -92 -23 45 -63 99 95 71 76 15 -81 19 -92 -54 94 31 45 -93 -47 -56 2 -5 -3 23 -95 26 -36 -57 -1 11 -18 -72 17 50 -61 -55 -30 -31 -76 -50 -28 -55
19 21 -22 67 3 -39 11 -71 34 -10 6 -44 -3 25 -61 94 -80 -48 32 45 3 82 16 43 -5 5 26 22 71 -12 -75 -59 -90 75 -40 20 -69 -1 -4 -32 19 -83 40 17 43 -79 -64 -54 -71 5 -69 32 12 70 10 -65 -1 -91 -65 -47 35 20 71 -7 59 51 -48 58 -48 -53 -34 -52 15 15 -20 -74 -15 7 26 -89 -5 39 -15 82 56 -8 -61 23 41 -65 37 -5 -92 66 20 -91 6 -10 -32 -62
-63 3 -49 80 -70 -16 76 55 -41 -47 65 94 -72 29 49 -72 -20 -45 -6 68 1 33 21 47 -27 48 -86 3 -80 -61 35 38 33 -34 48 -18 -15 33 22 -30 9 -42 20 -17 -1 -92 -24 98 -3 -23 80 63 99 -5 22 48 -29 67 -37 45 -84 -40 -49 30 -40 -32 -22 -1 59 86 79 -9 -61 87 100 -24 66 -73 -28 19 89 83 34 -17 70 76 -91 21 98 29 4 -69 93 -38 31 -15 26 -96 -63 51
-95 -82 -5 -98 -81 47 20 -59 74 -13 -69 15 -39 -60 0 93 43 -15 26 -41 -61 34 -18 47 -99 -58 -82 17 -89 -45 -8 -45 -27 -40 -20 -96 99 99 -2 34 -46 -13 57 42 55 -98 75 -68 -26 -53 -78 78 -20 -50 3 -69 -87 -50 65 36 48 -33 -91 -42 52 -88 58 87 -37 16 44 47 -46 -9 -9 -60 57 75 51 -30 70 -75 73 53 46 67 53 -27 87 -30 78 -30 -6 70 -52 88 -54 -23 -73 50
-85 -32 25 47 -15 94 42 -8 -67 80 -78 36 -50 22 -26 31 -21 -43 2 -11 76 6 76 19 84 -17 -14 11 53 -23 0 -45 -84 -91 92 23 91 -62 32 -6 -15 -28 87 -67 -56 -82 -46 -15 73 -13 -78 -95 -67 -18 -100 -86 -17 -4 36 99 -98 51 -57 76 -23 -66 46 -25 -88 86 -11 -32 95 69 -41 46 14 -51 22 8 93 71 59 -82 30 19 95 -44 49 -99 82 -94 -88 23 2 -5 -53 -99 66 77
-10 73 -35 35 -13 22 93 -56 -84 -67 -27 39 -80 13 -73 -53 59 15 95 -11 -88 3 2 -33 82 26 36 32 11 -6 41 -4 21 17 -9 -100 -72 -6 -51 -90 -29 91 -27 28 -47 99 54 49 -44 6 -97 30 73 -82 -30 -30 -81 -41 94 -55 -29 98 22 30 10 -14 -74 -79 -34 70 -27 -13 -96 80 -99 -27 83 -19 -64 100 38 -36 -23 -5 59 -20 -56 78 69 -71 -72 21 -72 41 91 77 -7 -8 -22 6
32 -14 -35 18 -91 43 -9 36 -70 -38 55 -53 67 25 42 13 -54 -100 -70 -16 -36 -56 30 -98 -53 -79 -43 -41 -33 -79 -21 -23 -76 -85 52 36 67 -3 -97 -57 -90 -17 -29 48 60 -85 66 21 71 96 57 90 73 -47 -40 -94 61 -25 -34 -63 13 88 -45 -11 69 -20 -90 -25 -58 -62 62 -12 47 -65 -29 90 52 50 -61 -82 -80 36 100 -7 64 58 -37 47 -10 90 -95 29 -38 69 81 -32 -46 78 15 -90
89 31 47 40 -41 -91 12 9 -8 60 16 -52 41 -72 -84 39 -85 19 6 -4 60 49 -18 16 48 58 -32 54 73 71 -99 75 -24 -30 -91 34 32 28 61 -58 -65 -36 47 -89 -54 75 -90 -44 48 -64 -88 81 -38 -3 52 23 -56 -14 -3 -11 -18 82 -68 44 -84 -15 91 11 0 33 92 99 35 -2 -28 27 -23 21 82 50 -20 76 49 -79 -77 95 45 -96 -34 -96 -100 -7 82 -17 -63 87 -90 10 -79 -79
76 -60 33 28 -51 72 -49 -73 -64 19 85 60 2 -94 -76 -17 -39 -81 72 -28 84 -20 74 9 -12 -97 32 -63 -27 77 -40 -60 35 -54 -23 80 66 -21 76 -39 -48 2 91 55 12 2 50 62 -58 -76 -33 20 -37 6 -53 15 49 -35 -24 24 41 -18 -65 34 -14 18 -23 -1 21 -90 -45 93 -76 -54 74 -37 72 8 91 79 -73 15 -97 88 88 -18 -23 30 70 29 -32 -57 60 -46 10 -33 66 45 -73 6
-85 84 -87 -7 -63 58 -38 -83 59 98 70 25 75 -18 -41 14 -93 94 74 -58 -16 -15 89 87 22 80 43 -88 43 85 100 -63 -33 71 86 -99 -40 55 -78 -33 -41 18 82 -79 -62 -1 4 27 7 8 24 89 60 27 -66 -33 -42 23 63 92 -5 50 65 -76 -38 85 75 -40 25 -71 -79 -76 8 -52 -35 -75 97 -97 64 -20 9 46 70 -47 -82 50 -48 -60 92 -23 11 6 -65 99 -73 77 49 -93 -54 -42
30 -15 83 16 -4 -83 -96 -81 72 -40 -4 -77 97 -33 38 -75 0 63 -45 -76 53 -86 -62 74 14 -27 -96 -16 32 61 20 -93 25 -24 -74 -69 5 -91 -21 97 83 -100 -28 93 -16 4 -50 -84 -47 56 74 84 49 -1 -20 94 -71 38 28 -40 78 -91 64 -97 93 43 49 84 -4 92 -28 -83 83 8 72 68 34 20 70 -78 -40 -11 89 -55 -82 1 -36 -20 -96 -60 53 -3 -97 32 -70 39 -84 9 33 60
-74 75 -20 26 32 -33 100 -35 -90 -70 -84 61 -92 64 11 -100 67 -59 20 88 -38 -79 67 66 -7 0 47 70 63 -72 -37 -6 19 -17 -70 33 25 -24 6 21 -81 71 -74 48 -31 17 89 26 58 -21 82 74 31 -44 -87 -43 46 99 93 -30 82 30 -55 -13 -28 -39 -49 -9 -27 56 38 -86 -46 26 -54 13 92 27 92 82 -41 89 40 -98 43 -33 -27 50 85 62 -16 -10 22 -78 -40 5 -49 7 -100 -37
4 -25 -34 52 -78 -13 -6 26 26 86 44 5 -37 -25 -20 6 70 10 -4 -32 -45 59 -46 89 -53 15 -21 95 -52 -48 -93 57 -91 57 88 34 -10 23 57 32 67 22 -15 24 -99 54 32 -24 42 -7 -79 -55 -64 65 79 -92 -44 -7 73 -77 -36 -49 -78 -76 87 -82 55 50 -50 50 68 -61 44 11 -82 93 96 -56 76 -8 37 38 97 -6 93 72 81 46 31 57 71 -25 -50 -42 56 -99 88 -10 -27 62
91 81 -44 -74 37 3 -54 -20 -83 4 -59 -54 -1 76 -100 35 55 61 85 82 85 43 42 1 91 21 -9 -94 72 57 13 76 -51 -95 -55 24 -32 -35 -53 28 -6 40 89 -76 31 -38 -80 65 9 100 -1 -48 69 54 -77 29 -87 -4 -85 -89 -77 26 46 70 -72 43 84 -60 -35 -70 -14 -27 26 47 -86 -65 75 -66 47 69 -9 -98 30 -43 -26 -1 -44 66 -26 81 31 68 97 41 -73 -82 64 35 -82 -87
-93 -68 -76 82 -16 100 -24 68 -31 -66 -60 -86 -90 85 91 -98 28 22 38 10 -72 84 -1 -7 79 90 -20 69 65 6 89 -67 -61 -95 96 -30 -2 14 -5 87 89 87 27 -31 -14 49 -24 40 7 31 67 -72 -50 -90 10 33 -60 89 69 97 53 -18 -99 59 -91 -59 -22 -29 75 8 -34 85 -65 41 4 21 91 8 -51 -68 38 -85 20 -76 86 -17 -53 -1 -90 -55 -70 86 -59 94 6 27 -38 51 67 -44
16 -89 59 38 -54 16 84 96 97 51 -24 -13 15 -58 -88 69 13 1 -4 -56 -41 -64 31 0 42 -31 92 -49 11 -87 75 -21 -33 -88 14 90 -26 3 92 -81 35 -39 -66 26 29 27 53 4 -19 -57 73 19 75 38 90 -21 -76 -62 -96 -55 -25 62 -81 -99 87 -96 -64 -94 -19 -38 17 -62 58 90 -36 -51 61 17 27 -84 16 -24 -76 -80 87 48 53 -9 92 -49 33 -39 40 -33 64 50 -1 63 94 -19
98 -82 -40 -28 -45 51 75 23 -89 18 69 84 -67 67 -40 -67 77 62 -95 13 20 -89 -61 -98 -22 71 -14 -48 -84 -84 -100 -16 -32 80 -89 60 -99 3 -13 55 2 -18 -17 -39 -47 12 73 48 -43 19 41 22 23 29 -26 6 -52 -83 84 85 49 7 54 91 0 -6 -91 55 68 -31 -67 98 32 -88 14 -53 -97 -63 -9 -44 -84 -75 5 -37 95 73 79 -13 -66 -27 33 -52 -35 59 66 -24 33 -77 -31 25
-67 56 15 -30 -1 74 -13 75 39 64 65 -3 -46 10 -59 -71 -13 88 -72 -80 -87 -63 -16 46 -39 -61 -62 38 78 -84 -3 34 86 61 60 -52 34 -60 -16 -46 48 95 -25 -63 -25 48 -20 92 87 -8 -43 42 90 56 99 52 -5 42 56 -6 21 -93 59 -83 -33 99 30 23 -54 48 61 12 75 -27 -36 62 -67 -96 95 -26 -27 63 -51 75 -13 33 -7 -19 -71 -8 32 -85 92 21 -5 100 -68 -5 -23 -70
4 54 52 54 -65 50 -18 -27 -25 -33 55 -33 -10 97 42 68 -96 -57 -41 41 -67 93 28 39 60 79 -18 -86 -76 -20 52 -21 -47 98 75 77 -81 73 -81 -68 -32 4 -51 18 90 -26 92 79 18 -91 -28 60 58 -52 30 -25 -35 -83 -66 28 75 -44 93 33 55 52 -64 -51 85 23 -10 18 -84 -38 -30 -60 -86 -36 27 -18 44 -51 84 -91 99 -78 -49 99 -98 -84 83 -52 -89 -78 99 51 71 -78 35 -66
-68 60 -26 71 94 31 -98 -13 41 92 -40 -26 -79 -85 5 42 -8 -5 -19 40 43 -66 22 69 -11 55 22 -5 -89 -89 65 56 -79 -59 -76 -90 -78 -51 -98 -84 68 33 -7 70 76 48 9 -50 -58 -69 -92 -19 15 -16 28 25 -22 74 29 28 61 68 26 44 -47 -6 13 -53 -45 -46 22 -69 -84 -20 -27 -23 64 49 -14 82 -33 98 40 74 13 37 67 78 22 57 -74 67 19 58 -95 7 -50 45 -19 37
-67 15 24 -18 32 17 -94 -69 -1 4 27 9 53 95 -60 -42 28 -98 -58 -96 79 28 -93 85 6 -25 -24 4 75 0 78 38 -10 -1 82 -76 82 30 -86 28 -62 -95 -90 -79 -66 41 30 78 -82 -88 75 -36 -90 -24 93 -27 -14 -68 94 -32 -61 -88 -28 95 -52 -87 -76 -87 15 28 47 -59 -73 12 46 88 -52 -45 6 16 15 66 62 12 -49 9 23 -100 -16 -96 -81 58 42 52 93 -9 83 -28 51 0
6 40 -80 4 83 52 6 -92 -10 -3 -93 -62 50 -86 65 72 -69 -9 23 -79 65 73 88 25 29 92 -52 -66 -50 -63 -23 -72 90 -17 -81 53 -30 -57 16 -81 29 45 -16 94 -48 94 28 5 -54 -73 -3 29 99 -19 -50 3 18 43 11 -85 38 -10 66 52 54 -58 -27 -68 -48 -94 73 21 31 -20 -35 3 12 56 99 53 12 30 49 82 64 -23 -88 -66 -56 96 -29 -43 36 87 27 -75 -55 -26 85 98
2 -64 -59 -15 -39 78 48 53 56 89 -35 97 -17 -91 -41 26 52 -94 -9 -88 78 17 63 18 -20 -76 -9 -31 84 -82 44 55 32 -13 31 14 13 -95 -66 62 -21 59 28 -74 1 -33 99 -76 -46 0 77 76 39 -22 -48 65 5 -47 -9 44 -20 -36 -94 -63 75 55 -81 43 -17 75 -9 -93 -65 -60 83 7 -45 -97 -92 22 48 -97 45 -93 66 75 59 -85 -76 -9 43 -3 21 14 42 99 -11 100 49 -87
37 -50 83 -100 34 70 -90 -84 -92 67 16 -18 12 -63 95 76 98 47 85 5 62 50 48 -57 22 67 -50 -38 86 -73 -87 -54 8 28 79 1 80 -91 75 -22 -32 79 -46 71 5 -47 -62 -34 -52 -47 -94 46 91 59 72 -38 -10 -16 51 -60 -40 -59 76 74 8 23 -97 -54 -9 -77 -94 10 -50 62 72 95 41 53 -27 -60 -11 78 -1 -40 96 46 43 -15 33 -57 -39 -15 -25 7 16 -27 100 42 -58 42
-52 0 19 -52 10 -43 -99 -78 -2 58 -44 -58 -33 1 -25 -91 87 69 -6 -53 66 92 9 90 -19 -88 -41 -35 -65 -84 -75 50 -20 67 -11 -47 98 81 -10 -58 22 -73 -90 3 -12 94 -36 8 49 47 -84 99 74 35 -57 18 -87 93 -65 -23 -72 -44 -60 83 16 -31 60 55 -54 63 93 -60 -67 -51 -58 -65 72 -40 -87 -90 53 10 69 71 87 -18 -19 70 -98 -5 -93 31 -64 67 -78 18 82 72 62 -15
44 -59 -76 82 -5 -60 -65 -13 0 76 67 -38 12 -31 -32 76 -91 -73 11 -65 87 40 -16 84 -71 10 65 21 -19 -93 -78 46 49 -24 -77 -79 -26 45 13 -45 -4 -20 -96 6 80 -96 -81 18 86 30 9 66 64 62 45 37 -100 42 -80 70 -43 8 -81 44 -92 54 -51 48 97 -53 36 62 -80 59 26 48 -50 -69 98 18 5 -55 -46 -95 -76 -70 -6 -75 29 -11 57 59 -89 72 3 -17 18 25 -5 -40
-87 83 -22 -57 86 24 -98 -58 100 31 93 57 -47 37 92 84 -47 -96 37 -7 -24 66 -71 -43 -97 -84 82 63 -14 -68 -18 -18 -32 40 96 15 21 7 9 -41 74 58 -69 -94 -77 78 -19 65 -69 -90 22 81 61 80 93 -55 -33 -51 -39 8 11 -15 27 50 12 92 -33 98 40 36 -49 10 -68 71 23 84 -76 -100 66 32 11 28 84 88 30 -25 99 68 39 -30 -2 94 -86 -58 15 82 59 -14 -63 -95
-38 68 -44 76 -71 14 86 47 -2 -82 84 -42 37 -8 -68 6 -74 -57 -63 -90 39 89 66 -28 9 73 68 -58 -67 -15 -97 -54 77 95 36 30 47 84 63 -68 52 -87 71 25 78 91 9 -63 46 -75 68 -98 -77 -72 -3 16 -62 52 -33 60 -61 -60 -84 -1 -58 -64 68 -37 92 99 -99 30 99 1 -2 -64 5 99 -90 -90 -95 -41 16 -4 56 -57 88 -37 -53 -37 68 -41 20 -42 78 -97 34 -18 -36 -72
50 86 -40 15 -36 38 22 -7 -31 47 50 62 7 35 16 8 -42 56 -17 31 -11 80 79 2 -32 -18 -73 34 -45 -9 92 90 8 -73 92 -21 73 -17 0 -100 -29 3 12 -27 92 58 -52 -90 -55 31 -9 48 77 -67 -1 -81 -68 86 88 -84 51 -65 -43 72 81 -75 55 98 -33 12 -45 30 87 -24 -50 96 79 -45 -56 -28 -21 -47 41 -19 -62 -24 -63 -6 -89 -52 -45 19 -23 -19 -48 68 -52 -15 -82 37
29 -97 -91 -26 -43 7 44 -89 -43 -16 -37 -43 -10 67 47 89 82 7 60 -18 -33 -59 31 -23 26 98 22 52 -36 29 -74 -6 62 96 -86 73 15 -23 -100 88 55 -11 -80 44 -75 50 -46 13 44 91 -41 78 -5 -27 46 82 90 24 -16 87 -21 -37 -60 67 -85 -62 -99 3 -32 19 -74 -34 -76 47 -76 -70 -74 91 2 78 -14 9 -13 18 23 99 -10 -100 53 -41 -16 -43 77 79 -90 14 23 69 -70 -9
-86 -57 -34 -35 18 56 -34 12 -58 14 52 18 53 -13 -79 -65 5 80 91 100 81 -56 -72 68 44 -63 62 -22 -86 -12 67 -10 -73 89 -57 -76 63 -75 -73 19 -60 -46 73 85 -24 -5 -99 -79 -46 -34 34 -88 92 28 -61 -88 57 50 8 78 -2 39 -3 -49 63 67 53 13 89 -83 81 50 -81 57 15 21 -17 6 42 70 84 93 -98 59 -6 -24 -8 61 31 69 97 -48 49 92 46 11 71 -12 17 77
-62 -27 44 9 -94 -18 21 71 -40 -53 13 38 83 -96 -29 -88 69 -40 50 22 -29 -72 97 -41 31 -25 52 -1 72 91 -21 -75 -89 56 -76 83 -91 -32 -16 -12 9 -3 -60 -32 54 -10 -33 -61 82 -3 -33 -96 -46 0 63 -25 99 87 71 -4 -68 79 -3 -99 84 40 28 -73 -68 11 4 -81 58 51 100 27 77 -48 31 70 66 -32 -94 -73 -1 -7 78 38 -87 88 96 -32 7 -23 93 41 62 99 -34 64
-4 31 -72 36 -64 -99 68 -58 -41 13 -83 100 -38 -52 62 59 44 -89 51 37 -79 56 9 -61 77 -85 -5 8 0 45 60 -61 80 36 47 -58 20 -80 -75 -33 -85 30 -29 81 14 88 41 41 4 -73 27 -100 32 58 78 -91 13 80 24 -62 -97 89 -21 61 -24 -77 -46 -13 81 56 -77 83 -53 12 -70 98 80 -88 11 62 -68 73 70 -2 -45 72 21 -27 51 63 -81 -45 77 34 15 89 13 61 3 -100
34 -64 -26 -17 -77 -12 -55 -38 -68 -96 78 18 97 93 35 -31 84 17 -23 76 58 63 29 -96 100 -38 -87 69 66 49 93 -75 29 8 -84 59 -16 35 -91 53 -36 -42 -12 38 -20 82 94 79 -1 -40 -45 -49 -17 29 100 -27 92 39 -69 10 -67 -69 -82 -3 17 36 29 65 68 -51 -81 56 89 -73 -1 -60 7 -95 -4 -23 -51 -36 -96 -92 -9 -20 20 -8 42 2 -33 -83 16 53 64 4 -25 59 -44 -47
39 -77 66 27 57 20 73 11 -18 10 14 73 -38 -80 19 83 -91 94 -87 90 59 34 98 -64 -37 -10 87 26 81 45 -25 -83 39 80 -14 -32 13 -27 -96 67 40 22 -62 -43 -98 76 9 44 79 -82 93 42 -40 71 -17 91 -77 -85 13 39 -97 -56 -27 -83 5 67 -64 -29 15 -31 -7 1 14 -74 16 48 79 60 38 75 80 19 -32 -66 -54 91 36 34 46 -85 -4 -74 20 30 80 -69 25 15 -40 -20
-22 47 -86 10 38 -93 25 -42 55 99 24 -24 -79 -49 -34 42 -57 81 16 -44 -12 -41 60 84 37 -49 67 -47 -63 5 0 -75 -84 -63 -60 -59 -35 48 -32 -66 -61 -2 67 -58 94 82 81 -30 -57 -8 -6 24 -69 -50 32 49 33 -56 33 -50 54 75 30 -14 -83 21 -36 -63 -100 -20 53 26 37 42 -57 45 -70 -63 -82 -38 -52 -44 -42 12 85 -75 54 -72 -44 -6 -31 -44 -11 -26 -46 8 83 -2 -52 -35
-90 1 27 -58 88 -33 3 -16 77 56 69 -38 21 -94 10 17 3 -52 74 -28 -97 35 -84 13 32 -4 37 55 12 17 -16 75 -90 44 79 -24 27 -52 -17 82 73 66 58 -92 -78 37 65 -5 33 81 51 17 20 46 63 -55 23 96 -58 39 3 62 -95 -33 -76 -15 -92 -46 54 -31 -75 57 -98 -97 93 84 -72 -5 -99 -21 35 48 -72 -42 4 -51 78 -15 -7 -7 -45 24 -4 73 -45 -16 60 -80 -17 42
-84 16 -32 -42 95 56 -92 -12 -88 91 -35 11 23 87 52 -19 -92 -69 78 -41 -42 26 -35 -25 -5 24 9 -49 27 -33 39 -40 -46 85 -78 96 100 -62 -3 41 -59 -40 -97 22 62 -81 78 28 59 6 -95 69 -89 14 98 77 -80 63 67 -52 0 93 -82 55 82 -85 -3 26 100 -65 3 25 70 44 -11 95 9 35 -88 6 -77 -36 51 50 84 24 -8 -36 -49 -28 74 -4 -65 95 -7 67 -99 58 -27 25
-33 0 43 40 100 -39 42 47 7 82 95 53 30 -88 -59 88 -85 -52 33 56 -79 -23 86 39 -52 -10 -62 96 -52 -63 -40 -48 36 -58 38 -42 -57 29 -54 -11 -20 -42 -52 10 -5 -44 -85 -91 -2 -12 87 -12 72 38 41 -89 -12 -56 98 -38 -39 -53 48 -75 -19 6 -47 -14 82 -61 -73 71 -61 18 -18 60 -6 -16 -40 86 52 -87 71 71 -53 41 57 92 -50 60 28 47 3 -42 -38 -36 -43 -20 95 -31
27 -53 36 12 68 -100 56 83 -1 65 -97 -66 72 -26 -53 69 1 -23 -79 50 -60 84 -51 -60 -70 -37 -40 48 -11 -30 94 -21 -67 64 -55 78 6 37 37 44 -10 68 -78 18 100 -12 96 50 100 -63 -88 -72 89 -88 26 -18 -96 68 21 0 -29 -99 -74 74 -58 -76 83 -75 64 -46 22 49 -30 -74 3 53 -89 55 42 -23 80 -35 -89 -58 5 60 -96 21 -14 -27 25 73 63 -32 23 29 32 -67 80 -60
-6 75 79 -17 -18 68 25 -87 -15 4 27 27 25 -51 -25 73 93 -30 -99 -55 -86 -57 -1 49 53 19 -79 -90 -18 53 94 -26 -61 50 -13 -80 -1 -25 -78 -58 -1 -45 -74 46 19 -38 -39 -56 -100 61 -2 -53 38 62 -71 -92 76 7 70 39 29 -50 -1 -59 64 16 -64 -29 0 51 -2 55 97 -71 -46 -61 56 -67 9 10 10 36 21 -79 -93 63 5 -67 51 -81 -43 -12 54 56 52 -40 9 -76 -84 -53
-75 -34 97 -28 -8 -3 -55 -92 89 -94 95 76 13 5 -12 2 49 -26 87 -55 -85 17 -32 55 12 8 6 56 -100 39 3 -61 -63 27 -27 82 -55 -60 -91 -18 47 -95 23 97 -13 67 -19 -82 27 61 61 39 76 71 24 -15 -37 62 37 4 -33 -31 -72 -23 80 -18 58 83 22 -62 -40 62 67 -60 -75 69 56 52 95 44 -99 -49 -3 -94 26 -2 -95 -8 86 -34 -12 56 -7 -42 -92 -15 33 25 92 18
-15 -40 1 -56 -62 6 88 22 78 37 -96 23 47 79 71 -25 92 18 -27 -39 32 99 7 -26 66 -75 -3 -86 -82 -87 -89 64 -18 -30 58 -11 -17 -2 30 57 -8 48 -8 -45 -10 36 63 8 81 -60 16 -24 21 10 84 25 -42 -77 86 91 -87 -65 8 -32 -20 59 3 -15 -28 22 -50 78 -40 2 67 -97 -4 63 -55 -11 -23 4 0 -67 39 90 44 -60 40 23 -16 -97 80 -61 -91 4 1 8 -50 -4
-64 -24 49 58 41 8 -58 -98 22 -18 8 76 83 4 -25 -35 -54 -19 85 -87 -29 -62 81 -3 -45 -10 39 -13 -21 15 46 94 -2 -76 14 -25 95 -89 -7 52 -88 -5 -66 49 -56 6 34 61 -5 -1 23 -38 69 48 -47 -44 -60 59 19 86 45 18 -79 9 34 -93 97 -3 94 74 -4 -91 58 -48 40 -87 -24 -79 26 -72 -20 -61 5 15 -4 -87 62 -7 72 -75 58 58 91 -58 35 -90 42 -35 -30 88
100 -7 19 31 -92 58 12 8 -71 -27 -41 2 -33 -15 30 -70 39 39 -9 89 31 -19 37 75 92 -37 -78 -4 -66 -48 -25 19 -83 -79 0 -8 -63 51 40 -28 -91 -93 36 -48 -19 41 1 7 -76 78 -7 -93 -72 -39 -63 -11 84 -53 -85 -61 14 29 -86 23 13 55 -20 33 72 65 24 36 38 9 -32 -10 -55 42 -70 80 -62 -4 -6 -12 40 -33 12 -82 55 -81 7 44 12 -28 -55 31 78 -35 -84 95
90 39 -99 -76 1 48 -62 -94 7 38 97 9 -3 73 -51 -59 -34 29 33 77 56 19 -29 44 13 -70 -12 60 79 -16 98 -20 -15 -36 19 -33 -45 -72 -97 -19 -49 80 12 26 100 55 0 -20 -99 99 81 97 56 4 -14 -92 -8 0 50 28 70 -61 -43 14 68 74 51 -14 95 -65 1 -11 74 16 -49 -76 88 12 0 48 -58 -42 39 -85 79 -12 -89 -34 34 24 -38 -18 54 -18 -18 28 -92 41 -43 -13
-94 -89 7 20 42 69 -100 16 -72 78 -64 -91 -3 39 -68 -81 -96 -89 69 -43 -30 -13 90 92 -53 77 -58 52 -27 -89 -20 -42 22 -37 -6 -100 75 17 -64 71 34 -44 -29 -62 -90 -99 -74 -19 -61 -43 -72 86 89 -81 -34 64 82 -43 -45 -24 52 -56 1 18 -41 -14 19 82 -17 49 -4 -78 -11 13 -48 11 -100 -47 11 18 -35 66 29 -17 82 -14 52 89 -58 -97 -68 -34 -26 29 -98 23 -65 32 -90 -27
-97 -79 44 -46 67 83 -37 -62 69 70 -96 80 23 55 -63 -73 85 -31 -72 59 -99 49 65 -30 48 82 21 68 47 -80 -21 -70 -86 90 28 48 91 89 21 7 -12 19 90 99 74 27 44 30 -50 -31 -67 82 -92 18 66 99 92 72 -58 -58 -32 88 88 74 -57 -92 41 32 7 -45 84 57 -81 -14 -49 -39 -99 -95 -2 25 21 -93 36 -12 -44 -17 -86 34 46 54 -27 67 -72 0 41 -68 41 47 74 98
16 -30 -72 85 12 27 26 94 4 -1 -34 -2 39 -51 -14 74 15 6 -94 -88 97 85 -31 -78 47 50 -76 98 26 -11 -61 -63 16 43 58 70 95 48 100 71 13 -53 -14 85 -83 -97 43 -62 -40 44 21 -47 -4 67 -85 45 -35 -70 12 -52 -13 -11 61 72 54 -64 -40 -88 73 -89 -57 57 7 -7 91 -17 70 73 27 -3 98 51 -71 13 60 6 64 87 -93 -87 -42 -9 -73 54 64 -50 31 -92 -70 -98
29 -77 85 7 84 -51 -16 -8 -45 -93 -75 -44 72 53 -68 -78 41 44 54 -43 -32 71 87 23 -64 79 -97 -22 -94 -14 -24 -5 84 -31 96 -42 6 -10 60 -98 99 79 -36 67 25 0 -31 92 -6 47 -72 -14 -87 59 -88 24 34 86 -50 32 40 -67 40 82 62 -15 28 -29 43 -24 -1 37 -54 -91 -78 -45 83 -86 -31 94 66 -69 -92 -55 -66 76 24 -3 -35 78 -33 -39 90 -38 47 -65 17 60 -42 -41
-93 -31 -27 11 -24 -5 -92 -10 3 -89 58 61 -49 -91 -45 7 7 50 68 19 -25 83 77 81 -47 -11 -14 66 -40 69 -48 49 70 100 90 85 9 98 84 11 92 -97 -75 51 -3 75 -16 61 -7 -99 -75 65 95 -20 -80 31 60 -51 66 13 93 -61 54 31 -97 -40 79 -15 60 32 -82 -56 -72 2 35 -5 42 -58 87 -47 -84 -38 50 97 -76 18 3 -34 53 31 82 32 -64 -75 -93 -15 -20 19 -32 0
49 -80 38 13 5 -30 -90 -49 -24 -35 -58 81 -36 77 -45 -81 -18 -46 2 5 15 79 -68 -89 21 65 7 73 -93 87 3 -70 22 72 -19 60 15 60 18 -75 69 6 89 65 100 -82 -30 -17 60 -76 -46 85 -77 96 -7 -96 -98 98 34 88 -68 -29 5 53 -77 53 43 1 32 -87 36 94 -49 -1 56 8 -98 49 -69 -63 8 33 81 -9 84 32 98 27 -63 49 -12 -51 -96 -98 -41 -28 39 75 90 -80
15 -37 1 -23 -16 -49 -32 -41 -88 -22 70 -50 -46 44 4 -55 13 12 -14 -75 58 -65 -41 -95 -88 71 -76 4 -100 -23 -76 -39 -4 -48 38 -55 14 72 37 42 -64 -94 -54 96 -86 21 -35 -68 -74 98 -59 -7 -30 61 -73 -31 -82 -53 36 -57 -38 73 -77 4 -72 3 -11 -91 -91 -74 40 63 24 -27 59 63 10 30 94 4 -68 86 95 -1 -91 6 66 35 69 67 73 66 50 -29 95 -70 13 6 -29 0
