100 100
0 85 4 62 -41 -70 2 15 -100 94 -6 81 81 6 -46 34 64 -86 -83 -70 84 43 -1 -51 6 78 -61 77 -24 50 58 16 -37 33 -52 -99 -34 58 21 40 19 46 -100 -92 58 73 46 -99 -71 -91 98 -22 -62 20 -97 61 -20 89 57 -88 63 73 13 -93 55 23 -97 -64 -9 52 46 42 48 27 61 -82 -25 -35 -12 -18 23 0 13 -29 44 -88 -71 48 43 -1 58 -29 9 -55 5 -31 -77 -22 22 15
56 -65 86 77 41 21 61 -59 99 66 -51 -82 -100 -100 -45 11 -63 -30 -97 49 -90 -10 -73 84 94 32 -6 62 -75 34 40 99 41 44 -28 -51 -51 -66 43 78 7 -16 -52 -4 -17 -73 -86 43 -84 -14 -52 84 -64 -18 -72 -88 64 -62 80 3 -81 63 -73 -55 22 66 -70 8 -19 -48 64 -6 -26 -96 16 13 33 -36 -20 -24 70 -33 -66 73 67 26 83 12 -80 -90 -80 18 7 -30 25 82 -83 55 -81 49
84 53 -66 -67 40 3 25 71 30 28 36 55 -81 -2 36 14 7 40 94 99 -87 5 -89 -79 26 3 -17 -82 81 -14 -47 95 -80 4 49 -6 95 -28 -50 -10 8 -38 -78 19 -93 -51 29 -11 52 -69 -65 -70 -97 -6 69 -42 -53 76 32 -1 -49 94 64 -55 -55 -55 -32 18 -57 -18 90 94 -78 -74 36 -66 -5 83 -60 -55 36 -38 55 47 35 20 -73 88 -40 -65 9 -61 -86 -78 -53 -8 -94 -24 17 72
-78 -81 -4 -85 13 -48 -78 5 -12 -42 -19 27 -21 11 53 -86 -7 21 57 66 -46 53 3 88 51 -45 47 78 91 36 -9 64 46 86 -88 46 -90 -40 38 43 -52 -21 -54 -85 49 -7 -89 -31 -88 -62 -45 10 89 -68 -20 30 47 68 51 78 70 -49 -90 -56 23 28 69 85 -28 -89 87 74 -84 48 -93 -29 -22 72 54 -27 89 1 -60 82 -84 -1 77 -51 -73 -27 -75 89 -40 92 -93 -61 -11 -71 36 -48
35 -75 2 96 -54 -61 3 -64 55 32 -35 -11 92 -94 -16 -17 -83 -70 3 19 -85 -73 -53 -77 -76 16 61 89 -42 -1 -49 26 36 -34 36 -96 51 42 98 -98 87 -60 -6 -99 -54 -12 -98 -82 -66 3 44 73 7 82 -37 51 -45 -60 -35 -52 -8 55 -52 2 16 99 -28 -86 10 39 -12 -63 -96 -4 -33 53 -20 -97 -53 -17 -74 -46 10 -93 -64 35 -20 -32 -94 38 95 63 41 30 -39 -73 69 8 55 -24
59 92 -62 77 -11 -43 89 45 -78 0 20 38 96 42 24 100 -31 27 46 12 76 -44 -64 -73 -90 36 47 -13 80 -71 -1 -29 -97 87 60 33 46 -77 -7 -79 -25 17 75 85 -54 53 93 -93 44 -50 21 22 59 24 35 -93 15 44 -39 -24 24 9 -89 62 -90 82 76 -100 -44 -13 39 -83 -92 -35 84 17 -4 23 42 85 75 58 37 40 63 43 -30 -15 61 33 33 -7 -79 69 97 16 -54 -6 2 87
-95 -29 -55 82 65 -75 21 -92 12 62 -18 -16 44 4 24 93 -16 23 32 58 33 -98 79 1 43 2 -20 -84 86 -87 -77 34 91 78 -32 39 77 -75 25 -8 69 92 56 -44 55 -36 26 61 14 -9 53 -24 20 -89 -12 -58 96 -58 -39 77 -62 -65 -94 -99 -63 30 -96 -62 -83 -48 -10 40 -72 84 90 -79 -59 -39 70 82 -43 72 -11 40 47 53 -56 73 77 41 2 5 30 -78 99 86 27 31 -34 63
-80 35 11 -58 43 8 -59 97 24 0 72 79 -39 -93 74 -89 57 -16 -71 -10 50 56 96 -76 -76 40 -80 -71 34 99 83 78 46 -66 -47 86 30 -99 -28 76 66 91 -72 -10 5 74 -43 -62 44 62 53 -29 -78 16 96 -92 -32 -58 -10 -20 77 66 87 72 -69 96 -38 -29 58 -87 21 88 91 55 -6 6 24 -83 -37 94 90 18 -86 -67 -94 -98 -16 87 34 -55 91 6 -78 -6 -15 67 61 77 1 -19
-48 70 -78 93 2 -43 -87 -82 32 -33 -73 30 -8 48 78 -84 -86 91 21 55 39 -47 32 -72 -41 35 69 3 -16 -92 40 32 -78 58 13 -1 41 45 61 -3 -11 17 41 21 79 -29 -30 -18 88 41 37 92 -79 -73 41 -77 43 36 94 65 78 23 -65 32 25 -52 21 -32 -18 -33 -57 -56 68 -62 61 -23 90 98 -28 65 13 -71 56 -51 -66 -9 -24 -63 -55 -71 -24 16 -89 47 -86 65 -12 83 11 83
18 -78 -21 -76 28 63 82 80 73 -53 96 17 -63 -53 2 -11 52 -10 -16 18 69 -90 -66 89 77 4 97 -64 -25 -60 -84 45 56 43 -85 -44 -88 -92 58 27 -19 56 7 -6 -16 -27 45 90 -61 19 -40 91 64 -86 75 -36 -76 -28 -63 12 -16 -56 -86 68 -26 45 46 43 -36 -24 -78 -67 -21 -49 -76 47 57 -10 -40 -91 79 -89 69 -81 -22 -67 67 75 50 -24 -28 64 82 -21 -43 100 -36 69 -92 -92
95 46 -37 -60 -87 -37 39 -72 -13 -48 50 -71 -27 69 -27 64 -84 19 -78 94 13 -31 -68 -21 21 99 79 -51 -89 30 7 62 60 -65 20 14 -18 28 51 61 -85 5 100 86 -19 -89 -74 67 -21 -11 -67 -14 47 99 90 27 -34 37 0 -85 37 22 77 -84 33 -83 52 -70 55 -66 -80 -9 57 76 1 -67 19 39 -13 40 -17 -70 -98 -29 70 -10 -7 -33 43 -20 39 29 -73 -65 -10 -89 25 -65 16 -18
-19 95 -89 47 -63 77 78 -28 41 84 -90 27 51 -18 35 -94 -44 -65 -13 16 -53 -72 61 -34 74 -96 -75 -27 -2 15 95 -65 15 -49 -65 55 -11 72 -59 24 69 -18 -61 38 -45 -87 -3 50 99 -97 46 -55 -61 97 38 -3 -25 24 -35 30 -5 -88 31 6 -38 -58 -93 -61 -9 76 36 -79 86 78 0 -26 96 -68 -46 28 81 53 98 34 -71 30 -13 -27 -45 -94 -64 -49 -55 -50 -5 -97 69 -63 56 -14
-49 -8 33 -30 -63 96 -43 27 88 9 -52 -69 33 44 -79 -53 -41 29 55 -5 60 39 35 46 -57 6 -42 -60 66 -16 -95 -59 56 69 69 -81 -69 36 20 -23 96 23 40 -92 84 -33 -43 12 -18 -74 -35 65 -98 87 92 -69 5 -71 -2 36 -2 79 75 -34 -20 3 -29 -56 -64 70 -88 -94 -4 -96 -14 0 51 92 60 6 60 75 -66 2 -100 61 -12 -87 55 80 -78 98 89 -65 -22 98 49 44 59 43
-19 -57 92 -60 39 26 -5 17 95 -33 -74 -96 71 21 99 -97 -60 15 24 -92 1 -27 -60 -58 -35 -4 13 -74 -89 -7 -60 -8 26 87 91 44 -3 40 -27 -23 -55 -38 -5 76 -78 -66 66 14 65 -23 -43 -46 -100 33 31 -68 -43 -41 35 86 -89 -9 59 -98 -37 42 46 -91 -57 -77 -58 73 35 -1 -21 35 -18 1 -2 66 -48 -86 -31 -3 -48 -74 -33 65 67 12 -2 38 -67 26 -48 77 -14 -43 42 -49
-88 9 -50 -82 -84 21 -35 90 -73 44 50 59 82 -79 -67 60 -16 82 75 -19 -91 -37 11 3 16 98 -8 -67 53 85 -67 59 -23 27 -96 7 -10 -16 80 -1 -44 54 67 11 56 -79 -15 64 -4 83 -11 20 87 -40 72 79 38 58 12 93 27 -39 79 83 36 59 66 -82 -12 -11 63 -33 82 100 -41 29 69 71 -74 100 -53 68 13 -58 -99 -33 69 60 33 -97 -21 -27 36 -23 9 53 -100 29 99 29
6 -94 70 -43 -85 48 -19 -96 92 -62 39 -19 -56 50 -100 7 30 -89 -47 -25 -72 41 -83 14 64 -24 -71 38 88 19 -78 52 -10 15 -18 26 20 83 92 21 -89 -65 41 38 9 11 64 100 28 73 59 30 45 17 57 -67 -46 -83 -19 -88 55 74 92 -21 64 71 -6 -49 61 22 -58 28 -60 40 49 83 -20 36 -37 -48 39 78 70 -38 -13 -42 -78 29 21 -10 93 96 1 -77 56 -88 -92 -63 74 56
47 33 67 32 -100 -95 -31 99 38 92 -4 23 97 -95 -67 -99 3 48 -19 70 48 16 -98 65 -50 40 -51 95 45 -88 -79 -55 -18 93 -90 -33 84 69 -80 -67 -100 -78 -39 -76 45 93 35 -4 9 -16 -22 0 40 54 18 -44 -25 -70 75 49 0 69 -34 -16 72 86 77 10 -93 -80 13 -13 57 70 -83 -52 73 85 64 -98 2 -28 63 47 -11 -99 -49 -32 87 -37 -38 14 12 100 10 27 48 54 30 -45
67 33 11 51 10 79 -38 59 -36 49 85 -5 -72 -26 -22 87 -63 -46 43 60 -56 -83 81 99 65 -99 -8 -13 -59 21 -56 -76 90 59 -61 -17 25 67 -29 -81 45 16 9 -30 -97 -10 91 -67 -6 28 -94 -28 12 -85 3 -22 -40 -63 98 -3 47 -68 -81 16 26 23 -42 41 -96 -88 -98 -1 -44 -85 91 -20 -34 100 50 -87 70 -96 -79 42 -100 -1 -16 78 -21 25 55 -21 100 -97 -76 -75 90 -44 -60 19
70 -45 -94 17 19 -20 -32 21 56 60 -100 -91 -25 -26 5 -28 -37 -16 -75 25 -29 -97 78 27 -54 71 -5 98 -45 92 54 13 31 50 -1 10 23 50 97 -49 26 34 -25 63 83 -41 -7 -38 75 81 -35 81 -50 -1 67 -43 -81 97 60 -71 78 63 -43 78 71 34 81 86 -15 50 -49 78 65 95 -24 93 -53 -86 2 -2 -95 1 64 72 51 9 10 -30 -34 -91 -9 -23 67 100 17 23 -59 58 6 51
72 -99 -51 -95 69 85 12 12 -47 64 31 50 62 31 -35 -85 -81 41 -11 -7 -28 -71 -98 -69 -71 69 7 -54 60 -36 -7 64 66 -24 -26 96 82 -7 21 -8 16 20 -89 -14 -24 -1 -97 -3 -76 77 -92 45 72 -89 -16 97 -59 38 -53 -66 75 90 10 54 91 100 49 31 -28 15 51 31 50 2 -40 -59 -100 -85 27 47 -100 -42 -30 -12 -21 -77 -79 31 1 99 25 34 95 -43 100 -32 -61 -41 41 -44
-37 63 -6 -67 -97 -27 -75 -29 19 -99 -77 49 50 -68 -71 -33 96 34 71 -46 -24 -76 -12 58 -51 -11 79 55 -56 -30 88 92 -15 36 85 87 83 86 -74 54 -17 100 57 -25 -79 89 47 -100 95 -48 -90 5 60 -62 -17 -80 -95 38 -59 -99 -82 26 -22 -27 12 -98 31 51 -5 -100 59 -6 20 94 11 84 -11 18 -72 57 -34 58 -5 -7 7 43 -22 32 88 15 -70 41 -58 -69 -16 75 -12 76 31 -79
81 12 49 -59 97 55 73 -77 85 11 -70 -95 -98 35 7 -48 88 75 -40 98 -39 93 -38 -99 -19 -1 -27 -41 -23 10 -42 -12 49 -72 52 -82 -77 53 55 -77 22 11 91 -97 -61 64 -98 -12 -12 -50 55 -51 -66 -84 42 -23 52 -54 -44 95 -56 88 -80 -58 -24 -97 11 -49 20 38 10 -88 -5 -14 -72 -96 -76 -43 52 -68 62 2 86 -2 35 -27 61 7 51 0 -92 -57 33 -69 -75 -24 -44 80 -4 20
5 83 67 71 58 -39 86 56 -30 -72 -12 -30 -6 19 -26 -76 17 -28 9 38 90 74 57 -28 69 -41 -32 -54 62 15 13 -51 -51 94 54 74 37 8 40 42 -1 20 35 100 -67 74 -83 79 34 -39 -97 -37 -44 78 -90 34 11 -77 -89 -35 22 -52 61 9 21 7 -42 7 -42 91 -22 41 -76 98 -76 5 -14 50 85 -74 -20 -69 28 -4 -86 49 -41 84 -90 -93 83 -32 80 -83 -49 -22 -16 1 53 -85
75 -87 94 -33 -20 8 -32 62 -26 21 14 -41 -37 -57 4 87 15 32 -16 -28 21 85 -3 -4 -4 40 41 -95 -24 -1 -6 -42 100 83 -1 -29 80 -99 70 -78 -46 -4 30 -55 72 44 -19 -69 -41 44 -34 74 -93 -89 -80 63 12 3 -77 81 86 100 -68 83 64 96 -11 91 18 -99 68 -61 61 87 -6 71 -53 -9 -65 85 -17 -36 6 -69 23 -7 22 -26 31 35 -76 45 -87 -32 -70 -30 -85 -79 -78 -46
48 -28 19 -81 -11 39 51 12 76 55 -41 78 -91 -4 10 -33 -1 65 84 15 -67 -10 4 0 32 49 -52 70 62 -6 -17 53 40 -68 -41 -3 -49 40 52 -31 62 -85 -99 64 19 11 -70 13 -16 -77 -13 -10 -69 -58 70 74 13 67 65 -93 66 -36 24 -84 88 46 91 -13 73 -3 71 -88 58 -54 -43 -22 38 25 -69 97 75 87 1 29 47 10 11 -23 62 49 -95 -47 -39 70 46 -2 0 71 -45 -93
-2 60 26 13 -19 -81 -3 -93 -33 -41 98 -31 -59 -74 -44 -73 -26 82 -19 2 58 -49 83 -81 -83 -88 33 -75 -85 -44 25 -95 -91 -39 -27 -21 -34 91 50 38 -29 -26 84 -71 19 44 -27 31 55 40 -75 21 59 68 -63 4 48 90 -50 -74 -68 -100 41 60 63 36 -85 17 49 -95 6 52 61 -54 -66 -25 86 46 -11 96 -70 -21 49 -99 6 11 -88 43 -35 43 29 -24 -6 100 -58 20 63 -69 -9 81
-35 -56 -30 -37 9 37 32 -1 94 29 77 95 79 20 24 -7 10 47 5 66 -60 -100 -84 -30 -6 66 75 -90 5 86 0 -85 -84 -5 -67 -89 -47 -77 -12 38 9 43 67 -14 -58 98 23 36 57 74 79 -55 71 23 -85 92 75 88 -34 52 9 -51 -7 -92 -56 10 -31 51 95 -33 -46 38 -96 87 100 -98 39 21 62 20 94 -91 -24 68 77 -83 -89 -39 99 40 -75 14 -93 57 -67 -40 41 -75 19 70
24 -83 22 64 -36 14 -32 15 -35 -31 -7 52 47 24 -82 67 -95 24 -33 59 2 -41 100 -63 -78 3 72 -28 -28 -81 42 76 -33 -78 -3 -99 -22 57 7 -22 -32 43 4 -31 2 -18 -53 27 74 79 85 14 96 16 15 100 66 -31 -42 -39 -47 28 31 -6 50 74 -93 64 24 48 -38 73 -41 -36 -47 -89 -61 0 67 21 91 44 49 83 -100 -97 -100 -90 -57 -57 -57 13 -89 78 100 100 -40 54 42 -46
61 -98 -45 -30 55 96 18 96 -55 61 -5 44 65 96 53 -43 -29 -59 92 -55 57 -39 67 93 84 38 68 65 47 -33 -86 -21 -13 -98 45 17 51 74 63 64 -45 62 -69 -22 6 52 -50 88 -100 34 -77 93 -47 91 51 83 -6 -82 86 15 79 70 -32 17 -55 72 32 -86 88 89 -45 89 45 -71 72 -99 59 50 -41 45 -37 95 -10 -9 57 -91 -14 92 -15 -95 -13 74 -67 -30 -20 -19 -90 34 3 16
-3 26 -79 51 -21 -38 75 27 26 47 -89 -11 91 -96 27 86 39 96 -30 19 40 70 -86 -62 83 15 -19 -60 -24 52 -77 80 -59 -90 -24 -40 -48 -1 56 -36 -12 -66 -93 58 -13 40 -83 -33 58 82 -6 -66 -66 -13 15 -48 36 -97 89 -64 -15 14 82 -83 -30 -14 -60 27 7 -8 -60 -87 21 -75 -20 57 29 -21 -96 -9 0 -6 45 92 65 -99 93 31 38 -13 -34 74 91 5 -70 -26 -49 20 -96 54
71 41 -41 11 -27 -48 -18 -73 -54 -79 -33 -56 -11 -82 85 13 -44 3 -88 44 -31 -80 35 -37 -81 -82 -78 99 66 68 -87 -46 -22 18 -89 -62 75 50 35 96 -84 1 5 -71 -19 -22 26 98 31 49 32 29 45 74 -32 90 21 42 -78 -72 41 -24 -76 40 16 -32 -33 -61 4 -49 -78 -56 -86 -82 34 -33 -4 66 33 -2 14 61 60 6 56 64 -46 -26 12 25 65 7 -20 -97 36 58 -39 -98 94 62
-15 -54 -1 -17 -78 46 -24 44 27 -91 2 -3 -17 -80 -2 -8 37 81 56 -4 -8 73 90 54 -27 -64 -37 -5 42 63 -13 82 -79 17 36 -5 88 66 -99 -3 -49 57 76 94 -98 29 82 -71 88 -84 1 17 55 12 -86 87 65 46 -9 -10 53 53 -68 -96 -78 -63 41 65 -18 85 -74 51 -3 14 -25 47 -16 -40 35 1 -11 -43 19 69 74 36 30 59 -58 -47 55 -25 -74 -7 26 -42 -36 71 44 58
-13 24 11 61 12 -31 78 -76 -88 -55 -89 -59 -29 58 -34 75 -42 -53 -69 -15 -96 69 -74 -73 -26 50 29 -16 62 50 8 36 46 11 1 32 52 37 2 21 -55 -99 -37 25 75 21 -3 84 -99 -81 -65 58 81 -52 -12 62 -58 -97 76 -58 78 30 -94 -92 -59 80 25 51 65 -6 26 57 74 -66 83 -96 -38 3 -88 -77 38 27 100 -32 -36 -44 -65 -20 75 12 -85 -43 -92 -63 -61 70 31 -55 -78 94
36 -78 59 -50 41 -88 78 15 -56 6 98 -46 57 37 91 9 -69 32 11 20 3 -46 -1 82 20 55 25 -6 -78 87 -45 46 -52 -50 73 60 -16 60 -31 42 -93 -36 -81 55 6 63 47 39 76 -43 87 -98 89 47 -87 72 73 86 77 62 -72 36 23 40 56 63 69 -89 -36 89 -71 -95 -60 -96 -79 -86 63 -71 -19 -23 -80 4 -11 30 -85 47 94 -98 -100 81 -43 23 80 -75 -95 -72 17 75 -52 -51
-100 -80 39 24 15 -42 22 19 -80 -53 40 52 -97 43 17 -25 -53 23 -31 -17 69 34 -94 -84 -45 -74 83 -19 82 -100 -91 14 -89 60 -3 65 -3 12 -44 -97 86 15 -75 -52 -39 17 58 81 92 -7 -9 75 -60 -73 38 100 -73 67 97 19 91 5 7 43 -29 61 -26 22 90 -21 99 58 95 -43 85 8 72 85 60 -64 -54 23 28 -86 85 -93 -5 -17 2 -75 28 32 -30 78 82 -46 -31 100 6 51
44 -88 62 -2 60 25 33 34 -49 -88 15 -22 -28 32 -23 33 -22 -83 31 27 -100 -28 -23 -73 84 -32 -59 89 -34 94 -58 -47 46 65 -48 26 -26 -55 64 92 -48 -65 -1 -91 -59 -51 -32 -94 45 -85 -20 -78 -48 100 -21 100 80 -25 -73 -60 -70 -43 87 -7 -31 26 -47 9 19 -85 63 85 82 -64 -13 -31 -92 -92 57 -34 -68 19 58 79 91 59 96 -45 11 -56 -54 31 29 -96 -72 65 45 -40 95 12
32 -17 -1 -13 68 24 20 -13 81 -78 -37 44 23 -17 77 18 71 89 29 35 -17 -60 86 -8 22 91 82 86 85 33 67 21 -45 43 59 45 69 -52 -35 46 53 -98 67 -100 -13 71 30 20 55 37 -79 60 -83 -3 -64 -63 21 -22 17 74 25 99 -63 -41 -99 -22 -9 -89 13 -72 87 42 27 5 46 -24 2 -69 59 15 -9 6 57 11 -70 -38 -16 34 82 59 36 -38 74 97 16 61 -51 -42 -3 -39
-4 -94 40 92 -41 99 -96 73 77 -17 -39 -61 -25 76 -73 -78 15 49 -11 69 76 -72 -57 -54 -24 28 34 -86 32 -19 98 94 5 98 -73 8 22 -67 86 49 38 -60 37 -83 37 -40 -86 100 -40 28 43 -57 -28 -3 -47 97 13 -93 80 -36 44 83 -34 92 19 7 -66 37 -70 -93 -98 82 57 -12 -84 -46 81 61 95 -89 -45 97 35 92 -40 -53 11 -81 -17 100 26 -17 10 99 20 -39 -69 -82 -75 75
7 29 -14 39 -82 -99 -10 0 -14 71 68 -48 -26 63 10 19 56 43 73 -8 -18 6 26 88 -57 -44 -11 -53 -86 -42 -62 59 26 84 32 -13 40 -43 15 9 -61 -36 0 -85 -28 -28 70 -56 90 -21 88 97 30 -32 20 -44 -93 94 -34 -3 -43 -23 84 20 -27 -5 -98 81 13 47 49 1 55 2 36 73 75 -58 61 17 97 -88 55 -28 31 97 -17 -38 59 49 27 6 53 32 -24 -36 31 29 -37 43
-25 55 13 -13 85 -14 -20 12 93 48 -32 -77 -13 -60 -57 13 -82 5 -30 -67 2 67 -42 28 -6 -8 -74 85 -61 66 -13 100 92 -8 12 84 45 -94 63 -63 -22 38 -90 17 -29 43 3 -87 -42 80 -40 83 -98 -21 -99 -86 98 40 -67 81 -96 94 -30 -83 -10 -70 -4 0 46 -91 -35 43 42 10 52 68 100 62 -57 -63 42 -66 90 70 2 23 25 -28 80 -85 59 -39 -59 -16 14 -94 -65 27 12 -43
92 24 -52 -55 -81 -61 -67 -99 -68 68 -48 28 -55 -67 56 80 93 -57 -53 56 44 -28 46 63 28 -71 23 -59 10 -29 -6 -19 -1 95 -38 -36 23 2 -54 62 75 -80 -35 -57 17 -33 58 -55 43 -16 27 4 -44 -78 -43 5 61 77 96 10 -90 -55 -27 25 -88 -67 -30 76 47 74 31 -47 54 -92 -54 64 69 47 57 -78 -56 -75 -51 -86 -10 54 -15 12 -19 -74 40 88 -14 99 -74 96 97 -40 4 48
25 -20 54 0 32 82 -14 47 100 16 40 11 -54 -61 84 -24 -41 75 -98 -28 -81 -50 86 -71 -55 -66 -38 18 -80 49 9 -81 69 94 50 -93 67 38 52 -40 56 71 57 93 38 18 -53 -34 -52 26 48 -31 98 20 -89 91 94 84 19 68 -3 -55 -26 -59 11 51 74 -53 69 4 -2 55 -75 -24 -15 -45 81 -16 -76 -98 6 28 0 -45 0 48 -18 48 -61 -83 42 -58 41 96 -29 -16 75 -84 68 -63
36 -91 17 -50 25 -34 -75 -75 62 -72 -81 94 4 18 25 -74 -55 -18 -97 -86 79 -61 24 -95 -30 -83 78 -90 -49 -13 -31 -34 -99 -100 63 72 16 -13 68 -24 18 54 -79 -36 48 70 34 49 89 12 62 -99 82 74 -8 -66 9 -68 21 25 32 26 -27 75 -23 -1 87 52 -46 -100 66 -98 -89 -13 -18 -13 -60 70 -15 24 18 63 94 57 1 -89 -45 100 59 13 37 29 -81 -25 8 85 50 -22 66 68
96 -62 -33 -40 -56 -31 94 -70 45 -85 47 -14 -56 -69 -41 -5 76 -42 -2 12 72 -75 54 50 -49 -63 -3 -73 10 80 -87 21 -94 -52 85 4 60 86 41 90 -61 5 -22 -93 93 -7 26 -72 30 -53 88 90 34 86 73 97 72 66 -73 -74 -87 16 -83 93 3 -99 7 -3 19 9 9 1 51 -27 -66 25 -15 38 -13 6 -96 -88 17 71 11 -10 -56 -78 91 65 69 -58 -47 6 62 -31 -52 -78 -87 -81
12 12 1 -74 -3 47 34 66 -64 13 -99 -49 -86 62 -60 57 -30 90 -29 21 42 48 34 30 -40 -63 -60 -15 53 21 -80 -96 -34 15 56 25 70 -67 -22 5 -34 -28 31 -36 52 52 22 -19 -75 -86 70 40 -13 26 -85 -29 -72 35 -3 57 -57 39 14 -74 -32 55 -54 -43 75 65 -24 -51 57 -48 -19 68 81 70 -74 62 -64 -54 7 29 0 -72 60 37 1 -80 46 -82 -20 63 18 62 -39 96 -98 65
-98 57 0 -85 -29 -7 38 30 69 98 -57 27 11 22 44 -16 94 83 95 -99 -9 56 35 18 -6 48 -19 -83 -34 -93 -43 16 86 -69 -61 50 -64 16 -27 -13 98 22 15 55 -42 -45 -31 32 -96 -95 45 1 -4 -47 50 0 -3 4 58 -47 -31 59 -78 59 -69 24 -89 36 92 53 29 -73 -67 47 1 -18 93 73 -44 -67 -3 92 23 56 -36 50 -36 74 77 74 36 -94 -32 37 -35 -55 35 69 -61 -85
97 26 -13 2 -9 20 49 79 44 32 71 0 -55 79 -81 92 81 61 84 44 17 83 77 27 -84 -82 15 52 13 65 -75 -95 54 -76 66 70 -29 29 63 -71 -78 69 -75 12 -32 -100 -48 -32 -5 -73 2 -58 64 5 34 89 -14 -42 -47 89 24 93 4 48 26 -69 77 91 21 -83 -15 -84 55 14 47 -46 5 34 54 4 -60 -97 52 -32 -62 21 -16 60 33 -81 19 -84 -3 -8 58 -1 -95 17 16 -23
60 70 63 -100 -46 73 35 -67 44 -70 69 -19 -79 -12 -40 69 -22 14 12 77 -58 29 -91 -73 44 23 66 28 23 -20 48 46 82 -77 -86 44 -88 82 -30 -2 25 18 90 41 -37 -36 10 -7 -78 3 94 10 -86 -98 -6 66 99 -73 -100 97 32 -94 -99 -64 47 -56 -69 82 -55 -37 -26 -79 -1 86 -66 43 -53 50 15 64 -39 -59 -75 81 -44 32 -10 95 -72 -72 -49 -88 -4 22 -15 -32 -51 -22 97 -27
-4 56 -34 -89 -23 -88 -24 73 99 31 -29 85 -51 -53 -58 96 57 -7 68 16 71 -40 25 -30 -31 -83 -39 -26 73 -47 -84 -20 -17 35 -15 -84 23 -53 -44 75 72 -100 -4 -52 -95 5 -9 -38 -36 29 95 -67 -78 -90 -60 70 -54 -67 -50 -82 43 -43 -28 -60 -59 30 27 67 13 -60 -67 83 -28 31 -77 -71 78 -71 42 -72 16 -40 -2 59 -70 -66 -80 -33 -3 0 -16 73 14 -64 -64 28 96 68 20 -26
-60 27 9 -11 58 73 -48 -79 -86 -35 -58 16 47 -16 26 -64 76 94 -63 57 72 -91 -95 -83 77 8 82 19 -52 12 -47 -43 12 -54 -21 55 59 -60 74 -13 -24 -20 0 33 1 -85 -97 51 57 17 -20 54 -33 70 -16 -59 49 50 22 0 -16 -65 56 -40 -53 85 -48 2 8 -72 30 23 -72 -48 43 -48 -84 64 24 62 -16 45 -76 -28 -16 65 61 77 -60 -48 -89 -73 52 -73 46 57 45 -94 -32 17
-92 -51 -28 -31 -71 66 41 10 50 74 -90 88 -18 43 -86 16 -82 -71 90 -22 19 21 56 82 60 -86 -6 -3 -84 28 100 70 27 -63 -2 6 82 -95 -61 -65 14 72 -28 23 -86 -33 53 41 -11 49 3 -57 38 55 7 61 56 -94 19 -56 59 68 74 4 34 87 -11 -3 -1 -14 71 91 63 -63 31 -69 -63 73 -58 72 -17 30 -58 59 -78 -9 -34 30 1 91 2 -57 -59 89 -27 87 30 81 7 -50
-4 -54 80 -16 -96 -3 -8 -73 98 -93 41 -14 20 36 -30 10 54 87 -5 -68 43 15 -9 68 13 34 76 -98 54 -90 10 94 -72 -72 -14 39 8 -72 -82 92 68 -62 76 -57 48 7 -60 -62 -63 -61 83 -18 -64 21 6 7 -9 -17 -16 -86 -50 -56 -70 -67 9 -92 93 100 87 -8 14 36 1 45 26 88 88 -33 34 70 99 -42 -98 2 -70 23 -39 39 -82 -59 97 30 -54 -26 -45 -97 50 -19 17 -57
-96 -34 9 26 -23 -2 33 16 -62 18 70 -44 -22 75 13 27 -66 -74 77 31 0 -66 26 20 -65 20 -83 -10 91 -2 -41 -96 93 -33 59 -52 23 97 63 56 20 88 -67 -63 70 -97 46 17 -100 -69 -81 65 -5 100 -68 93 -35 20 -2 -43 -31 -52 -14 -33 82 -99 32 -17 38 -60 3 -48 41 38 -90 91 -88 -91 -54 36 3 46 -56 68 -5 -32 -97 -87 70 -18 9 -91 -62 41 15 59 -38 51 40 -62
7 73 67 8 -32 -16 -3 41 25 28 -93 67 46 99 83 -80 -55 91 16 42 68 7 -14 -27 16 -73 66 -25 80 -39 83 -16 -92 64 -18 51 -85 -17 -26 -95 -83 -27 -98 95 35 80 88 49 -76 -40 48 46 29 -57 -83 -10 -56 -1 -62 -5 53 0 81 20 -2 97 -19 23 49 -78 -5 -10 33 -78 5 44 -57 90 2 -56 17 1 21 -49 -81 -79 -60 77 -38 -77 -98 -48 -22 7 92 91 -71 -68 52 65
83 -96 90 -41 -44 9 52 -1 75 35 14 -76 38 31 98 83 26 -4 36 87 58 44 48 95 41 95 12 -30 -4 81 -3 -45 34 -45 37 -12 69 18 36 -66 -97 -34 -29 80 -62 -65 50 21 59 89 -10 -90 -18 19 94 -97 58 56 40 -27 75 -60 -58 45 -96 -73 -10 59 65 -15 -16 -24 42 -12 64 -43 21 55 -33 76 17 -29 -17 23 50 -53 -99 26 82 83 -86 -59 -57 -34 99 -52 64 -43 31 33
-5 -85 19 -22 -51 -27 -46 82 53 52 78 91 22 -47 -59 -10 65 36 -91 69 57 -75 66 78 54 -16 -11 72 80 -19 -40 33 -57 77 92 -3 69 -88 55 58 93 19 -23 97 57 -57 -25 41 66 77 -59 -19 18 25 6 -70 -64 -87 -99 -52 -95 -76 20 45 -19 91 -89 -40 -4 43 -6 97 -80 38 53 95 -57 -20 -83 62 -46 -21 1 25 -38 79 -24 13 -14 6 82 -22 -24 -23 17 78 -77 87 73 -62
39 49 -35 -67 -21 51 -2 64 89 90 79 -84 25 55 73 -34 37 4 -84 32 -98 -60 -2 10 -98 -92 -46 -10 -43 12 -14 72 31 -54 -97 -58 -99 -45 -65 92 59 -70 -96 98 -95 -1 52 -77 -96 -37 -5 100 -59 -30 56 -27 -77 -89 51 -7 -52 0 93 -80 -52 -43 -21 36 -84 5 -4 -40 -63 80 -15 -88 78 1 -57 -32 97 -47 10 8 -31 92 -60 82 -77 59 -39 -85 -19 -54 -93 18 63 -93 -8 41
16 84 19 37 31 -66 -74 98 -51 1 -60 89 93 10 -52 -81 31 10 87 -90 -12 34 75 -3 15 -63 89 59 40 91 -55 15 -46 -91 -83 61 -59 -74 -18 -75 21 -25 99 -55 -47 17 -12 -66 -48 -78 17 21 -91 -80 71 -86 40 -83 -35 -47 -69 5 42 61 -26 8 92 10 2 -16 59 89 31 74 -35 45 65 -97 57 -69 -96 -32 -64 86 23 74 40 -79 6 -85 7 -95 23 29 -46 16 -52 20 55 12
-19 78 -47 25 -7 -48 32 -42 84 -69 75 73 -58 11 -39 -18 -86 -29 67 -100 -98 99 -54 16 63 27 -24 -90 74 -47 -11 -76 45 30 73 -4 -51 4 53 11 -91 98 7 -31 14 80 7 80 73 -73 -41 -65 72 -46 -85 9 -97 -46 87 -80 -5 -27 -93 -86 -86 69 -43 3 -33 3 -46 21 35 83 -69 98 -44 -39 -65 -62 60 29 -88 -7 -82 84 78 76 -71 27 -82 0 94 -65 -25 52 43 -53 -53 -70
-28 -23 64 -63 -14 36 -52 -70 -68 -90 -66 -21 49 -19 68 78 -67 -40 29 89 -38 -94 -35 32 -71 2 -13 -38 68 -8 98 20 -18 -7 -82 74 -35 50 -53 14 100 75 6 28 45 95 -12 -91 70 -23 -95 -56 15 94 -44 70 75 -83 92 -88 -84 -50 19 -99 40 25 -34 -92 23 88 -52 44 -49 62 78 93 -68 -17 -62 -98 -48 22 38 -47 87 -6 69 8 -70 -64 -51 35 75 -71 -94 26 18 -48 -27 -45
75 87 -8 -19 42 -62 -89 -71 84 -67 -99 35 72 50 -86 46 59 -83 -91 -67 97 98 -98 -73 -84 51 -81 15 87 92 -37 11 -89 -1 -67 -87 -69 15 76 -55 89 38 -7 21 -19 -41 66 -48 -58 67 -74 -100 57 1 51 -10 -61 -22 70 66 29 -56 44 -42 -13 34 87 -83 -4 -29 3 -74 56 29 41 4 100 72 -40 -37 -25 61 -10 81 -11 11 63 37 -79 -5 -10 54 41 -87 -3 -12 -38 66 -19 96
-80 14 79 60 82 -30 98 21 85 -27 13 38 -91 -69 26 32 53 -100 -16 92 -97 -19 -77 35 67 68 74 80 68 -4 79 15 -87 27 -34 16 12 55 -3 -66 -50 28 3 63 -54 91 41 94 42 48 44 42 14 -27 58 -31 -43 -26 -40 -42 -33 33 42 -92 -87 -29 -31 -61 -20 -75 33 -27 26 -23 -61 65 -43 90 45 -100 95 -20 44 98 -52 74 24 25 29 -3 0 -4 -33 41 -3 9 -10 -43 -48 48
78 88 0 91 87 96 -70 13 -68 -85 -93 44 4 -1 -27 51 -63 56 -11 85 49 -33 -2 87 -54 46 33 -43 -75 -51 -97 -49 -52 -11 6 86 30 -69 22 -94 70 -36 -55 -94 -49 20 41 -84 -93 -58 -94 80 -17 0 -27 62 -30 26 -7 75 81 -6 -42 -24 20 -53 -62 -98 -43 46 -39 39 13 -47 84 -86 15 -25 -6 58 20 -18 10 7 -32 -69 -27 81 -47 14 -11 68 -58 -66 -34 -26 75 95 -15 54
41 -63 87 -43 19 -73 -92 8 -54 67 8 33 -1 47 0 -77 64 -68 -99 58 -23 -92 45 -22 -59 41 59 25 -66 12 95 19 64 -91 25 -93 64 -54 21 -69 -18 51 -62 90 19 -74 90 0 -31 64 89 96 -86 85 65 -38 38 -91 2 -95 54 52 56 -87 85 4 -19 -98 -16 -47 56 -4 92 27 6 64 -61 -63 -71 -41 18 -7 42 -11 -79 -90 -20 -24 -51 -78 30 6 7 24 -90 -87 24 45 -82 42
-58 71 -43 24 -78 -71 -67 -86 -18 -11 47 93 -94 -56 95 -95 -76 13 -24 -60 -3 37 -31 -84 -55 80 -93 30 100 -96 7 -63 8 85 81 88 12 77 33 27 -81 16 1 -3 -27 -90 19 -61 58 4 -6 45 38 46 82 13 -32 20 -53 -36 -86 -40 36 15 -45 -75 78 30 87 33 89 65 -17 71 90 -31 -47 -91 94 -35 88 2 -32 -46 97 -85 14 80 -74 70 -14 99 6 14 4 23 4 81 15 -16
43 -27 20 77 4 11 -95 50 14 21 35 -93 48 -18 -36 -69 32 -69 -9 -97 -42 -76 77 -82 27 81 64 45 -66 60 -66 -89 -87 29 3 58 40 32 19 89 47 -27 -40 4 -55 -12 -68 -28 85 5 -25 -59 -70 35 -10 95 61 58 30 -12 47 -25 -50 79 74 -93 -18 13 -76 28 -76 26 -49 97 -11 -23 -13 78 61 53 63 0 -9 -32 15 93 1 23 -96 12 -99 -85 65 -86 55 -36 4 9 -68 -74
-4 -30 -2 31 -43 -60 -57 -78 81 48 63 68 99 5 60 -61 -14 -45 97 -8 -59 -18 3 29 -83 -26 -59 -98 0 -72 9 37 -68 -75 76 42 -43 -50 75 18 94 -43 78 81 56 37 -69 -46 98 -85 98 52 3 91 18 -60 33 -6 -8 -82 51 75 32 -98 -85 48 -89 2 92 -66 70 -26 48 -73 36 16 95 -3 -10 -26 11 33 -56 -98 25 -3 83 62 -90 72 -39 84 -49 -34 -51 -93 -21 99 20 0
-7 38 -52 79 -79 73 -50 -53 27 -75 -88 -80 75 -2 -15 -56 -56 31 -17 -70 80 -19 -52 -25 15 46 12 -34 -12 62 -95 -16 71 92 34 12 -40 -18 69 14 42 41 22 -81 -55 -10 39 43 -17 6 -6 84 3 72 70 -90 -19 -89 24 -40 91 -61 -57 40 -30 -84 63 -13 24 87 -89 -49 98 -15 -10 35 64 -30 43 -72 -73 -6 -92 -5 35 -17 -93 -99 71 63 -77 -77 48 97 13 29 18 -42 -36 -60
91 -67 -80 55 86 -6 44 0 -81 -38 100 30 -42 -70 -32 -27 -14 -23 14 -82 4 65 -74 82 -88 -48 -97 70 87 -93 -47 3 51 57 43 -13 -89 -58 -48 -78 -21 -63 35 84 2 -65 87 37 63 -19 36 79 44 -28 51 -84 -53 -9 69 35 -35 -92 62 93 70 -13 72 -73 -92 74 6 -40 -16 -35 -91 61 98 -1 -34 -24 -42 91 6 84 -63 -5 -26 -27 -40 68 -81 24 34 -57 -24 97 -71 -34 14 32
-48 -55 17 16 14 -65 78 -30 91 -48 -97 4 -75 -82 -79 -54 -36 9 -80 -19 -64 87 -79 42 1 4 8 98 -56 91 -43 44 75 46 -27 -8 -34 -69 -35 43 80 -26 -14 -76 -42 39 93 18 -78 12 -53 -42 37 -27 17 -78 42 -22 -20 39 -27 30 43 84 -73 -22 -34 16 -93 21 30 72 -53 5 -81 -19 -65 -46 6 -74 62 97 8 61 -36 -12 -52 0 73 83 19 52 -98 84 68 27 100 -59 65 98
63 -32 -30 -32 69 -96 -5 95 75 -99 19 -24 47 39 -24 14 7 -53 74 2 -99 -28 78 -76 -19 -64 94 -90 59 -75 -92 32 -57 -53 -65 56 -74 15 39 -88 -42 81 -33 -61 -23 -54 -94 42 74 -42 -66 5 36 36 22 -66 -48 -51 76 96 57 73 53 -44 69 51 63 10 42 -85 37 70 -12 -74 -57 2 -35 88 -53 -15 40 -65 73 9 -6 -42 74 19 -93 -6 31 61 -68 -63 -61 -67 -63 -59 -92 68
48 -94 -77 94 52 72 -40 -24 10 35 -75 -3 48 96 -11 45 7 -6 -50 36 -21 -19 -41 -49 36 -6 -61 -90 93 87 35 69 2 71 -2 6 -42 22 33 -35 -92 53 -88 -90 -65 82 -54 -91 39 -77 -59 63 17 -48 -25 0 32 -55 -31 -65 -35 9 10 65 -77 -28 -53 -12 16 -21 98 100 0 -44 -42 12 -48 46 -24 -32 84 -46 25 96 -40 -63 91 -2 81 64 41 -59 -100 64 70 -75 10 97 -60 -45
-72 -1 -76 -88 67 71 -21 82 74 26 55 -30 -8 -72 2 32 28 -80 -83 10 99 -31 -92 -3 -84 -47 34 -77 11 24 0 -59 77 -72 -50 -4 -12 6 99 -65 13 47 80 -87 -71 7 77 -96 -100 54 -1 32 3 -59 -56 66 86 43 -38 92 -53 -43 21 -98 52 -63 -56 -8 -12 47 -52 -72 -70 83 53 57 38 58 -98 23 61 56 89 -86 25 34 84 41 -95 41 -45 90 -59 42 90 -40 -73 72 80 11
-21 -46 21 2 -74 43 23 -26 -84 16 58 61 -51 43 -73 95 -54 -62 -77 62 31 -56 -92 83 21 -72 61 -9 92 5 90 -13 1 79 68 -84 -23 -79 86 73 -26 -21 87 -72 33 46 -68 -46 -52 63 -16 17 -44 16 -6 -42 53 49 19 22 -35 -79 6 -75 31 -63 68 58 36 -50 -32 84 -78 -44 57 51 -88 -95 -59 -86 82 -89 -36 -21 11 95 -79 2 47 -63 -85 80 7 -47 -85 -84 -42 95 -55 -90
-74 48 -61 47 57 62 -24 12 -3 38 75 -30 30 -95 -89 -47 -34 -27 59 76 67 47 -37 -33 -9 2 -57 -29 0 -100 40 -7 -22 -58 -60 76 -14 70 52 -14 46 95 5 -23 -10 -33 96 36 -20 -91 -87 -17 39 -11 -37 18 -59 83 -66 -95 22 -100 13 -68 55 29 96 -46 -83 -94 -65 23 -45 -77 27 -94 11 62 19 -3 97 -45 13 7 -82 -11 25 -79 -63 -11 59 17 74 -69 29 69 -97 35 60 37
-36 -2 -48 -71 52 84 -49 -81 44 71 27 28 -1 27 43 -30 -93 -30 61 93 -53 -10 -50 26 83 35 89 84 33 86 81 -66 -58 -89 2 14 54 73 91 76 21 -83 18 -82 96 -64 80 -83 -97 -69 64 -28 27 85 88 -12 -45 -92 40 6 44 -46 -97 90 8 32 62 -76 85 -86 57 -98 -74 1 -63 -75 -74 -84 86 34 84 -87 19 -75 -59 70 32 -6 -19 -40 -58 66 -29 -68 -89 -84 -31 48 90 -91
67 25 14 -94 -43 51 -48 40 43 -91 96 3 13 -36 4 72 -30 -43 -82 -60 89 -56 -54 -81 -34 52 13 -100 12 -30 -5 -27 -74 93 93 27 53 -99 5 5 16 -2 -90 68 29 -62 77 -78 0 70 95 -53 -87 -92 -56 26 -35 -55 -89 -18 -51 -28 -81 85 86 50 70 3 10 75 16 -54 -11 -73 4 -77 -51 -82 50 45 -66 53 -62 -67 89 -64 59 -4 -17 8 -86 85 -91 -94 76 66 91 -39 -37 -97
92 48 -24 -31 18 75 99 -88 -22 -13 19 -40 3 -35 -27 -4 -45 7 -64 -70 -90 -63 72 -39 -80 -77 -1 -85 -1 -78 3 57 -33 -50 86 22 -48 -53 33 -74 97 -5 88 11 -55 -77 -21 24 71 -39 59 -9 27 -64 -85 -30 48 -79 -49 -74 -20 29 -48 -26 -27 -9 96 -53 -52 88 61 51 12 -71 85 -32 -49 57 58 -12 -32 0 51 -55 -97 4 59 11 -22 66 -57 -86 95 -71 22 26 81 -48 -38 40
10 -4 -27 56 39 55 -3 -6 17 -98 60 49 -82 100 -63 -61 34 56 -64 -69 -80 10 -82 75 -48 63 -82 65 -57 76 -94 87 92 -42 98 48 35 97 40 64 -34 0 30 5 -26 -54 61 -33 67 5 -7 -52 85 45 -31 -81 -48 -96 61 62 52 -78 -10 -89 70 60 95 24 -4 -74 75 7 -74 -48 19 -20 76 43 73 -1 -68 2 67 -21 -2 -26 -75 20 -35 -88 -43 -16 30 77 -60 65 1 -39 -28 82
-67 73 -61 69 76 -85 49 87 -39 76 57 46 -81 9 -52 -45 -90 -90 -25 7 -41 83 -44 -53 -33 -57 65 -59 -96 43 -76 11 69 -44 -10 44 37 -22 81 -92 -58 22 -24 50 -17 17 45 63 -76 -57 38 -44 -14 -63 16 19 56 6 22 88 9 -52 -56 -97 -92 75 -53 4 -29 12 -4 -53 -78 -47 45 -24 72 -7 -63 81 -8 89 23 3 -3 63 -78 19 -21 57 12 -85 82 78 -18 22 8 13 19 0
41 -17 -33 29 1 -96 -74 -30 21 92 -71 -7 79 95 93 9 14 -85 -23 -7 60 -4 22 6 12 -52 83 -4 -7 35 -43 85 -43 -15 66 52 27 -34 -16 86 -45 83 -2 97 8 -80 87 -4 23 -64 50 27 -87 -80 8 38 -55 39 60 0 34 -32 -91 51 100 59 -35 -64 -9 31 56 1 77 -60 89 -79 45 -41 53 23 24 78 -23 17 -51 17 -57 -3 15 87 46 -77 65 37 -74 -33 -41 -82 84 9
98 48 8 87 2 94 11 81 -73 -73 82 36 37 -3 57 -71 -7 0 96 -2 1 -51 19 74 -54 -66 0 -39 -78 -38 -30 -68 8 -70 65 81 25 -51 -26 90 81 -53 -86 93 78 33 64 -54 58 -95 -25 -2 64 27 -99 -19 40 -28 93 -81 -15 55 60 -73 23 20 73 -1 53 93 -8 -42 -29 38 80 -27 -66 64 -27 -77 -88 -94 -53 -59 71 13 89 56 -61 -65 -61 50 -13 64 72 29 -31 -38 37 -95
68 -44 89 -23 -53 -74 97 -91 36 45 -9 -14 -51 -8 56 -64 84 -97 -80 89 -69 9 74 72 -56 -62 55 17 -47 -4 -22 68 5 -62 66 -71 62 -77 -66 -91 -2 -64 94 -30 -31 21 25 53 -22 -19 62 24 -42 -3 25 39 -85 23 26 -15 1 67 64 38 10 87 -52 35 -70 -21 -67 79 -93 -10 -54 -81 -13 -61 14 -80 82 49 89 -22 -82 -41 -79 -75 -12 97 96 30 91 -92 -70 -57 -21 -3 29 16
-8 -80 7 87 -11 -94 -66 -2 37 -40 30 5 -72 65 -17 15 -46 58 -54 -49 -19 -62 -52 15 -22 -87 68 98 87 87 41 85 -86 -93 10 -97 85 -33 9 74 -66 11 100 83 -73 5 -11 83 92 -56 35 -24 -74 -48 -39 -5 25 60 -43 88 32 5 -56 -62 18 100 66 -84 -92 -61 -72 22 45 93 -64 15 55 -1 -60 30 -84 -4 18 -36 -69 -36 -95 50 -44 -66 79 82 42 -35 -71 -46 -52 -7 -27 -31
-57 -45 -28 21 56 24 -97 12 -59 -74 -61 -43 -8 -88 -25 -95 34 1 69 -13 -19 4 61 85 21 13 7 -51 -97 -83 94 59 15 -80 -67 -71 13 100 -47 -57 -71 -66 -87 36 -80 29 84 76 -72 14 17 -7 18 -41 -32 66 -97 14 61 -40 65 -89 72 -100 -75 32 -64 10 12 -76 -47 4 -4 54 -38 -85 3 16 -12 -38 44 68 65 -36 -94 28 -50 -25 -85 43 20 -4 88 -22 81 83 14 66 -15 78
-8 85 -98 -39 -12 -75 75 5 -5 -20 -67 -96 30 75 -3 98 -54 13 -27 -65 46 -52 -22 -88 3 63 -60 -74 -33 0 -65 -3 -54 86 -40 7 8 -35 -63 42 -74 90 -45 -97 -67 -53 -90 -5 -28 6 -54 -13 64 6 30 -9 -90 -35 -82 75 71 -55 69 -56 61 59 78 -15 -12 -26 39 97 74 -24 82 9 -62 -32 30 16 -100 -25 -28 -96 66 36 -25 -96 -83 63 -8 -17 53 3 -98 52 59 33 39 -67
33 -96 49 -79 -59 57 11 -58 50 -9 92 41 38 97 4 75 -97 -100 -60 -25 -75 -99 84 -86 77 85 -6 61 58 55 17 87 -29 -95 57 -88 -9 27 28 39 -93 -98 77 95 -71 -84 -2 75 89 -58 32 88 -65 -95 -17 7 -93 27 -35 1 -74 -17 25 -76 -25 -21 49 -49 42 29 69 -25 -3 27 -39 27 -80 68 3 -71 26 -93 49 91 -55 14 79 19 -5 85 -68 68 100 30 -88 -94 -34 53 -1 73
-65 -23 -60 -41 52 60 100 91 26 86 49 92 33 13 64 -48 -86 55 -81 44 43 -52 46 -46 3 -77 -85 -1 3 81 -41 -84 18 -58 69 -22 -49 27 -49 91 -15 -9 -82 -56 -37 -80 -69 -50 -18 18 73 23 4 -19 59 37 66 -33 19 -37 -18 22 -67 51 14 49 7 -46 15 97 -52 -56 50 72 12 -46 89 -13 -65 -31 67 59 91 -71 28 -61 -55 25 14 72 93 -48 5 -56 87 -35 -61 -63 -16 -25
-16 -5 -76 -62 -49 49 16 28 -49 69 -42 -35 -56 -80 96 -37 35 94 -21 -25 -35 -39 -59 95 11 73 -1 -78 21 -65 -21 57 31 -40 70 -98 -92 32 24 -26 74 7 100 -16 -55 13 95 9 1 -80 27 29 -8 -14 58 -19 -53 75 47 29 -7 -75 -68 -78 -35 72 77 -70 63 -88 68 -85 -12 -79 27 -22 43 73 28 37 -23 -94 20 -90 88 81 -54 -50 98 60 32 -11 -44 39 -31 97 -91 -32 -17 26
-48 65 -39 -61 29 88 -26 -44 2 -88 75 82 -39 74 43 -49 -55 94 -99 -68 14 -63 -65 13 -46 35 -35 40 10 27 61 51 28 -15 -36 25 44 -52 -74 54 94 -80 96 28 -51 -6 15 72 -13 39 71 -56 -43 -84 38 9 94 61 70 68 -22 -78 62 -87 13 73 -67 50 26 10 -7 51 -92 74 36 27 -65 -85 -1 -4 -85 -43 -62 -1 68 90 -17 -88 -21 -98 -47 84 0 61 -3 -98 -24 52 -95 92
-74 7 92 22 29 -8 29 94 -45 74 58 -56 -10 41 15 -92 65 -8 -78 -63 -23 9 -80 -25 -7 23 -9 42 -66 88 -21 66 -79 33 59 -88 58 -92 -14 -100 -15 -51 16 44 -99 -50 0 54 -35 -76 -94 91 -4 4 -39 -23 0 -46 -87 22 -16 -3 -8 63 81 -70 -16 89 19 16 -86 -4 -18 -7 74 -96 77 29 22 77 -39 -59 -79 -89 -35 -38 99 -51 30 23 -67 55 -62 -81 49 -33 -11 25 -12 90
59 -38 49 -34 -64 -42 -98 94 33 53 -95 -22 -67 81 7 -33 -30 -13 -67 23 35 -47 -3 -26 84 49 -78 20 -20 -98 -48 -66 -91 -100 -42 -100 49 55 -78 -11 30 46 -33 67 89 93 -60 -72 35 -65 -98 -72 58 -44 -81 75 -34 -65 70 -5 -67 57 -61 10 -93 -9 -12 -71 -91 -8 91 -25 -82 42 100 60 17 -24 87 -13 1 70 78 -7 -92 33 13 27 -5 -84 28 57 -70 -62 -10 95 -55 -25 -79 -13
16 -1 -26 -98 78 13 -60 -90 -17 -92 17 -2 -92 -67 -76 -66 -31 71 -16 81 -92 38 43 -56 14 5 -12 -64 85 -33 89 -70 71 50 -73 -44 -5 -70 -7 59 12 -97 88 52 -40 -84 7 0 -51 -13 9 91 47 -47 26 -26 -1 71 -36 -45 17 -78 -68 33 51 -79 -10 83 58 18 -15 -100 33 -76 43 -61 -74 -34 49 97 -36 33 -19 60 8 90 68 -31 -75 86 11 -55 -4 -18 -43 -41 -51 -30 -29 -69
-22 30 -53 19 84 18 48 40 -67 6 -43 46 42 -3 84 85 87 -18 -70 -69 84 56 -68 -25 -55 -11 49 -93 27 98 -36 21 63 76 97 -18 52 64 100 -2 -92 65 6 -4 9 42 -15 68 59 76 -54 89 38 41 60 10 60 86 36 -70 76 -23 -91 -73 -58 84 61 -33 76 18 -10 51 -67 -70 -83 -20 -12 -41 -87 -83 -25 81 -76 76 67 -2 -50 -97 71 -67 -77 51 28 -16 25 -27 -58 9 -29 -61
50 95 -81 -68 -30 75 93 50 -32 41 -65 -31 -9 25 -95 14 99 -79 -70 -51 27 69 87 15 -13 55 -3 8 -7 -91 -55 -73 43 -4 19 73 87 -67 56 -46 31 -75 70 47 -43 69 -86 66 94 90 -65 -47 -72 -69 4 -9 77 29 90 -46 -89 12 32 23 -16 -45 -6 50 39 -61 50 -40 74 -96 47 25 -10 72 -26 -45 66 -87 -43 -59 63 -27 96 -33 -32 63 6 -42 28 48 90 -23 4 -89 -27 49
48 -13 54 9 -28 -65 -47 -51 -9 -96 -95 -33 -8 34 -50 59 69 42 18 92 -75 2 13 -82 72 -26 -83 -13 32 -14 47 -8 56 3 -33 -78 59 85 -30 87 97 -13 21 -27 35 -47 8 48 -53 13 -42 79 -50 24 40 50 93 -54 -58 -99 83 -3 57 68 -81 17 -72 -65 97 -77 -50 -53 -9 23 -67 -94 -85 55 85 0 77 -72 71 69 -52 21 -62 72 -74 -9 63 69 -94 -82 9 48 58 96 -35 43
76 30 -72 -17 -87 9 -92 -33 43 80 -40 49 -86 90 -99 -29 -91 -50 24 25 -45 13 37 -44 -62 -54 -2 62 -85 82 -65 -26 -3 50 50 -6 98 -88 -13 -41 71 25 25 18 -82 15 -48 -29 23 42 -63 35 40 -69 25 14 81 -74 93 29 24 41 67 -99 -62 3 -91 7 88 84 -7 88 81 91 58 -6 -4 100 -74 54 -59 22 92 -30 -75 44 -10 -6 3 38 61 40 60 94 8 98 50 50 88 -84
-42 -18 42 -25 59 -43 21 57 91 0 19 -38 -84 -44 26 -65 -88 -47 79 -29 -26 -6 95 -33 -53 -40 -91 84 50 -55 20 71 7 61 31 -99 59 27 40 73 86 84 -24 -86 29 43 48 -61 -89 58 -3 -26 -81 -5 21 -7 62 -42 -32 54 46 -48 65 12 53 92 64 24 31 55 53 30 81 -38 -78 -56 49 76 62 -94 62 80 58 -75 -20 51 -55 -30 -62 99 -36 -11 97 -65 -91 -89 -12 -85 86 -88
16 32 83 12 -94 -4 92 77 -57 63 11 -47 -40 -55 39 -18 44 -18 44 -96 -37 -44 76 73 58 37 16 54 -25 55 -82 4 23 45 23 -25 -95 -73 -5 30 39 58 72 26 -81 72 -7 -96 -14 52 -92 -67 -67 57 89 58 22 -46 65 -7 -79 25 -72 -65 -60 44 -44 72 -79 4 -32 -6 100 -5 -98 -12 -11 -25 79 16 3 39 -52 15 51 -80 79 -53 -49 0 92 3 -38 29 29 98 61 2 -59 76
-4 32 38 52 -51 84 65 50 43 -23 39 -10 62 -63 -62 99 97 64 -82 -16 -41 24 48 20 70 -51 -40 97 -76 -11 73 46 -22 -38 81 -62 -87 -56 78 -97 74 -31 29 -4 82 -34 79 -44 93 96 74 83 49 -6 -26 81 93 -67 11 -15 -61 94 -91 92 78 62 -60 -28 -94 -38 91 -43 46 42 32 94 10 66 87 24 -15 27 65 -85 19 -100 -7 52 -48 23 -67 -69 -57 6 35 -72 -16 -47 -18 0
