100 100
0 -47 -1 28 -48 -56 -66 57 -89 38 49 100 57 -43 -11 35 13 71 -91 -62 74 -30 -3 82 81 -25 75 83 28 72 8 -73 11 80 99 -26 92 -86 57 -66 24 -30 0 24 83 1 7 96 -97 -5 72 31 93 32 69 -36 71 -100 44 44 100 -64 87 -56 -100 -15 -66 25 -53 1 25 -12 37 68 93 -27 86 -18 -33 -41 -57 -9 -89 77 -83 42 -39 -92 67 69 -58 60 54 59 84 -99 66 28 53 77
-41 -29 33 25 91 89 -8 -98 90 -81 -75 18 -92 -70 87 26 2 -7 -89 -4 59 89 80 24 70 37 -76 -69 85 -95 -56 -43 7 96 55 -32 72 -42 -3 65 -12 -34 -93 -46 95 33 -99 83 -30 -99 -22 26 -22 -47 60 98 -47 -39 32 58 -14 -15 38 -7 17 -20 -97 -15 -32 -34 -34 18 -90 -8 -34 2 96 -51 19 80 90 5 73 0 -25 -3 13 63 56 61 -50 37 96 -62 -100 50 68 -94 -57 -29
-16 -100 97 83 80 -26 87 52 -42 91 -75 70 -42 -43 67 -11 58 -12 -12 48 -59 -90 81 -73 -28 -83 36 37 -47 5 79 -51 -30 -2 36 30 60 -100 -40 -94 -87 -3 -32 -93 94 -81 -97 11 -39 -96 56 46 85 -96 -86 32 -10 78 -88 -30 -56 -94 -13 83 -29 65 -33 -98 25 25 -50 80 -27 -14 -6 -2 -76 -46 45 -9 -57 -68 49 -91 76 -45 97 -71 23 -36 83 -17 -80 33 21 -72 -78 68 -12 -88
33 -60 63 -69 -80 -100 11 82 -22 28 43 -95 -3 -36 91 -14 87 -14 85 23 -69 67 -27 -6 19 -92 -82 -94 -34 64 63 53 19 -33 -33 31 37 99 -12 -18 -93 76 -49 19 -45 -94 72 50 -21 7 -98 -66 5 100 24 25 -24 62 80 -39 83 -6 61 -82 73 90 37 -34 81 -23 81 -8 92 -59 -85 84 -73 -18 97 15 -2 0 7 27 66 -69 -63 100 37 88 -19 -28 -94 1 31 99 92 -47 67 -5
20 -50 69 87 39 -94 -8 -61 14 24 90 -14 -98 -16 -91 53 -3 -15 -22 -86 95 -64 96 -27 3 -40 -47 88 -99 -3 -72 -91 -38 72 14 -37 23 -31 48 -58 16 -10 10 44 -91 -79 -35 -13 2 52 0 81 -50 -27 87 57 -17 -11 58 25 94 45 100 -95 51 -7 17 -51 90 -33 39 22 45 8 74 -62 56 92 -65 -47 79 -47 -52 -96 27 91 -19 94 -97 -16 -3 54 4 -35 -87 16 38 38 -66 67
1 -12 36 -77 -23 -94 -73 -21 -45 -45 39 -39 20 -27 -39 48 -9 -51 76 27 -24 -26 -65 74 -92 64 -46 -52 89 -97 -43 76 95 96 -7 -35 -76 -24 24 -21 79 -38 -97 38 -19 77 -73 -3 43 -19 8 73 -95 -14 -52 6 50 42 49 -32 57 -16 23 -7 -3 22 60 59 -87 39 18 -10 -41 -93 -4 99 61 -90 -93 26 86 49 -53 -85 -85 68 -79 -58 47 -25 -68 68 -65 64 77 -19 47 -11 -62 3
-74 81 29 20 -95 -46 71 36 39 95 70 19 -71 -83 32 -79 -48 -29 -48 -73 -12 -73 -45 -98 -84 28 -100 8 -34 39 51 -20 19 90 -78 -39 45 48 19 -54 -16 -41 30 57 77 -63 -87 57 49 57 62 16 -81 -43 69 8 -87 60 75 39 -95 45 45 13 -69 18 54 56 25 -89 34 81 -18 -44 30 -35 -41 27 -71 81 24 32 24 72 -31 -69 50 -65 -91 -63 -79 85 -62 27 17 -76 -30 11 -52 -27
62 39 -59 51 51 11 -82 25 -14 -96 -81 48 82 29 -86 15 -12 -28 26 -13 49 57 73 -17 -20 -99 73 -69 32 -15 22 94 30 -19 -76 -23 60 17 100 -42 49 37 -84 -12 35 83 66 -22 17 -67 100 -39 -63 78 -48 -57 -79 6 -56 -57 -39 -80 -65 -85 -14 3 77 90 -18 -47 -77 -78 66 50 21 58 -1 -23 -94 71 -32 -16 10 28 -1 -67 -60 -35 62 89 -58 -32 -39 49 -3 4 -44 -66 39 71
-23 -24 -15 -26 58 -65 -95 60 -63 -65 57 8 -10 68 -26 43 -2 58 -98 73 -50 94 77 -50 -56 59 59 -83 63 63 -95 -39 -21 47 42 75 -56 -71 -31 -43 37 45 -18 -3 33 82 -5 -49 -36 -80 61 18 37 83 -29 75 6 -85 23 23 -35 -79 -58 20 83 -50 -90 38 64 -95 72 46 -83 -85 28 4 66 16 67 98 -43 38 56 6 54 80 56 -45 -69 -85 32 56 74 53 22 -82 -23 -77 25 -25
42 36 71 19 58 97 -16 61 -76 78 15 21 -15 37 5 -10 -88 59 7 48 14 51 5 -43 11 54 -37 0 -46 -59 57 -52 -8 28 14 -45 0 13 -96 5 8 94 -51 49 65 -76 -6 -9 -60 -70 -47 -28 94 -83 93 -22 -47 -59 -52 -46 -68 -55 84 -21 80 -52 -98 68 -92 -52 -39 83 53 60 -74 38 -14 97 50 67 -72 -90 -49 54 42 41 66 -66 43 -98 1 30 -1 25 -33 -48 78 33 96 -27
38 -62 80 -50 79 -92 90 -64 -90 32 -43 -60 -68 -9 30 -32 -24 -77 -54 59 60 -6 -73 77 73 -24 87 74 72 16 13 -62 70 -35 -7 -80 27 31 58 -5 58 -58 -2 -74 4 43 19 -14 -97 -49 -70 44 -33 49 -9 90 43 -55 99 15 -33 98 -92 8 13 -23 -7 -7 77 63 10 37 -26 5 -99 89 24 38 -84 32 20 17 -72 -5 -78 53 -80 -78 44 -40 -71 12 -50 -48 -6 -100 35 8 -70 -38
-82 -3 81 48 76 15 92 47 -15 32 -98 94 -63 4 -34 60 45 -76 73 78 -24 31 -13 46 -77 -43 48 -78 -63 26 -78 64 76 -6 39 41 -60 88 23 -1 12 -3 37 67 -58 -81 -66 37 -64 -60 57 100 24 -57 -75 30 38 -47 96 55 38 65 84 -17 17 54 92 -49 -93 -2 75 -84 80 68 51 -88 100 98 12 64 -45 -14 -89 -79 -41 51 4 33 -13 86 97 17 -68 71 -66 -75 85 33 94 2
47 -44 65 -23 -10 -20 -15 -42 21 45 50 48 30 64 -91 -77 1 32 7 -84 20 -56 -66 97 -62 25 54 78 -8 -64 -47 33 49 -62 89 22 25 -28 -26 -28 -46 -11 7 -52 -67 -49 -40 95 -70 72 68 1 41 2 -40 25 84 -68 -23 87 42 58 -46 -69 -73 -22 78 17 21 57 -58 40 93 92 15 18 -96 88 -31 -60 -83 97 -71 -43 95 80 -90 -30 92 63 31 77 -99 54 20 84 98 -98 -100 69
-38 75 -10 -28 -59 24 20 87 38 61 87 90 10 76 -12 58 43 0 4 -19 -64 -78 -31 -76 -15 -99 -88 -59 -87 54 35 -6 51 53 90 77 11 95 -10 -32 -65 -40 -90 89 85 47 97 16 -96 45 -39 89 63 -24 84 -19 -38 -92 -84 20 22 16 -78 -25 23 -92 7 -27 51 -57 -45 -97 -66 21 -45 -32 -73 -14 61 28 -63 92 -71 -69 -88 2 29 -64 -38 34 -96 -25 36 52 49 -45 -51 -57 40 -71
-51 52 -3 -53 -25 92 29 96 -21 -99 35 96 -3 41 40 67 -27 11 -54 -11 31 -60 0 -72 -4 -94 90 -37 22 -51 -72 -26 -55 -90 -90 -50 -46 -10 -26 -15 72 15 -82 -46 27 100 33 -24 -68 -68 -87 87 -57 75 79 -60 -82 52 -56 28 28 -56 -49 52 -46 3 22 83 -94 -10 -21 -45 -30 4 -34 -67 74 -27 -11 -21 -45 -100 29 -28 28 -21 -67 -29 23 77 -22 -3 92 -18 75 -15 -34 -75 44 -60
-96 40 -57 6 -52 -77 63 80 -27 -79 -64 12 9 -26 -87 -67 -35 -65 33 -73 -57 -43 -69 88 27 41 31 -96 -42 64 95 -21 41 -44 -48 87 41 66 93 94 -57 -99 29 -54 -13 -88 28 -16 42 53 -14 -54 -78 85 93 25 -24 53 -18 45 84 10 -75 -56 71 -55 24 49 94 4 -89 71 17 59 -97 -45 21 -59 30 70 16 -98 11 28 -84 -97 -23 -64 38 -64 -88 -67 85 7 -61 -39 -52 -88 -32 -4
-49 2 83 -46 -66 70 -89 54 -15 -9 62 -2 -90 64 95 62 56 -93 -33 -15 59 -42 81 29 -73 -27 11 -63 -63 -81 2 47 -4 -56 82 -84 -83 1 4 29 -46 9 -24 11 55 40 0 88 2 17 -31 82 11 -28 -63 -85 15 50 -94 23 55 -35 63 41 67 55 -48 -34 97 -67 -72 -78 -98 77 -26 -61 22 82 -13 61 -17 12 29 43 91 -78 66 -40 -3 83 58 -16 4 65 -68 15 56 -36 25 -7
-40 79 -69 -90 2 -9 -50 95 30 15 -68 -72 96 63 -24 -91 -88 -17 -97 42 -79 0 78 -81 -46 -1 -8 -38 15 67 85 95 -57 18 -7 -43 12 60 -63 -26 0 12 -12 38 31 56 -55 -78 -90 -98 30 43 89 7 -40 -60 91 -16 -52 29 22 18 85 17 22 -87 -62 -90 -42 -61 9 -66 23 -59 -78 55 65 96 18 98 81 -6 22 -29 -51 -80 75 99 67 17 84 53 -45 -57 66 -69 -48 69 -90 -40
45 -15 -98 -90 -50 -36 38 35 92 79 -48 43 26 21 -16 83 4 -49 8 31 -96 -41 -99 93 15 -11 -31 -29 16 33 99 -8 -81 63 41 -10 -81 60 -67 73 87 56 -31 -84 -14 -17 46 -22 42 13 30 83 2 -73 70 89 94 -39 -93 52 -87 0 66 -21 -58 99 6 68 94 -32 12 -37 22 84 -10 100 0 9 34 -25 -83 -89 -43 46 47 -92 -33 -63 -46 -76 63 39 -94 -85 27 40 -85 -25 61 34
56 42 -56 -60 -1 -48 39 -35 36 41 11 -49 10 0 -21 -24 46 -10 -59 -41 74 -75 9 -19 -13 -66 -90 40 0 -74 79 30 -56 -55 -80 -52 -67 -41 -27 89 -81 24 -82 -63 20 8 -31 -3 87 -67 -45 4 11 -81 26 71 0 60 62 -71 -59 -50 35 28 -79 19 68 -13 35 58 -77 82 -2 -42 -41 -1 -37 43 48 18 -34 -70 -92 -33 30 72 88 4 -21 70 -91 14 17 77 -50 65 76 12 38 90
-46 -57 -41 29 58 -26 74 85 35 49 -73 -26 72 -99 -5 28 -45 80 -44 -7 95 -96 -58 19 -23 48 -61 -78 -98 9 18 22 3 -42 -65 52 33 46 -87 -51 54 45 -17 66 -57 -91 79 13 100 -33 -37 -89 -90 40 57 -69 -78 -22 47 -18 -49 67 16 67 11 -80 -49 9 -82 39 -10 53 -38 -21 -67 15 -76 -68 -45 -26 -45 -86 73 67 -7 63 58 1 4 -6 -30 36 49 -21 -1 -26 -92 -31 -88 100
-13 -57 -61 28 -73 -71 -79 83 40 -91 -55 -78 -10 -2 23 -73 88 -17 -3 -87 35 14 -80 55 97 95 -57 -10 -73 -73 36 91 50 89 40 75 13 -4 -79 34 16 90 -68 9 73 -96 -26 -63 20 92 -18 72 32 -93 40 89 -37 -89 13 -85 -50 -97 -81 56 95 51 -85 -3 -90 -38 -12 75 58 72 32 -2 -77 42 73 -87 77 -72 -25 -16 51 64 67 -45 -83 -92 -30 75 56 36 45 88 92 78 -55 87
15 -91 70 -21 -9 48 -19 42 5 90 15 93 -40 -55 -99 90 -42 -7 8 -19 54 -39 85 78 59 -36 -76 -4 -70 -34 -6 87 14 -21 11 -7 65 62 -39 83 43 28 99 66 -6 27 -22 -86 65 -19 53 -72 -99 -22 -64 -49 -51 -83 0 -20 -19 16 60 9 63 -86 -31 19 43 -87 -50 -43 65 54 30 93 -44 -82 -19 -55 70 -16 79 -92 -18 -76 -50 7 82 15 45 -3 -17 -30 -26 -83 31 77 30 87
73 80 -55 -24 94 87 35 1 22 38 -64 95 -36 80 -7 56 -88 52 -53 51 -62 4 25 -9 83 40 23 96 81 75 -9 36 -34 1 -65 70 64 40 7 99 51 55 71 -19 98 -10 -93 -43 71 14 -24 13 -86 -1 -10 -41 -71 -67 -59 68 71 -33 -57 18 75 26 -64 -34 -55 6 -25 68 43 92 8 94 19 -99 -85 6 85 43 -54 -63 -40 22 -34 98 55 46 88 62 -75 -38 47 -60 99 97 -49 -86
60 -26 81 -58 82 -49 73 -93 99 -53 88 44 -59 67 39 2 11 63 -73 84 49 60 -74 37 -75 -43 -50 56 9 42 -26 78 -31 88 3 95 74 -44 22 -59 94 -59 17 -25 -57 31 -28 20 -32 -22 -55 49 30 -83 79 38 97 -57 -5 -51 -4 8 33 42 6 -7 31 -98 6 -85 7 41 -46 -53 -3 -58 4 -69 -27 -4 -66 13 -74 30 64 99 -9 -78 -87 96 -8 23 79 -82 11 -50 28 -94 9 -67
-47 57 -24 82 94 43 30 0 -78 -9 -97 1 54 -89 -8 -32 -23 46 -90 -8 27 44 34 -76 33 -73 -84 -35 10 12 45 -50 49 63 6 5 68 89 -38 -37 31 -77 -83 -37 0 98 -59 -76 -7 -78 -65 53 -65 76 21 70 -78 62 96 56 -97 -93 3 -86 19 36 -56 -9 -6 -84 -8 -10 84 20 49 -31 11 33 80 54 -82 -68 -34 33 -18 7 23 32 -23 37 -7 91 -34 -31 -32 72 -100 -29 -40 -22
48 44 81 -2 -20 -24 11 -37 38 14 -41 70 -33 -62 -94 -72 -32 -28 -48 30 -9 -19 -92 -84 5 31 -30 -99 83 26 8 11 -55 -73 -94 -21 96 -36 96 53 -93 17 2 44 67 61 31 -7 -41 -1 74 -18 38 55 -83 -99 -40 58 -47 87 33 -98 46 -47 78 -90 -100 93 41 44 -6 -77 -84 41 -17 -65 50 26 -25 26 -30 -17 -40 26 -53 -73 -7 -30 -23 -52 -82 6 -8 -36 -92 -54 -64 -18 -99 91
46 -3 -90 -46 6 20 -80 72 -75 -62 -76 -64 -22 60 3 -13 -18 -98 -66 -55 33 -23 50 -42 -96 87 -77 -47 67 31 -11 42 75 -40 -10 84 88 -26 81 62 62 -79 18 -90 18 1 -93 -28 -59 -30 -65 -36 -57 28 -42 -60 -72 -72 69 -22 -91 -29 34 42 -7 -11 -83 40 -73 -93 -5 15 -56 49 -17 -45 1 -67 60 -64 -5 -25 73 28 -65 -69 -51 -40 -86 22 65 -1 95 72 12 -22 -98 -28 -37 1
-75 -9 -42 96 31 -3 41 59 -19 -78 5 90 -19 72 -51 -51 15 -60 -89 17 18 -71 49 60 47 -31 -91 -92 30 8 -8 70 97 58 -55 -62 98 49 -77 47 -83 93 -51 -100 89 18 70 -10 -28 50 -73 63 -60 -57 -69 -76 -6 58 19 -18 87 -4 -25 -78 -52 -85 52 -81 69 43 35 1 -13 -2 36 -20 22 -40 33 -58 85 -22 -37 -47 37 16 -7 13 -88 95 33 94 -11 46 89 -65 65 38 1 -53
87 36 60 -24 21 80 -97 -2 -35 -33 -16 -17 -97 69 -19 -72 82 -35 -77 51 -87 58 -42 -32 50 -22 -83 64 -68 56 59 -64 21 -50 69 -19 40 -73 -17 25 -91 95 16 -70 -56 -70 15 98 -74 -30 14 72 -7 -63 -90 3 2 -31 -71 98 -91 36 48 60 -29 -74 -94 15 -12 0 50 60 45 52 30 19 -100 15 -27 -100 25 5 -2 5 -36 -44 47 62 -16 92 -69 -19 3 76 77 26 2 -39 -23 65
71 26 21 100 81 -89 -29 71 -44 6 49 -90 47 6 -45 60 -47 20 -58 -28 -13 -100 -25 -19 15 -18 -42 57 63 88 9 68 60 -1 -79 55 -50 -77 -47 -71 -39 -25 -81 -1 -86 0 80 55 -73 89 88 62 -5 -78 0 -74 3 55 39 67 66 -92 70 -80 93 12 -36 -2 -10 -10 74 19 85 -99 19 -96 -1 -15 -9 67 -59 41 63 -92 -22 -97 -7 46 -79 -64 95 -18 40 87 -22 -83 93 68 -34 40
-56 -85 41 -42 79 -66 88 -8 57 -99 16 97 -94 -39 -39 18 49 -94 14 45 37 -60 37 82 -7 18 85 52 -2 11 59 7 86 -49 90 -64 55 -86 -19 52 -53 -49 69 89 -77 -22 79 17 -56 84 -43 76 75 47 99 100 -85 76 83 -31 -61 69 31 -59 26 -5 22 35 11 20 -48 -27 24 34 44 -12 46 -20 32 -5 32 -66 -10 29 2 56 44 82 -97 -89 73 -69 33 -48 29 -52 -8 -46 74 -70
21 92 94 69 38 -42 28 -84 -90 -8 -41 35 19 -40 93 6 -92 -90 -90 38 9 -16 1 -5 70 -56 80 -36 54 -84 61 -82 -42 -91 -49 42 -32 64 -49 -84 96 -69 35 92 -71 68 -94 -97 -82 -61 -55 63 -17 -28 95 22 49 54 21 77 -3 43 73 -85 13 13 40 38 -75 29 -72 -37 59 62 22 12 39 97 43 91 -38 -44 56 97 -92 -94 5 -72 23 35 -68 -100 83 41 10 24 3 -79 -37 21
-15 -38 -32 -59 -81 -36 -66 -95 -85 -21 -33 -96 -56 -98 40 -69 -98 31 69 -38 70 50 -97 -16 -18 32 22 -43 87 -56 71 87 29 64 73 -96 5 19 48 -59 31 -3 5 -93 -82 -97 -13 -4 27 -39 -78 6 -77 -23 47 50 -14 -34 -49 70 -46 90 -25 52 -27 82 -71 72 11 -22 -17 46 -67 -8 -64 -66 -27 -46 -96 55 -76 86 -29 -56 9 29 48 -42 -76 -28 19 81 -75 99 45 8 -73 94 95 41
32 -62 15 -60 -23 17 75 48 39 -82 69 33 -88 -4 -27 76 -13 -49 28 -82 84 -83 60 -62 -57 -14 -76 98 -39 -95 70 -14 -21 26 91 -61 39 55 38 5 61 -68 50 82 66 89 -62 -40 -8 33 61 71 -2 -60 -43 77 -49 23 62 73 -63 63 23 -39 14 1 -20 17 -20 -41 44 56 64 77 14 -2 -64 -11 -65 30 -26 8 82 5 -55 -2 99 97 -85 25 89 11 51 -92 -20 30 65 27 9 -70
93 64 43 63 -44 64 31 31 78 39 -85 -40 -1 96 98 94 44 46 21 31 59 -26 30 -39 -2 -66 44 35 -56 -51 -65 33 -2 -66 -57 -95 -52 91 -37 68 -29 -90 -97 -74 60 19 47 -84 -63 85 -25 63 44 -79 -92 4 32 -39 84 -76 -22 16 -31 -42 94 58 71 -92 68 49 10 -32 -6 12 -58 94 22 -43 50 79 -24 66 -53 -34 -42 25 37 -4 77 59 86 84 -89 45 -5 7 98 -92 -54 -65
24 54 99 3 -77 -33 50 -33 76 -72 2 -83 38 -50 -79 1 72 64 97 37 -24 -4 -39 -83 65 84 -11 -8 92 -14 11 82 65 -91 92 -98 58 -51 36 54 -28 34 51 76 40 -57 -4 29 85 -36 -20 -30 58 3 -41 -76 67 9 63 -49 63 -29 45 13 60 -71 36 7 75 -96 -95 -30 -88 -5 -27 55 9 -2 -92 6 -100 1 36 -9 -33 11 95 55 37 68 -87 -55 -35 55 -63 -35 71 88 36 85
-25 -57 64 100 -70 -2 -33 -34 -28 -68 -76 -35 98 -8 54 -72 -19 -66 80 -12 -93 52 -28 -88 61 -62 -57 -56 -97 54 -73 5 -30 20 -23 -28 42 -68 88 -73 9 60 3 -57 16 67 96 89 80 -54 34 73 -100 17 69 -2 -55 98 54 -97 85 -27 -32 -89 -37 0 -9 -21 -11 20 5 -4 6 12 81 1 97 -61 -98 18 -62 49 -75 28 76 73 54 61 -41 -94 -36 65 -57 54 83 77 85 -18 -76 32
70 -27 13 15 100 22 18 50 -86 22 -100 -26 -16 -88 54 -91 -92 -7 -58 -64 4 -71 -20 -93 -44 -59 20 22 -63 22 -92 -51 -74 38 84 78 -52 29 -36 85 68 -73 -46 2 70 55 38 -37 9 15 89 73 -65 13 9 -7 11 20 61 -65 25 -83 39 40 99 58 -47 47 -75 40 -86 -12 4 -2 -21 -88 22 72 -38 -66 -68 24 -16 45 85 63 1 -62 66 83 70 19 56 50 25 0 -80 -13 -75 27
-96 -94 13 63 -49 79 -64 26 -9 -37 33 2 -65 -76 -11 -96 51 -78 -36 90 -79 -50 63 -11 -88 -52 -36 25 16 -28 -40 -77 42 -28 -27 7 -84 24 -56 -59 59 8 67 -22 -72 44 50 17 -84 99 2 16 -43 -57 66 22 35 -21 -61 36 41 -82 38 -72 -22 49 41 -84 -2 -21 -76 -6 -93 48 -37 66 99 -99 34 51 0 -27 -23 7 -44 -20 -33 43 42 18 26 -52 63 14 23 48 45 -89 -72 -83
14 86 1 -76 -15 -47 97 -54 48 95 54 -91 -75 40 -51 -83 49 11 60 62 -56 41 -34 -4 25 -20 -41 50 -59 89 -75 76 90 45 -12 -91 -9 97 40 32 66 54 30 39 -16 51 -16 -14 -67 -76 27 -2 11 -35 -90 65 4 49 -83 -32 66 90 72 -78 -13 -18 -19 1 25 -50 65 -7 23 -27 -11 93 60 3 -58 83 -89 -62 -45 -49 -42 56 -94 68 -92 -72 -7 -29 9 -19 25 -75 75 -49 73 54
-32 43 74 73 62 98 100 -27 -16 -54 -62 14 -61 -39 -98 38 -41 0 63 -8 -63 3 22 4 13 69 -48 -82 -39 6 -18 87 4 -6 21 -30 20 55 58 50 -2 -85 -81 -57 56 -9 7 27 59 -25 -67 1 -41 -6 -41 23 67 9 -89 2 -75 38 1 -55 -84 -31 -44 -38 71 -88 24 30 -18 -14 -53 -31 -56 -20 -23 -91 -56 28 -35 53 -49 35 71 61 -40 -48 -80 -47 85 -14 -99 29 70 -88 -61 4
-17 28 -19 -46 -74 -71 -8 41 76 86 -21 -99 -13 75 -11 20 -68 76 -98 67 -41 51 -80 30 32 -45 -69 -72 -12 90 28 74 56 1 -60 7 48 -62 -92 38 -45 79 -23 -70 -61 -81 48 -1 2 6 -82 6 -3 -13 -32 -63 -19 86 -7 60 40 -12 -3 47 -50 -44 76 -28 56 -87 34 83 -17 -93 18 71 -86 -100 -93 -24 -93 -56 59 9 22 90 -46 61 -10 -53 27 -46 61 34 -24 -53 25 -72 38 -95
-27 -19 65 77 2 -90 -33 94 26 51 11 73 -90 -68 -45 -97 -19 44 -81 68 87 87 70 20 -93 -50 -9 63 -14 -92 96 79 59 13 -96 9 -100 -28 -86 83 -91 -100 87 93 -30 -52 87 7 -33 -29 70 42 53 -11 -7 -15 -52 32 5 51 -23 95 -78 -52 -69 -51 30 -3 13 -45 -89 13 18 -90 7 49 81 38 -25 -4 -99 -56 30 35 50 84 22 95 -17 -32 -58 -65 41 40 -65 78 58 63 -34 43
-92 -47 49 -70 -71 -25 41 -69 97 97 -65 44 -79 -46 -98 80 68 -97 -71 -42 74 32 33 60 -97 5 -86 19 -22 74 -54 -70 98 -88 14 2 -79 5 -7 -53 -77 -56 -46 57 -75 51 11 68 -23 40 31 44 -76 -55 -94 -33 -20 8 -29 -46 -86 -67 51 -15 -16 -95 57 80 98 -97 -58 84 72 68 -54 8 -82 -85 21 -86 -74 -52 -19 52 85 10 36 69 -62 21 3 61 63 -99 -65 -6 -11 -68 -93 -75
-45 96 -8 -19 68 -48 83 82 23 -40 -55 75 -34 -83 74 4 -60 -9 40 56 36 -88 18 37 8 31 41 83 -85 90 44 -10 79 61 98 18 28 -3 40 -85 -98 -69 74 -25 80 65 -93 -22 -10 -28 -62 36 90 -56 -81 73 -80 -23 21 14 20 50 -53 67 75 25 7 32 44 -20 -66 48 -69 5 -41 78 32 -16 12 66 -97 -57 -60 38 81 13 -10 -92 -100 72 0 -37 -46 83 90 -10 -23 -42 -44 -73
34 -12 46 -78 37 -89 -90 -30 -93 -78 -98 -67 -86 76 38 -18 -59 68 -80 -20 -1 -65 75 -76 25 14 52 61 76 31 69 -23 21 -33 -96 -76 99 -51 18 -49 18 61 96 -29 94 -19 97 16 -94 75 89 -93 -59 -99 30 -14 -85 -84 -28 -19 2 3 -82 9 64 11 61 41 -18 -59 -34 28 42 -86 96 24 -15 -31 -100 -82 9 -17 -8 -56 2 79 -50 -22 76 58 51 -89 2 49 -13 -24 -82 81 -60 -50
53 75 47 -20 85 35 -52 -32 -58 -36 -18 11 -7 91 0 -60 -23 -61 63 -33 -13 89 -46 57 5 67 1 -52 83 11 -61 16 -96 94 -73 -12 92 4 9 19 -59 94 -26 0 -72 59 -1 -31 -10 -86 68 94 -70 -87 -100 91 -62 -4 80 13 -46 77 54 51 -56 -28 67 10 -14 -22 -72 54 24 15 -84 -20 6 40 -10 -63 54 35 55 -4 70 69 -58 26 86 -52 -15 7 94 -33 93 -3 55 70 -96 -53
36 59 -31 -86 -95 7 66 -18 -42 -33 -22 -63 -32 41 56 22 39 -72 15 21 -99 8 37 -26 -25 -46 -89 95 -20 99 81 77 90 -97 -91 55 -37 95 6 87 -33 -4 -19 -19 1 -19 -37 45 -44 65 -14 -82 17 -59 -28 33 35 -91 94 -47 -58 97 -47 -26 -98 31 24 -72 -87 3 -32 -31 87 48 -37 10 -77 58 99 95 89 -25 -13 -23 -2 -92 -58 42 -54 -13 72 76 31 83 19 29 75 51 91 -80
96 -21 -61 27 -31 -57 -25 13 93 24 -10 59 -18 -92 -80 -39 23 35 18 26 77 -39 -10 -79 -5 -78 -55 16 -22 -86 79 -28 -9 3 -58 16 -87 -28 -87 -88 2 13 95 -54 85 91 -47 97 32 -93 -44 58 100 -62 21 59 -23 19 -91 9 -69 21 -39 39 77 33 57 33 -64 30 35 6 55 -43 31 -7 -70 -62 15 -90 -21 8 33 5 51 46 9 27 -92 70 -70 -47 84 -80 -78 44 48 73 -38 48
40 64 -60 79 -92 98 51 29 21 13 39 -25 79 -69 -90 -43 9 -12 6 34 -17 10 -12 -79 42 -72 -94 99 -35 18 -87 -88 -93 24 -41 -94 -53 49 90 74 84 -47 -70 -56 62 18 92 4 28 61 -14 -60 45 44 65 -80 74 -3 -51 94 -99 15 -32 -34 69 10 -47 50 -60 -5 -35 40 55 -46 -26 -64 74 57 -65 96 -56 23 -63 -82 8 -38 -15 95 52 -51 6 -31 82 1 0 27 74 14 -86 -32
-99 -21 54 -40 -56 -86 -66 -40 -4 67 64 65 -86 49 -93 -46 -37 43 -63 39 -84 -9 -63 -82 -32 -19 25 21 -22 -70 -1 -96 44 -69 -12 -100 -86 -56 16 37 -13 -18 81 -65 -96 -46 53 59 -26 -36 20 -64 9 88 1 -30 -9 55 95 -77 61 53 28 -2 -77 90 -73 94 -97 36 73 -37 28 -93 87 19 100 -73 -3 66 4 91 0 77 93 -34 68 -43 -89 -50 60 -22 7 -38 67 36 -39 -83 -21 28
86 -7 22 -93 -64 53 -57 86 -60 42 74 9 -77 73 -72 35 -9 11 -92 41 -7 8 -79 64 98 -48 -58 66 61 -29 -13 51 39 61 -11 43 -56 -69 74 -35 24 -15 -12 -47 53 -77 83 -20 52 -13 32 83 10 -29 99 13 21 -100 61 -23 -100 -45 -51 88 86 92 67 91 11 74 -71 95 -43 4 88 -73 48 -55 58 -79 -73 51 91 -69 -11 -79 29 -98 69 -37 -73 -5 95 -77 -19 -97 12 -5 31 -61
56 1 89 -62 25 -99 -81 41 100 23 -72 -28 -56 97 -96 79 -70 21 -50 4 -21 -36 17 3 10 26 98 76 -67 49 90 -68 -47 35 91 -31 79 76 -83 96 -47 78 9 2 -95 0 -60 -70 100 8 -74 54 -78 -40 -29 -25 -55 -58 68 -56 -12 37 -74 92 52 59 -61 38 -55 -85 93 -42 13 -63 79 -32 15 -20 -77 -96 -69 40 -72 54 91 100 -39 -5 -58 3 85 -35 -61 75 -6 -42 46 -11 48 51
26 -94 -61 -63 -2 -18 -42 36 -42 -85 75 13 80 -51 22 82 0 -96 -82 94 13 -85 69 -42 -71 68 -100 -25 93 -13 -48 -62 92 17 50 39 86 3 -34 -70 2 100 62 14 35 19 92 34 33 -50 -93 -88 24 -91 1 -83 -10 32 76 -81 48 97 66 -53 -70 34 95 -71 -80 67 53 53 15 -74 72 49 73 11 41 -19 69 7 33 -13 -31 36 -93 10 24 51 -74 -73 45 -62 86 52 -30 72 35 -49
-65 68 -27 3 32 -65 39 77 58 35 -22 -89 86 44 87 -87 67 -72 -61 49 -16 -26 -18 33 42 -1 -47 22 -18 15 -91 -55 -43 -29 -50 27 22 22 -8 -69 -63 -28 88 -99 58 -52 -18 90 -28 -95 27 9 74 0 -91 44 33 58 -75 -56 74 58 -15 -26 41 -73 -75 -30 76 4 54 -58 36 -78 31 -41 53 31 74 -76 22 -61 -3 75 56 83 -31 96 -76 -11 94 -57 19 -8 1 -44 -27 -2 -43 -65
23 43 -63 45 -46 94 -88 -37 86 33 32 89 -8 87 70 94 -82 37 99 -77 -48 7 68 -92 72 -59 71 3 -78 -44 -4 -80 73 93 -18 -75 -29 93 100 -5 72 70 -2 -55 40 -18 -21 -49 -87 16 13 3 -93 -82 -50 -61 -76 12 -77 7 -5 31 12 98 64 97 -31 -97 -88 -55 99 40 -91 -87 27 -37 73 -10 -22 -3 -48 -12 -81 -13 -86 8 -97 -64 -70 -81 10 44 89 58 68 77 -70 -39 3 -68
-57 -53 57 -41 74 -59 -71 88 67 -38 23 -78 8 -73 56 -23 -23 17 0 10 69 -98 98 -38 -35 87 96 -1 68 25 -6 -64 -24 46 4 79 24 -97 50 13 -6 -24 98 -15 -75 -100 -1 -40 -62 2 86 -24 -4 93 -59 94 -65 48 62 27 -17 11 -26 14 2 44 -38 -100 16 -51 61 39 30 36 -45 -38 36 63 -42 97 -33 37 91 -91 -99 -5 -29 10 46 89 -41 -9 100 13 -43 -49 -66 -82 40 86
-51 -41 34 91 6 9 34 35 -26 -10 20 45 96 23 93 91 -78 10 -83 56 -88 0 67 15 -5 68 -73 81 88 67 -7 75 6 49 92 75 59 80 8 51 -2 95 -45 91 -23 25 97 -8 18 -40 74 14 75 71 -52 36 85 16 7 -66 85 83 29 38 -21 96 -80 78 55 -16 53 38 -57 59 -82 -11 74 -65 -73 -64 66 -85 -23 59 -61 -54 50 -96 -89 -90 36 -3 16 24 -35 14 2 -30 -87 -96
49 49 85 48 31 66 87 -24 -48 70 -52 78 41 40 47 87 -21 23 -59 9 -81 44 -19 61 39 88 87 25 11 -33 -63 8 39 -89 -73 85 -30 -79 -59 32 -70 88 -24 -96 -54 -27 -15 88 83 15 68 -91 -88 55 92 43 2 -25 -71 -22 36 13 -91 -32 47 -14 -50 -42 -44 11 -26 1 58 -53 43 55 4 28 -43 80 57 54 -83 62 16 -37 80 -79 -67 -49 74 20 -53 96 82 27 -20 47 -44 30
-49 28 -94 26 23 14 -25 -49 97 85 -32 12 -26 -56 -83 -32 -64 -43 85 -100 3 -27 -78 36 35 -71 -12 -59 -10 31 64 19 -50 -34 100 86 -75 5 -47 -86 4 -28 51 84 85 -29 81 26 -62 -26 41 -30 78 0 -93 -16 76 -33 67 64 -17 40 -19 -73 -22 -98 60 -71 -48 -14 42 -47 34 -62 69 81 95 -100 -55 -90 59 -3 -44 81 0 -11 48 18 -19 78 -93 18 78 -2 94 -92 -83 84 -77 -30
-72 17 -66 91 89 72 -2 36 -70 -10 -17 -98 -87 57 -31 49 -100 58 -89 -65 -83 -34 4 55 -77 -7 97 69 92 -56 91 -51 67 29 -26 -83 15 -26 4 -12 -4 88 8 94 -38 -84 8 18 49 -53 -35 -17 57 83 -2 -64 81 58 -98 -12 40 -80 -32 56 -77 -35 33 -14 -89 -48 -60 17 -84 14 12 37 69 98 25 32 -40 -58 -57 -60 -47 -97 -48 81 32 31 99 -11 -13 -84 94 -61 -14 -68 66 71
-13 -60 34 -92 54 -64 -14 16 75 11 45 -55 -35 -40 80 -42 52 37 -28 18 -31 -60 20 65 47 -86 -32 80 35 77 -29 -38 19 73 -12 35 73 -71 -99 19 0 -59 34 -32 45 -38 14 39 0 66 7 -45 -93 -34 -85 -66 59 71 -40 -21 -64 40 30 -38 34 56 -15 -13 -5 -81 72 78 21 75 61 42 -6 -9 -55 97 -25 36 67 -26 -19 -72 -28 40 96 37 -23 75 50 36 28 78 32 53 92 -92
-100 64 -85 -56 17 47 38 27 -27 -86 96 41 -21 73 17 28 62 0 -32 30 10 -78 59 0 66 23 7 74 -5 -67 -42 21 49 -68 41 -47 -81 -14 80 47 -70 88 41 88 1 75 -6 -54 -77 -9 -55 15 33 -81 82 -16 -87 79 -19 63 32 67 40 1 -57 -85 87 -97 75 -4 -30 -67 51 -50 77 -57 -43 -29 -75 -98 23 55 12 -88 53 -58 -12 -81 -78 58 -13 75 -72 12 34 0 91 -78 -99 2
51 -22 -16 67 33 9 11 69 46 -59 15 46 -91 -11 2 -45 -7 97 -84 12 27 67 -97 -25 -40 9 69 -54 99 46 78 34 -60 -88 23 88 -12 65 56 -46 57 0 1 27 -98 -21 84 64 -80 -85 52 -10 -51 -49 40 -52 88 -60 -58 -29 26 92 85 69 75 91 -82 -11 -74 30 24 -47 50 79 25 43 83 35 -79 23 -47 -42 -72 -99 47 -22 68 -14 -74 -49 -88 73 -19 71 90 -53 -54 35 -32 19
-1 -21 -44 -100 -9 -75 85 15 77 -57 -57 -9 89 51 10 60 81 30 -21 73 35 42 -85 -48 -49 -61 -38 27 -71 -34 31 67 -88 9 -98 23 -94 -39 -46 -93 -10 9 77 65 -7 -88 47 63 -30 87 52 -51 23 98 12 -26 -24 -68 62 79 -70 56 95 -17 17 -58 -94 79 -66 34 -52 -50 -22 -69 10 -95 17 9 59 51 -29 1 83 -43 -1 -94 73 86 -74 76 82 -28 -58 87 87 62 -69 -73 96 34
93 -27 -60 68 -73 12 -48 -35 96 -62 78 42 17 37 40 3 64 8 11 42 -17 -61 8 71 55 -27 33 7 -61 10 -62 -57 17 -61 1 75 -92 -80 21 59 54 -12 -18 16 -46 -45 53 -75 -63 -53 -80 -2 -33 21 -44 -23 -67 -85 29 -24 -96 -50 57 57 73 52 47 18 79 80 -33 88 -69 47 80 -9 41 54 59 -61 88 -76 88 73 -64 62 -5 21 7 42 -30 -3 -69 50 -77 1 6 -60 15 -57
-30 11 -67 54 86 11 -91 94 17 -73 5 -3 -66 56 -66 33 -24 56 -67 -20 -68 -78 -51 40 -56 24 66 -67 -43 26 45 63 66 -41 5 15 -72 33 50 -6 61 32 69 3 -77 1 -53 56 -39 56 100 -55 -98 -33 -5 -72 -83 -81 55 79 7 -70 77 45 -3 73 35 -97 87 -44 36 -78 59 87 -54 -24 21 -89 -74 -82 85 -37 56 -38 48 18 -34 92 -71 20 40 81 -85 82 -93 17 77 84 1 12
55 24 39 49 7 -26 95 -37 58 30 -88 -95 -36 44 21 -50 66 -12 20 -77 72 -10 9 98 67 97 87 -97 5 58 10 21 -3 -27 -38 -2 59 68 73 -99 -27 54 -4 47 -92 -50 10 -51 -67 -86 34 -35 73 83 -2 64 -96 93 -59 83 -17 59 36 -13 51 -13 -4 -77 37 29 -79 -85 1 38 -39 73 -89 -45 -82 42 -10 6 66 17 40 -10 60 -1 -29 38 -65 -81 -41 70 65 55 68 -57 -39 4
-5 -90 0 -47 75 98 -59 84 37 64 36 -81 32 -66 20 -51 -96 61 -61 -97 32 -67 8 60 -48 -80 -40 -38 -32 -44 -35 -39 80 -18 -3 -47 22 41 3 -11 -49 -28 -32 -88 84 -62 -42 75 -94 -1 -5 -8 29 -100 78 -56 65 -71 37 2 -34 84 31 78 70 68 -33 59 7 55 -37 15 41 56 96 -1 -46 40 50 57 -83 -79 43 -53 15 91 -51 -69 -90 30 -44 15 16 73 83 -19 76 -38 92 -14
1 -62 -41 42 -97 -41 8 -19 -38 74 -48 61 -56 -30 -90 7 9 -7 -16 -23 -22 88 -97 18 51 -89 33 36 95 40 10 27 -56 -7 90 55 -78 -97 80 39 -90 -82 -94 96 -47 25 38 64 22 70 8 -79 28 -46 99 89 7 18 95 44 61 -37 54 -58 -24 -33 94 -99 68 -27 -49 -100 -29 -47 -72 74 43 -50 -40 -30 48 -84 -9 72 23 -96 51 -84 -92 -16 -70 -15 -63 70 -50 -10 45 7 -38 -87
21 62 43 -83 3 2 -84 2 84 -33 -59 54 -95 65 76 -60 42 39 68 39 58 -33 40 -54 -8 -52 47 -13 -92 41 3 -98 -62 81 58 10 77 -74 -87 -3 -81 -100 -21 -33 -1 10 68 -96 -60 87 55 23 -79 -6 -14 1 88 -34 -44 -36 -12 46 -95 -35 38 83 88 -24 -57 83 80 76 100 74 -27 -53 43 -69 41 -49 60 29 12 97 2 90 61 77 -75 70 45 -79 57 10 87 98 41 -38 19 -43
-92 65 60 -5 -49 -16 -10 -35 22 -5 28 -9 -4 49 -56 5 92 -14 -52 -15 12 -62 64 -85 32 28 74 85 -53 -66 -70 -13 -76 -90 76 -93 18 -4 13 42 23 57 -80 47 46 -33 20 -21 -2 -35 40 47 -7 -23 84 52 -79 -50 17 76 71 -87 -43 48 -62 97 -48 76 14 63 0 -90 -71 -15 -25 -25 84 64 41 98 30 -17 -95 38 -95 76 -80 16 78 50 -6 21 17 -99 -2 4 11 72 77 1
-26 92 86 42 87 77 -44 44 -69 18 66 77 13 7 9 -31 -80 36 85 93 -92 97 0 96 -98 -8 -12 86 21 -34 -47 16 -51 -62 -95 -74 93 70 -61 99 -90 -68 -98 76 52 -94 93 80 -90 33 8 86 7 40 97 48 37 67 41 88 -13 -27 -84 -84 -76 -45 -25 -54 95 56 71 -36 -83 29 -47 3 -98 76 -80 100 -71 -18 93 -46 -96 67 -21 -11 24 30 99 97 -54 6 29 58 -92 8 -59 -88
-65 -53 82 98 70 25 78 99 54 47 90 70 -7 -87 -73 -8 -52 40 -32 -69 -18 21 -1 10 68 90 -42 -83 -98 -90 -86 32 58 -6 22 83 81 -71 -31 93 -13 21 -70 -10 92 5 -68 8 -53 -40 24 -34 -4 38 95 -14 9 14 73 -84 17 88 71 -96 -89 9 16 18 -66 91 -50 -92 78 73 53 -68 33 39 20 52 -48 71 -97 -42 -5 27 -77 -24 -37 -61 65 -75 16 59 -66 16 -25 48 -87 55
99 8 -9 -48 35 -64 -34 5 -69 1 -59 92 -43 20 8 19 9 98 -16 25 -76 -68 -77 50 -16 -51 3 35 -30 -35 -96 -89 74 -12 -12 38 -10 99 88 -60 -32 -15 17 98 -44 28 -54 33 71 85 17 13 -52 60 -17 89 18 -24 -99 -1 -40 95 -96 -19 -22 -73 24 10 22 -42 -45 -87 -97 58 -57 97 -12 21 -13 77 24 -41 53 7 -19 30 -41 19 -46 24 3 52 -14 68 -27 36 -82 49 93 21
-100 64 -23 -60 42 -63 -50 -57 9 84 -28 21 -6 42 -14 -85 58 12 12 -100 -46 84 -65 -23 -82 -24 -20 -36 -77 23 -18 -84 -29 99 12 -21 83 94 16 -48 -97 -68 -65 0 -86 22 89 33 6 35 98 20 23 7 38 43 15 -1 55 71 -12 -60 -56 -56 79 -74 -47 -41 66 -26 -64 85 47 -26 95 -39 45 66 -51 47 90 68 7 -83 21 -100 -84 -82 -91 28 31 -38 14 89 81 -57 -27 50 48 95
54 73 12 81 -90 12 5 -94 53 38 -74 31 33 62 -12 52 -6 -20 91 5 -11 28 -83 5 10 -74 29 26 -94 16 31 7 -74 -78 1 15 100 34 -73 5 -65 -63 76 -72 75 32 73 -48 96 -6 -92 92 -14 -12 -96 59 -50 11 52 95 45 87 -35 9 -39 28 -70 -77 -79 31 100 -59 47 -64 -4 -18 -42 -26 -52 -36 61 95 -20 29 39 54 3 91 -58 -81 -20 -61 -98 83 -11 -22 42 -23 -76 74
59 -41 52 -50 -38 -20 95 91 -52 -65 1 -98 92 -49 -40 48 -44 -31 57 64 54 60 1 -70 -34 23 66 15 -34 9 -85 -93 -22 10 -19 -49 50 18 69 -89 59 -46 -10 88 3 53 33 37 -80 31 -26 -51 22 39 -85 1 -49 -24 -37 4 21 -34 -19 -29 -26 -53 96 15 -8 58 56 -40 99 20 12 7 43 -72 -52 -23 65 100 -81 11 -7 45 -17 47 62 94 -42 -27 -87 37 3 36 49 -60 -78 5
98 -48 9 -39 56 17 69 -4 -92 54 -87 -95 25 57 -94 -42 -7 27 -28 26 -17 58 37 84 -37 95 -36 -47 70 -91 33 -29 -95 -1 -15 -57 -57 33 84 40 43 -98 70 16 74 43 -65 -62 -42 69 -61 -57 70 70 4 -37 -12 17 20 -81 -1 -10 -24 65 -88 82 27 40 -9 75 21 -79 -27 94 78 34 13 -6 92 47 96 -63 57 88 -57 -56 -17 -35 -100 53 32 -65 19 72 19 4 100 67 -59 -45
-97 -28 87 -56 32 38 -80 38 -16 -8 21 83 86 23 -93 -61 -68 4 -73 -30 26 82 -60 71 -53 62 -57 82 -57 -87 -43 70 20 30 59 77 45 89 100 -6 -11 62 50 99 88 13 -65 -43 64 83 -96 -93 -98 -69 -42 17 52 98 46 57 39 72 -51 77 -73 -79 45 16 -58 51 -42 32 -2 -74 24 -87 -4 67 -21 -71 12 15 69 -97 -82 97 13 92 82 40 -25 14 48 90 23 51 59 46 -29 -90
92 31 67 -62 -88 42 21 4 93 -50 -4 -92 99 67 84 74 17 58 11 64 -54 -39 -8 82 53 -45 -25 -96 -9 61 -19 -16 68 88 71 78 -25 12 -56 -69 91 68 92 -48 45 -93 -60 -70 72 69 -85 60 8 -14 -37 -6 -36 27 -73 37 -1 -91 88 72 -76 96 -28 73 12 -40 61 -94 -10 18 -37 100 35 74 66 -27 66 -82 76 -1 78 -76 -45 34 -45 23 47 -51 95 -84 -38 50 64 7 98 -21
15 -91 98 -99 -48 22 -63 44 98 -99 -90 31 75 -16 91 -50 12 81 -48 -68 -13 -41 85 82 22 70 -87 -38 -60 -1 74 -21 -58 -93 -6 90 -56 -34 -85 -46 -93 63 -76 61 47 55 41 59 -17 50 -33 -11 12 60 -94 68 50 27 29 -17 -29 -36 -17 -23 -51 52 4 78 -60 68 -42 -6 -75 7 53 -44 15 6 -70 -71 -56 -100 52 -87 -81 4 84 -55 52 8 68 38 97 16 86 -20 -2 31 -39 -31
-69 87 -66 2 -87 28 46 -7 -86 -3 69 72 9 -32 63 76 -36 76 6 43 -18 -28 -62 83 50 -58 40 52 -76 62 67 18 30 -47 -30 -22 -78 37 16 -58 82 98 8 73 57 62 35 -26 -30 95 -37 -33 29 -16 -57 -15 18 -11 -97 -40 85 18 -26 48 43 -27 -43 53 93 19 36 -35 74 87 -20 82 -83 -76 97 78 -38 20 13 -44 -76 -30 65 -70 57 21 -79 67 -38 52 60 -32 12 -14 43 -73
26 -20 92 -34 63 46 -13 81 -32 -64 -44 1 -62 36 51 -88 -21 -34 64 -87 -8 -27 17 48 -36 -78 -73 -31 87 55 79 -36 -75 12 4 72 -96 -59 20 -35 6 2 1 -55 8 -39 58 -19 -61 -18 -45 44 -27 -46 53 -12 -40 33 -34 -15 -49 -69 41 34 -82 26 -6 88 21 41 -42 -86 -25 73 -54 46 -21 54 -1 76 24 -48 -66 50 -73 47 -27 65 -60 -45 -96 -62 93 -36 79 50 35 -62 93 -74
-93 -51 -67 21 17 60 90 -94 52 14 78 87 98 -62 -10 70 -72 51 39 -54 -76 -96 -62 -70 1 86 97 -59 6 42 56 -39 -57 -16 -75 -43 56 76 -82 25 -80 -59 -3 42 48 82 -97 -33 -57 -66 92 -63 -25 -11 31 -56 0 87 -56 -17 25 72 71 32 -43 12 17 95 97 16 31 -51 35 -21 1 -91 -100 82 -88 84 36 -25 21 -79 21 -7 19 -99 -28 -94 93 -81 -41 -44 20 47 56 60 4 -96
25 -88 -99 78 24 71 -58 -23 77 11 95 -40 52 -81 87 -48 -67 -13 37 5 17 -90 33 77 24 36 -65 -90 94 51 -33 -72 -39 -40 -79 -64 -92 40 -52 -14 -45 69 -17 -96 8 99 -66 46 41 20 -40 70 100 -67 54 5 10 -3 -88 -20 14 78 -82 94 -57 -79 -28 84 17 78 -69 -71 -8 -23 -35 82 -70 -81 -38 60 -56 58 -96 92 -69 -29 22 -70 -54 -100 -24 -30 -60 35 53 -87 -58 5 52 -82
63 93 10 25 3 -87 73 -95 -83 7 87 49 -44 89 -22 43 -70 28 47 -2 100 0 28 32 -66 39 97 -22 30 47 18 96 -66 22 51 17 -25 31 6 -5 62 -90 8 -26 56 35 -14 97 -84 -77 32 13 -96 -18 47 40 25 63 -3 26 54 -96 10 28 10 -5 81 0 -4 -79 96 11 67 -36 -72 -38 -66 -9 -32 38 -73 91 77 55 -81 24 39 55 57 -92 -53 -70 -88 64 -45 -32 59 2 75 -49
-66 -64 -51 10 -49 98 87 -9 46 -37 -21 79 -99 -93 -20 23 -44 77 -36 75 67 49 37 -92 -79 17 -66 68 -60 62 -62 22 95 -9 -4 -70 -50 -79 -45 79 89 -66 81 59 90 -20 30 -97 66 27 -27 7 54 64 77 -86 46 53 6 11 38 -84 76 -60 46 -93 98 98 69 -35 -87 23 -34 90 84 48 91 -70 23 78 -56 -10 -92 -8 27 94 -19 -16 44 10 39 -34 -39 -34 89 -61 97 -27 -75 45
43 -91 17 -48 14 -86 29 91 -51 -7 -94 -60 -13 47 -53 -97 -16 -34 53 86 -16 67 96 42 -71 -43 -73 -84 64 53 46 4 6 -20 88 78 38 -64 1 54 -14 -90 98 68 51 56 84 -75 86 4 30 66 54 -98 -65 1 55 48 69 -12 75 91 34 27 93 0 75 70 -76 61 53 50 -80 -57 28 38 69 -73 78 -1 63 -38 -33 52 -76 8 -100 -89 41 -32 48 95 -69 67 -9 -74 -38 -65 20 44
-70 -96 84 -74 97 87 80 31 97 23 -42 15 71 6 -2 -10 -90 78 -69 -18 15 -10 87 -84 -40 46 -76 83 -31 -4 -28 92 -50 87 7 42 -16 -34 52 -78 42 -66 -64 -7 74 86 -20 -91 -45 96 -24 -82 22 84 -72 28 -44 31 -100 -66 60 9 -68 -79 38 32 14 -60 -30 -74 13 35 53 47 40 39 -58 64 22 14 50 93 71 -57 84 -15 -72 -10 13 39 93 -87 -71 -44 -67 -92 -29 14 -15 62
25 -59 44 16 -10 -58 -64 -92 -81 9 91 74 1 -16 -52 80 -33 -31 -53 -41 4 64 90 -79 8 85 -39 98 13 29 -82 2 42 99 -70 -69 95 39 -92 -48 65 -50 91 65 60 -53 -83 90 85 27 33 -25 37 -50 -24 64 50 -84 -46 -90 14 -61 81 45 -62 27 12 -12 53 -11 77 -18 -65 7 -25 -2 5 -90 9 -98 -99 25 -68 99 -23 59 0 -23 46 49 34 -85 21 55 66 -94 44 91 13 55
-44 20 -87 45 -75 -4 -50 56 -1 -67 90 85 -85 -84 50 -64 96 -11 -25 -77 70 -54 -32 55 -60 94 -69 -15 100 -97 10 -73 -80 -25 -83 -72 85 97 -86 -42 0 44 26 -12 100 -67 -50 88 48 96 14 -22 -32 95 -27 54 62 60 -90 -11 74 40 -18 1 99 -6 20 32 -96 -18 34 -37 79 72 51 -88 -16 57 -98 -73 -4 17 15 -77 -95 67 -34 1 69 85 -40 44 96 45 -24 -33 -64 -3 33 92
54 54 8 -6 -46 -23 1 4 -35 22 75 -78 31 -44 -95 -35 -29 -39 92 -100 -61 -28 -35 99 -36 29 61 14 31 22 23 -55 82 2 -10 -41 68 42 1 1 -48 -92 18 -14 -77 -25 -72 42 85 -66 -65 -45 -65 39 75 36 -33 44 -5 58 -48 46 76 -5 -36 50 94 99 30 79 45 -100 50 16 -53 75 88 6 56 82 -61 -7 -28 -77 -91 58 -100 -17 54 65 -78 -78 -28 -60 86 6 47 21 3 -50
-59 53 12 -23 -100 81 80 -90 -49 -35 65 15 -14 57 21 40 14 -90 78 -59 -90 81 100 -57 88 79 37 85 -7 -61 -6 7 50 86 50 30 -37 -82 9 90 20 -21 18 -47 2 72 -52 60 56 -54 58 -69 11 -60 65 -12 9 51 -7 83 100 -40 -69 53 38 48 33 17 53 52 -84 -60 -57 44 -83 -73 -91 41 -24 -15 61 -24 -28 62 -1 -32 -14 -49 12 -6 -44 -84 54 31 -46 79 -81 9 86 95
0 81 -82 29 95 -22 -36 -89 -61 -100 25 30 51 -19 -80 4 -2 36 66 -57 56 -73 15 -8 -16 72 95 -69 -85 85 95 48 -39 -82 -74 -27 -85 31 -59 12 20 -23 34 71 52 -30 98 68 -26 -39 -29 86 51 -3 -17 15 -12 45 -26 17 -46 -31 -97 -62 -33 -19 -68 -72 29 -38 45 4 -73 4 36 91 85 9 16 -77 -5 -14 -19 16 -85 21 -48 38 -36 47 42 -58 52 -22 -26 43 -16 -65 -7 -83
-69 5 58 48 7 12 52 68 97 4 67 -7 -52 48 13 -38 -94 15 24 -90 -55 35 57 30 92 98 84 26 -56 69 71 1 28 53 -79 -9 44 -32 79 16 100 80 -45 -9 -30 54 20 61 21 -61 66 25 -62 -48 52 -70 74 -42 77 -80 -48 -92 -12 100 -70 55 -81 84 70 38 -88 51 -87 -68 72 -74 48 -96 -85 -90 13 80 29 -62 -81 -95 -70 57 93 41 -15 -54 64 -40 -49 48 -34 13 55 85
-63 -97 -65 -19 54 80 -90 88 -74 0 31 -16 -63 19 90 11 -45 -74 -55 -75 -8 -22 -97 -37 40 64 -63 85 -84 38 -71 100 25 -44 85 63 -50 -22 39 -61 -63 76 70 -1 -61 78 52 -47 -31 25 36 6 -62 -86 -35 -35 -41 -3 -74 69 59 -91 -97 98 98 73 -84 99 -14 69 -29 75 100 6 1 80 -16 40 59 42 54 26 -50 -55 -54 73 -86 -8 79 91 -9 -99 -64 14 -61 -84 98 50 -68 20
-35 61 -41 -78 -3 -26 33 -44 53 4 -100 5 -99 -76 8 -1 -80 53 8 -44 -56 24 44 -71 -8 64 -69 -58 -29 -29 47 -9 -33 -50 -77 -14 -38 51 45 -24 -13 95 57 11 -36 -77 23 -48 -64 -44 4 -76 67 -50 99 7 27 36 88 24 -48 47 -7 55 -31 -80 -57 -73 56 36 98 74 51 50 63 -52 61 -37 44 -58 54 40 62 48 -20 72 40 34 49 97 65 -84 -44 63 41 9 50 79 -66 30
18 65 -77 11 -70 -30 -2 10 77 30 -6 65 48 -77 -20 50 43 24 -11 91 1 -95 24 80 -90 4 39 -8 46 -33 -89 41 -8 -83 48 -54 69 -85 6 -97 -64 -8 27 -76 41 75 13 68 -68 -77 -70 52 25 48 44 -36 42 4 -20 32 20 -98 -53 -6 -20 97 -40 94 26 -91 -78 -52 85 -77 -7 44 94 22 53 -23 90 -32 -47 -77 77 -8 -25 -7 -75 17 -85 88 -59 67 -90 4 -87 64 -10 0
