100 100
0 -11 100 -84 89 9 -63 -17 77 -76 26 -14 -85 -30 81 67 3 -84 -92 24 -81 -54 52 87 16 -54 -9 24 -84 -75 -42 -82 18 16 -42 18 -96 -12 51 -5 92 -94 -49 38 6 -16 -17 79 -62 8 -76 43 -100 37 77 -16 27 29 52 17 50 27 74 -68 -11 46 -56 -38 2 -59 2 72 34 -77 -75 9 18 52 2 96 44 -2 72 -26 -81 72 49 -54 -31 21 49 -55 -16 27 -5 -79 6 -3 -89 -87
-19 49 27 3 -63 -33 2 -90 65 -78 -52 -73 16 -5 -46 -59 91 -79 9 -57 7 86 -56 -36 40 -81 -64 69 -51 -70 59 -87 -55 35 33 23 -39 -20 -38 25 -21 -10 -48 -46 71 -92 -59 21 39 94 91 -35 61 62 30 71 -20 -61 39 -50 -79 -22 -31 66 85 -50 73 -8 -65 72 -26 81 -50 -92 60 6 16 27 93 25 95 -60 -2 13 -53 37 -39 -92 -95 92 -67 -71 -73 -70 -50 42 -20 7 -74 2
23 95 -68 -78 -74 49 85 -74 94 -24 -9 39 31 -97 34 100 -31 61 -17 93 -4 82 11 -76 -58 22 85 -65 -55 80 75 -82 88 -80 -17 16 -28 84 58 -27 74 -72 14 -27 -97 -60 29 83 39 -67 83 -7 -95 -77 33 91 42 26 91 -81 -93 -30 41 83 79 33 -39 -25 89 -32 0 6 9 -64 -87 -82 85 -95 44 90 -10 21 -95 3 -93 -61 21 32 24 99 47 -76 62 -63 -5 35 17 64 88 -82
38 -75 -81 -92 -42 29 -33 -68 -59 31 99 -20 -23 -56 -15 -21 -11 40 -76 -8 75 63 72 -22 -27 -23 -90 14 -12 -84 2 -97 -16 80 75 34 76 -24 -49 -13 -89 -95 -59 76 68 44 -2 -20 -65 -20 -68 89 95 9 45 -30 2 -37 -48 -45 -9 -45 18 -73 22 74 0 37 -13 17 31 -99 -5 21 85 23 1 92 81 20 -50 19 -97 6 -26 -18 31 -36 -4 -43 -33 -13 36 -50 -41 -45 81 -53 -15 5
-40 85 88 21 70 -82 -6 -38 33 -68 75 -57 -68 -56 -5 -98 84 -100 -61 1 -99 23 -33 -73 -47 -92 -8 -33 38 8 -35 69 -34 -44 57 26 -39 9 40 -51 -84 26 -69 74 34 6 -68 -58 -71 60 62 -61 -39 9 41 -23 -3 5 -95 16 -74 -59 16 5 -8 22 -72 8 -42 52 46 -98 -89 69 44 68 -2 67 -10 -94 37 -8 -78 48 57 -9 -80 40 -7 37 56 6 97 64 -31 4 59 53 -58 12
-39 66 -36 24 21 -88 76 -20 65 23 72 -87 -93 10 -97 -46 -16 -77 -59 -61 -52 33 -12 -80 -51 96 35 59 -35 100 -44 16 18 -22 -20 29 -85 37 -40 -64 80 67 -97 89 -84 60 -75 -74 -38 -12 -15 -51 41 40 -94 86 15 -21 -25 100 1 30 23 78 -27 -90 -50 -64 -39 14 -67 20 77 4 52 -6 94 -72 70 -80 -55 3 -21 97 -65 -14 37 15 -60 -95 -16 -7 -50 66 46 31 -85 -44 8 97
-89 40 -76 -5 -75 32 53 16 58 -75 -14 77 -27 -12 -98 -40 91 -44 -66 -60 -86 53 3 -10 -36 53 83 92 16 -91 19 6 91 -41 37 83 71 65 -39 -46 2 -42 -26 14 -43 -97 56 -85 30 19 -96 -87 42 38 40 -18 -72 47 45 72 83 25 -99 -9 69 21 47 -33 -15 30 35 12 2 55 -74 -21 -87 -80 52 50 -98 -55 90 -26 -80 71 -58 74 67 -32 -90 94 -47 97 25 -44 -20 -17 23 37
-51 -88 -11 28 95 50 -51 91 -8 79 97 -60 -90 -49 -11 60 43 -52 -83 -40 -17 79 -74 69 9 -57 31 17 98 -12 53 92 80 -93 6 10 -63 -96 -74 39 -58 -80 -25 64 -34 43 -79 27 -85 -43 -83 30 -84 15 -69 30 -82 -30 87 -73 -97 -37 38 -23 -17 -25 -57 29 -49 -27 -77 8 -69 -92 43 -55 71 44 17 -32 -37 -6 62 46 -13 19 6 7 -23 11 -40 53 -15 9 -100 73 94 -1 37 -42
67 77 -1 80 -76 -57 -69 -92 -55 -63 -96 19 -78 -31 -40 -82 -54 -80 -94 -11 58 -21 -71 -88 -68 95 -46 39 99 -3 72 -87 18 48 7 67 -57 -100 68 31 15 -18 14 -29 55 83 -17 -25 -72 23 -30 16 -92 22 -33 -48 1 -50 57 66 -99 93 -63 -30 85 84 -5 85 31 66 -83 -47 16 -26 -56 -26 57 -77 99 62 -96 -36 53 82 -60 65 69 -31 13 -2 -23 -23 -73 -21 47 -92 -77 -36 44 -49
-90 -27 34 40 -75 -22 87 46 53 53 -33 -54 -82 -51 5 -9 79 1 -63 1 -11 88 14 51 -94 -76 -93 -39 38 54 49 -89 -81 -68 72 -52 -66 3 -17 64 -62 -17 -1 20 57 -80 -46 -32 -95 -63 -30 29 0 92 3 18 48 -70 21 -53 77 -100 42 100 3 42 91 -42 2 -23 89 -20 36 92 24 58 -23 3 -67 -10 7 81 39 22 95 -20 7 93 43 68 0 -59 -20 -59 94 -87 -9 7 -87 -45
25 -99 4 -52 -17 62 4 88 -23 63 49 35 -28 45 -64 48 -51 -89 -12 -17 -79 -88 24 90 -59 -12 86 41 47 96 -83 78 -50 77 81 16 53 -60 100 97 -71 -83 4 -78 -70 32 -26 -6 53 -11 97 86 -65 34 -23 97 -17 -30 35 -13 51 -30 -64 97 -57 99 -78 7 38 40 -61 26 -18 92 -94 -24 -77 -72 -64 -3 99 87 -11 -33 22 -70 -8 18 -18 30 -93 -56 -5 91 -28 -59 -52 -14 10 44
-35 83 -30 76 52 63 68 1 99 80 -81 7 36 -88 77 -25 45 32 -46 -49 -94 95 17 -63 -76 -88 5 51 70 -43 -71 -49 86 -65 49 -45 93 59 -55 25 -17 43 -86 -5 -46 40 -1 48 -35 23 -62 -97 -65 -25 -56 -74 -91 -42 -49 -20 -70 59 -8 49 16 -88 -42 -34 -58 85 -27 -96 24 -65 -50 45 10 77 -77 69 52 -27 57 -12 -96 92 -44 8 -90 -20 -96 -16 62 76 85 10 -46 6 18 -64
86 -88 11 42 -76 -36 -60 41 71 -2 -21 -11 -68 -77 54 -19 -68 -38 40 -24 -97 4 82 -79 7 -12 23 -97 -18 -7 -12 -56 -87 65 -52 68 34 -36 -61 -34 -88 -91 43 81 78 5 8 -10 -100 28 -36 -3 -84 -15 -8 -33 1 6 32 -4 -6 -64 73 -55 23 -24 3 57 -19 36 12 89 5 -25 -67 9 -37 -100 46 -88 63 25 1 97 4 -42 -33 72 69 69 -89 -29 -36 -41 70 -23 58 -8 26 -29
-86 59 -19 -97 -28 -72 -20 -81 -8 26 87 14 53 3 95 34 -63 -49 -35 -64 0 82 -33 -19 -36 -66 3 -79 -99 22 58 -7 13 -66 -71 -38 33 82 -42 -13 -27 43 31 -97 70 -41 -70 46 93 21 -15 -62 57 77 93 91 46 -76 79 40 -76 -80 84 64 2 65 23 -16 54 -96 -87 19 83 -42 78 -78 -74 -94 57 -43 -7 31 -82 72 84 -76 52 -30 14 89 -7 -28 -88 88 55 -18 35 -12 35 -75
-10 58 -99 87 92 -56 5 21 -96 -52 -44 48 -48 17 43 75 42 86 72 -39 -72 5 44 -19 48 -26 54 70 -62 4 100 3 58 21 -100 88 51 -10 -29 -8 -73 87 -29 -82 67 13 -34 88 -91 -32 -30 62 -94 -7 -6 32 42 21 47 -75 -21 -24 -100 -97 -90 37 -64 84 -45 5 -63 96 17 -89 33 65 -46 -71 58 42 -20 -26 -62 -11 -14 -24 -11 47 -67 12 -35 61 -87 -29 23 18 -78 -20 -23 52
-16 -22 -36 54 -87 24 -25 39 -96 26 -41 67 -70 99 -97 -22 -22 94 6 -34 -60 -56 -3 100 -33 -58 15 39 -93 60 -36 64 14 -34 -12 6 -6 12 -93 22 46 91 68 26 -84 -19 5 -44 -42 -86 -54 -28 -60 -9 38 -57 -49 -35 79 33 97 54 -31 64 100 90 99 -29 -81 -25 -69 -38 -70 -58 -91 33 29 94 77 -39 31 -7 32 29 90 57 -30 13 7 -90 -25 -33 -60 -43 -15 76 13 -50 52 84
100 -16 56 -95 -38 -87 27 -11 -69 82 85 -46 -19 -26 -40 49 -56 -31 -81 15 -36 -77 78 -45 -62 47 -89 -66 -20 63 41 -9 -70 -52 -57 30 52 67 39 11 15 -20 -46 -55 39 -88 -50 51 -94 -55 75 -69 -72 76 91 -29 17 -21 30 82 -94 -39 89 -38 30 -28 -87 -24 12 -55 1 -93 -42 -75 70 38 95 -86 -62 31 -68 12 -63 -51 -96 27 -70 22 -14 63 -11 -85 20 69 -22 -12 -74 34 -73 -94
56 84 50 7 -2 -22 29 67 -87 -13 86 -58 -15 -62 100 -39 -52 23 -64 100 63 -39 -26 61 -15 11 -65 5 66 -88 52 -62 -90 -27 -7 61 -98 72 45 50 -79 -78 66 65 95 68 56 86 -34 81 61 -45 -4 -9 -89 -33 -73 -33 25 99 47 67 -8 85 92 -62 36 1 -87 -51 58 -94 44 -81 -15 -68 -58 -72 45 -25 -51 48 61 -72 -22 57 68 -6 54 9 11 -77 90 96 -28 -4 -3 -97 -9 63
-57 -8 -52 31 -14 -63 -22 98 17 61 22 -90 -38 84 -52 -78 49 78 37 -14 26 -59 70 99 -53 -42 91 -74 34 -52 -72 -47 98 -82 -80 -70 -18 79 -30 66 -2 -39 74 15 74 -38 14 17 -3 47 19 -68 -27 13 7 66 93 -44 63 89 -69 67 -82 23 -87 -13 85 17 92 -54 90 -41 -45 18 -28 -59 74 93 -46 -11 -83 75 -32 80 -22 67 74 92 82 85 1 -74 -53 34 9 86 -60 41 -84 -68
-8 -53 83 44 19 21 -53 18 99 100 31 26 17 0 64 24 -24 -87 -46 -2 -14 -48 -11 52 -74 4 -76 61 89 8 -69 30 90 -18 44 56 -79 -5 -36 19 -55 11 -95 -24 96 -93 -4 57 100 10 86 -2 -100 -41 -15 74 97 40 40 14 3 92 -28 -85 19 55 38 52 21 88 -27 33 22 99 -3 -47 80 -12 22 -53 95 -28 88 18 37 -94 6 70 84 -43 -39 66 -52 -61 -85 -14 -72 -38 74 84
45 27 -1 20 -63 -4 -81 98 35 -2 -81 0 40 -3 82 40 -46 69 69 -43 -41 -37 -7 -61 76 70 -32 -69 13 -50 -52 -77 -68 49 -29 17 -88 -4 75 98 -67 77 -22 87 34 56 17 -78 33 -22 -83 67 -22 -27 20 -56 -75 14 -100 -36 39 79 -50 31 -26 88 95 53 -1 6 -96 -32 84 -4 25 71 -10 -16 -22 -47 71 28 94 44 78 -95 73 93 55 -87 66 -21 -6 -81 23 -92 -19 57 54 -1
38 94 -18 -27 -92 44 -62 -53 -39 -52 7 -7 27 -84 -94 65 93 -14 -63 53 57 -76 37 -87 -25 31 29 -12 14 -74 -76 15 -33 -15 -94 -45 16 -86 45 8 -56 41 41 -100 -89 5 80 -55 84 -95 54 77 -50 80 64 33 -18 -14 61 -64 61 1 -44 48 30 -82 -11 -76 67 79 48 8 -60 -40 -27 39 -17 67 -93 -36 7 -49 -79 42 82 -21 -73 42 -37 9 -51 34 -24 37 -46 25 47 -8 20 -45
42 35 79 7 -46 -81 95 -71 59 55 -92 25 98 40 59 -73 38 54 -71 -29 -63 42 4 90 50 92 -39 -20 50 -82 -5 -69 10 -99 -80 -66 91 -59 -45 -62 -66 -29 19 63 -29 2 82 16 -76 1 27 15 -99 -3 -3 -66 -51 19 78 99 -41 70 10 31 87 -6 -36 -3 43 -43 -72 -61 89 -20 97 85 72 55 20 77 -17 -8 -55 89 74 21 72 63 26 86 100 -86 -82 -67 42 -80 -17 35 22 7
61 -4 50 -93 19 74 48 -65 74 38 33 34 99 -57 19 -47 -12 -51 -68 -15 -29 -78 63 88 -29 8 -52 -89 23 -93 -46 -79 -97 53 35 37 -92 59 -8 -56 3 64 -61 97 75 11 -44 93 58 -29 -11 -4 36 69 -100 -51 -25 -40 74 -93 29 83 37 -49 -96 93 17 64 73 78 64 -59 -40 -32 6 53 83 -83 -33 14 -56 44 92 65 -7 26 -17 94 8 -25 -5 42 -41 93 25 -70 -50 -22 -48 5
-12 43 -57 14 -31 -50 -72 -12 -88 -40 56 -62 74 79 -96 -36 -94 -64 -3 59 -48 -33 44 -85 45 38 99 -40 -12 16 64 -20 23 52 22 -42 97 18 69 28 84 -31 -71 82 -43 -4 -73 -84 -18 53 -84 -14 28 -24 -36 97 7 -51 63 40 33 74 -70 -100 52 97 68 -52 38 67 -98 85 -15 -88 23 -86 -26 -2 -55 15 -63 -98 -87 39 -70 91 83 19 -4 34 63 -45 98 -53 16 -43 -61 -38 2 -25
64 -88 -94 -3 -37 -21 -23 46 69 7 84 24 -94 -75 -72 57 -97 -80 33 -72 -92 -4 -88 -50 -7 -44 -63 70 78 -12 68 9 -17 -69 -79 81 81 -52 7 -1 0 -34 54 -52 -81 -49 44 25 50 -46 -34 -22 -3 6 -9 -14 85 -6 -49 -4 46 28 50 63 95 -39 -90 -33 -73 -22 -41 19 14 -79 -84 96 -53 -43 -4 -45 -50 -25 63 55 -93 57 60 6 7 30 -16 50 -79 -75 61 30 -72 38 44 -41
22 -49 63 72 -25 -94 -94 38 -46 -36 57 82 5 29 -56 91 -28 -78 -27 81 39 -12 -90 89 91 -80 14 89 -39 -57 -41 76 52 -16 -2 2 -8 23 -33 55 55 54 52 -32 37 -79 16 -32 82 63 74 60 80 -27 -45 2 29 33 -21 -81 -24 68 26 -16 63 68 -58 90 80 36 97 5 15 -31 28 -34 51 1 -50 34 83 98 -96 -1 36 -25 -83 -21 -98 77 -57 94 -66 95 58 86 12 50 -42 -41
52 -22 21 39 -100 -51 -78 27 43 48 -48 2 91 -12 -100 -46 23 21 14 22 -10 -51 -32 -11 52 57 -32 3 14 -2 32 75 19 -52 64 -82 -72 98 -44 12 -63 -64 -15 -44 24 24 79 -77 65 -50 -67 65 37 -73 29 -44 -57 45 -82 58 53 -48 13 -25 -80 -8 -80 -10 -97 -57 -25 -45 67 -74 45 58 -62 29 -21 43 51 -65 92 21 -15 -62 -19 -26 -89 -87 14 99 -86 61 -94 -97 27 60 65 -96
66 -16 -25 -77 -55 28 -73 -97 33 -97 -3 70 -33 -84 -25 49 29 -96 68 -31 -36 -50 96 -67 86 -3 93 -63 21 -95 33 79 -73 -69 22 68 -46 81 1 55 -46 0 -82 44 68 28 40 -15 -42 -36 1 96 7 32 -25 -68 -45 -85 4 85 42 87 -73 75 43 -10 96 -61 -46 86 96 57 -15 -49 44 54 -63 -56 58 -85 -37 -40 1 0 -78 88 36 9 99 11 78 36 -26 37 -19 63 -9 60 -51 31
-44 -71 -38 -81 32 -44 -49 87 -69 90 -7 29 -36 -65 46 95 96 -54 84 36 -20 27 -57 87 37 -85 50 17 -81 19 82 -58 25 69 60 42 44 22 -36 82 65 94 -59 -61 -6 -47 100 17 -8 64 -92 11 3 87 -83 -58 -34 16 -73 -86 -29 -90 -58 86 7 3 -44 -56 -67 52 -85 -16 -58 39 -52 -15 -33 -44 11 -57 46 -42 -28 -98 -54 -8 76 -5 -93 49 76 100 -26 80 -90 -2 -30 -70 -34 71
-39 78 56 3 -95 53 -40 26 66 -71 8 41 71 60 32 11 -60 -18 -83 2 -95 84 59 34 97 92 27 -39 2 -6 -35 -58 -1 -96 65 -37 -53 2 -47 31 -37 38 -24 -100 -58 -37 -100 53 31 -28 -76 -98 86 44 -15 47 -95 83 -42 87 61 -84 -5 -24 39 94 -42 -52 58 34 25 -20 15 -74 100 58 -25 -42 -66 5 -45 81 84 -91 -100 58 -56 -20 -52 -92 0 -12 -94 -44 31 60 20 90 6 -75
-41 8 2 -70 -31 88 -5 -17 -7 -1 2 80 -78 52 -10 20 12 3 11 -9 7 70 -65 21 15 58 -23 -49 89 -37 -75 -80 -21 -15 68 -37 61 72 -1 16 -64 -23 67 100 84 -62 76 -99 18 -25 -6 -28 94 -89 48 36 -92 27 -1 63 -51 3 99 96 -71 56 13 76 -88 -14 74 -84 14 23 -93 90 -18 -78 -1 -18 -53 75 -16 96 -44 -14 -27 -39 -75 85 71 -14 23 22 -41 86 -25 -65 78 -65
-69 5 -43 -25 -96 13 -80 2 16 99 73 47 61 38 -30 17 84 -79 62 -81 53 37 -15 80 54 92 -73 6 -39 66 -58 -42 -71 -90 -30 -33 81 15 -61 79 -93 -57 -68 -37 2 -82 86 1 57 -73 37 -87 -70 -77 -70 49 7 5 -97 -51 55 45 39 6 -96 10 87 90 -13 -19 -59 11 81 89 -27 76 -84 -75 37 52 30 11 49 91 -31 -18 -26 -5 40 -15 50 88 43 -26 -7 -49 -14 65 -32 -14
50 38 58 -27 64 28 82 -96 -82 -71 3 70 52 -36 -62 -60 -3 -3 -74 -95 -12 -33 98 41 -61 53 -73 -91 -32 -5 92 -70 -37 72 -5 -23 19 -87 61 -65 69 84 -66 42 -35 -86 66 -6 88 38 64 -97 -99 -41 -32 74 2 -28 36 -59 -18 -86 10 3 48 62 62 -3 -79 -33 -93 3 -65 66 -1 -23 1 77 26 26 -95 86 44 61 -87 -33 31 -40 61 11 49 32 -22 -64 -100 95 -40 -67 -97 38
-98 -88 28 -83 49 -89 -8 -25 -62 -92 -74 93 66 45 78 23 46 47 33 16 43 -29 -6 -60 -90 81 24 18 -14 -93 54 -20 -91 20 -23 16 -34 -16 54 -42 -27 32 -16 -29 85 -90 -96 -38 -17 7 25 40 -83 -27 -87 8 -72 -24 -21 93 -24 79 29 -53 24 62 -16 -17 -6 39 22 19 99 -32 -54 -70 -81 60 7 -67 -60 -75 58 79 -58 -28 100 44 40 32 100 -93 -29 85 73 51 96 -9 -59 81
29 18 -77 -78 -50 -67 -47 17 49 17 -87 94 -86 -74 96 -44 74 -51 -19 -89 -76 42 -23 -93 -76 -38 -37 -49 47 -59 -34 84 -32 -63 71 -74 -55 -47 -96 -37 -45 -3 32 -99 -92 85 18 39 18 -13 55 48 -28 14 18 13 72 -40 53 -75 80 -98 57 -9 21 37 -3 -94 75 52 83 78 26 -41 62 -31 -43 -40 -55 -100 39 35 86 -51 -79 15 25 -41 -56 95 -66 22 35 -93 -45 16 -39 72 39 -11
-49 8 -24 40 -38 -51 -38 27 -32 7 16 -83 -85 33 88 15 19 5 -59 -69 -18 -97 -68 -6 46 88 -94 24 59 97 9 41 -26 -47 34 -46 -50 4 -66 82 -27 -90 11 -95 43 -70 76 -76 -93 -98 -9 11 -24 87 -69 87 86 -42 -28 -72 -9 -98 31 -88 85 -65 71 58 -30 74 -63 39 -86 -31 98 -23 69 53 -45 -24 9 -1 23 44 90 -86 -22 -40 86 -32 31 -41 -94 86 32 -80 67 46 -91 -55
-34 99 64 -78 25 89 -66 97 87 82 46 -36 96 93 -10 35 61 84 -66 -31 -13 4 -54 81 2 7 -84 -76 85 1 -51 -67 1 -77 -34 34 34 -75 7 43 -67 72 -47 -76 -10 21 -51 67 93 81 -28 19 -35 13 56 -11 -64 -45 46 12 -76 51 85 -46 -61 -81 43 82 62 -66 2 33 -85 50 82 -81 50 53 -32 27 -92 -65 -6 81 66 -62 -57 22 43 -29 99 58 -14 68 -42 64 -8 -67 85 -93
65 54 50 40 67 24 -75 -41 -43 -26 -32 5 -83 90 -45 -79 63 84 -21 -61 -24 69 -100 10 83 100 -21 75 -100 -82 38 10 20 17 50 -3 -100 87 72 56 -78 -47 -99 -92 22 -37 -42 90 98 -35 67 -7 -68 -19 -49 -14 -92 -12 -96 -71 64 3 7 -31 20 0 -19 54 -11 -94 -12 -79 69 -78 46 90 -45 -60 71 -36 -55 -75 53 -47 -87 -63 -80 -29 -69 88 41 -36 -74 -46 79 -46 -47 78 -20 -56
-86 33 86 -30 38 80 91 31 -89 -21 52 -38 -5 -59 83 -24 -15 80 -71 29 -88 60 -100 4 -62 -84 44 -54 55 63 -30 -73 -98 75 17 -90 -56 98 -54 55 34 74 -93 -62 95 55 77 -24 -29 -58 8 61 -49 49 -12 -22 -39 3 97 31 77 5 -91 61 29 29 -91 -25 92 -1 -84 31 -1 20 -45 -55 -41 76 26 56 5 71 -39 -51 -1 -94 36 -25 -26 -65 -94 80 -78 -96 72 36 -84 -64 -53 32
-53 44 39 84 -17 -3 -30 40 55 -66 39 -55 64 53 10 35 -25 -93 5 10 54 45 -26 -99 50 -19 42 -43 -13 -83 -80 -17 -19 6 35 -99 0 -97 -62 -39 -91 15 -81 -9 -24 52 29 83 23 -67 -94 39 91 -23 64 8 -79 -34 62 70 -59 22 52 46 12 79 -4 89 -72 41 48 -46 34 25 95 50 -52 -42 -6 87 12 46 5 -80 91 18 53 -55 -7 -16 75 -41 56 41 -2 -44 -73 -54 -81 68
-6 -51 91 -22 61 -28 20 36 -36 56 78 46 21 -82 -51 33 74 -54 83 -84 -47 -40 70 -21 -26 53 -8 -76 -8 53 90 47 -90 -55 -50 64 -1 34 86 -78 -85 -7 -81 50 -30 15 49 -39 21 -42 24 -15 86 26 -63 47 53 71 -94 -76 36 -45 78 90 -87 -89 -80 16 -55 -69 64 -25 11 64 -96 -48 22 -3 69 -65 -33 -47 92 39 58 -59 -17 -95 13 65 -28 -68 -81 30 -47 95 -84 -64 -81 57
20 68 -80 72 25 -86 69 -97 -50 20 83 9 68 57 -48 87 1 34 -1 25 89 -86 -64 -17 -67 57 45 15 -65 62 36 -1 77 -7 -99 -47 58 -60 -17 39 13 -41 52 26 -65 -96 58 94 1 20 -20 26 52 -14 0 1 24 23 82 9 27 41 16 -62 46 58 18 43 -68 -65 -50 -15 -23 61 58 -23 -57 42 -21 -62 64 -5 73 -45 68 43 -65 5 67 95 48 -15 -71 -93 -43 -12 84 60 -15 -7
-80 94 -66 -55 -54 -83 -71 34 85 -76 -31 -2 -50 -2 -80 -86 81 53 -47 45 64 45 61 -90 -53 37 -24 64 6 36 24 -36 -67 56 85 32 -27 -28 58 47 -31 91 76 -88 41 -40 -65 -55 -56 18 23 29 93 -23 -57 -78 34 99 -16 -65 59 -11 50 -27 67 -83 -90 89 -76 40 -73 61 -80 85 9 -59 -54 -49 -71 46 69 16 -16 77 -16 -19 82 -3 -12 41 -18 -74 -79 25 -3 49 -27 61 -59 76
40 -9 -32 46 81 72 -24 -30 -77 53 87 -2 -42 -59 -74 -19 -80 53 -29 1 -21 47 1 -42 -52 11 48 -13 -99 40 -34 -93 47 9 -26 44 63 64 75 -68 95 -2 -32 -47 39 -24 9 27 -22 -95 -54 -14 11 -90 56 11 -41 88 -44 49 18 25 -59 32 88 42 96 6 2 -23 46 31 -53 40 19 -48 52 19 99 -63 -53 90 -28 80 -14 89 -12 -36 71 56 69 50 62 -60 -21 -81 -40 10 -82 -73
-26 82 -18 27 2 88 55 -90 -89 56 -2 -59 13 8 73 90 94 -4 17 36 -48 94 85 -33 43 46 -42 -76 66 78 51 44 -25 11 88 88 -68 40 81 -60 -15 64 -3 -61 -53 -17 -35 -48 62 -48 -9 -91 -29 -52 4 -4 64 -62 -53 -19 35 80 -38 20 43 2 -25 -5 70 -85 88 59 37 55 -94 -9 -5 56 5 45 -47 51 17 10 -57 37 -42 13 -34 74 60 -95 -56 15 51 -44 -94 -46 42 48
76 62 -69 13 39 83 -9 -89 -60 2 45 42 62 82 1 12 -37 -49 -11 -83 56 -84 68 -95 -47 97 44 -41 69 -71 -94 -57 23 -69 -27 -48 56 76 30 -75 69 -59 -54 -4 -14 -1 -55 89 41 -4 58 68 -81 32 27 18 83 -17 -61 -53 -11 -95 0 -25 100 100 92 54 -100 12 -66 -7 42 -25 86 -73 68 10 30 -67 -72 37 50 -35 65 -53 35 76 67 -73 31 90 -15 -22 -14 -33 51 -72 -35 -96
-14 -17 -91 31 97 -31 41 -79 86 -23 80 72 41 99 -71 -7 -14 70 53 -40 31 -80 7 -90 12 42 -46 64 -24 -47 35 -31 -65 -28 -36 -99 39 38 -10 -87 -12 74 -10 -3 82 -65 -73 86 11 66 -89 28 -76 -11 4 -67 38 97 94 18 -55 17 10 -51 -36 -18 -21 9 56 -74 63 -21 71 22 -63 -15 39 -69 -63 11 -2 -77 -30 -100 -83 54 -68 0 -88 89 -32 -40 38 -98 -3 -26 100 -75 55 -65
-57 1 -72 -75 32 15 -87 -42 -39 -65 -15 6 31 25 -46 -67 -46 94 -35 -79 10 -5 -43 -43 -32 77 -8 64 -32 90 3 10 13 24 -98 41 11 100 56 -29 15 -84 -20 0 8 13 -8 -60 -57 43 -63 -35 -30 -73 -4 4 6 -8 48 -24 -49 37 -35 13 -26 -45 -19 -51 32 -41 -65 -51 93 42 -93 -55 57 -44 47 -74 12 -40 -43 90 93 71 55 81 1 -34 48 77 -42 -97 -28 76 -16 24 -6 -48
-55 77 41 61 -25 60 -44 -81 12 80 -57 40 -78 -39 -58 -20 -40 -61 51 -7 -16 -46 -76 93 95 28 -25 -97 74 87 32 -88 51 -39 -21 -39 26 92 19 -100 96 25 -47 84 -28 47 21 -59 -26 22 99 -52 56 50 29 -28 -13 -36 -86 -56 -50 -2 31 8 36 14 4 -4 -31 -39 -5 -25 -66 -27 0 -9 66 -7 37 -76 15 56 87 -34 39 -87 52 -62 0 80 -66 -78 -87 -1 48 6 -71 -60 -40 56
58 11 0 38 78 -80 64 56 -77 -40 -84 -42 81 70 -25 51 100 4 66 53 -24 78 -11 5 19 54 30 39 -64 81 79 -63 -18 13 -87 -16 32 55 -68 -85 16 -31 70 4 17 -54 -97 50 -25 60 -83 19 43 -26 -83 11 43 -13 -38 17 14 -40 -55 -43 -25 -22 83 93 -42 -59 34 37 -5 50 60 -36 -43 -81 55 -62 91 -77 -63 55 -83 44 -64 62 -18 -59 4 -98 71 39 56 -51 81 55 -38 -100
-24 51 -51 66 18 38 14 -50 36 -84 12 -20 51 39 37 97 52 -43 49 58 82 -99 -8 30 28 -62 -35 53 35 -11 -84 -23 -85 10 -55 -69 -98 33 11 85 57 -84 28 -71 28 92 -19 -72 -41 -60 -55 -35 -59 100 -66 55 -15 -19 -77 99 63 38 70 -35 88 -74 -89 57 98 83 -23 -43 -32 -45 -23 22 -40 -1 -42 66 59 -1 -30 -87 -94 -32 -58 55 84 -97 -21 -4 -56 79 -73 -67 -74 -68 73 90
21 64 91 -54 -50 65 34 44 55 -24 89 95 91 2 60 15 23 38 5 -97 -4 -65 12 81 -80 4 -59 7 -59 -5 -58 -3 87 -61 -53 78 -45 -68 -65 -9 57 -34 38 67 59 -97 -69 -92 43 -40 -82 -8 -45 10 15 -22 -84 -15 -36 -91 6 25 -84 75 47 93 32 42 26 66 49 74 75 78 38 -41 56 -75 -82 -91 3 32 12 -95 85 35 -94 25 79 -33 -62 -58 98 81 52 1 -49 -85 -78 88
73 -9 69 49 4 41 -54 6 -75 22 -30 15 4 -70 -41 -16 4 69 -87 23 -41 46 -67 -22 -56 -73 -94 -8 -83 -6 -29 -22 -37 17 67 -50 -38 -81 70 -47 -60 -36 1 96 -48 -85 76 -29 20 -17 -97 72 88 -57 -46 45 -41 -9 -82 -85 48 85 5 59 31 76 44 26 -25 53 21 75 -65 20 -58 -39 -68 -54 24 33 -43 -61 84 56 73 -68 -81 77 39 -31 99 -82 42 15 -11 43 93 -93 12 47
24 60 9 -24 -84 86 84 36 28 -2 77 12 20 -46 -63 16 -18 -49 31 0 -73 -19 -48 92 92 -79 -10 5 5 -89 97 60 14 -59 92 -100 -10 90 94 46 62 42 -72 17 9 83 36 -52 40 -49 -80 -76 -93 -74 96 61 84 -18 53 -98 -61 57 81 28 -36 -65 -5 33 4 -83 16 89 -61 -88 11 82 -17 51 -43 -74 -96 85 -4 -80 48 44 -8 53 7 -65 -34 -94 28 2 28 25 -20 2 13 -64
-75 50 -60 -89 36 16 -34 -53 -47 41 -89 -53 62 -34 -78 83 -33 -16 88 -20 -89 100 -36 -84 -67 45 -50 -52 -36 -5 34 -81 100 -82 22 -58 4 -56 79 -74 -30 -63 12 87 -51 -54 14 -15 -100 -97 94 -11 83 -53 63 18 41 20 67 51 -96 47 79 88 0 -24 -91 38 42 -3 -24 -62 23 21 -90 53 90 -53 -85 10 -80 -99 42 28 13 47 -1 56 99 -72 99 -16 70 24 -53 -77 -25 34 -16 -29
42 0 44 -39 94 74 -35 20 -43 78 24 79 -5 30 68 -71 63 -53 34 68 -63 -64 -65 -7 61 -56 -11 -70 -14 20 56 -33 44 -68 -18 -52 -62 31 30 -10 18 -57 46 -78 12 93 -52 -91 -16 20 -75 3 5 33 90 -21 -64 0 -6 55 39 -74 13 23 -24 -72 63 -2 89 -99 -62 42 42 20 58 -44 45 9 -8 -84 67 -65 -70 -23 -44 -70 80 34 22 99 87 -53 -59 -37 -3 85 -6 17 73 62
56 19 76 16 -62 44 -69 -2 -64 21 -32 -83 33 -31 0 -15 60 -76 -66 90 57 -14 28 73 -72 24 34 -100 77 -16 99 62 47 100 12 -3 -10 -47 43 -35 93 -91 -62 27 -70 27 33 9 -8 -45 20 60 94 31 -7 1 -71 -12 -83 -6 -16 0 45 -4 -18 -84 -81 46 -53 -75 26 88 22 -80 51 -17 -42 53 16 100 -91 65 -99 98 15 85 3 -56 -14 90 -3 -68 -92 -69 61 -48 -74 96 88 94
-83 -57 -7 41 -46 57 91 14 86 -55 -17 -53 37 74 10 -48 89 68 9 17 16 -93 -38 -22 -60 -22 -22 -40 -4 -14 -3 44 55 52 -22 -83 -47 61 -13 1 10 -27 24 -46 7 64 31 45 -33 37 25 -84 79 8 -96 57 -53 0 60 -66 -49 -30 -42 49 62 -12 87 98 -89 -84 31 -55 -63 -78 -34 -48 -79 57 -5 -9 56 39 -87 72 -2 -56 -39 0 36 -95 -15 84 81 32 62 -21 65 58 61 -72
78 -92 100 -100 2 -44 -70 99 48 -2 -43 -11 16 51 -20 6 -35 67 -79 21 13 70 -23 91 -84 -46 3 4 88 11 57 -21 -46 -97 48 -55 69 18 38 -27 -6 -50 17 -20 -94 -69 24 31 -7 62 -17 35 36 32 -30 52 -71 -68 0 24 -7 99 -88 -42 56 84 11 -16 81 -98 -83 -82 -1 20 84 -56 15 80 -7 98 -52 -6 -52 46 98 98 57 27 -41 36 -75 -38 -27 -79 94 -47 -91 46 80 -91
64 4 -68 7 25 69 27 -53 -52 -26 -72 -94 0 26 87 -86 -54 -43 -36 -10 42 -86 -60 49 -56 -60 -24 4 -92 -70 -86 46 -92 -52 84 -64 -91 80 29 -14 -32 -66 99 -38 62 -58 84 53 -42 31 -30 -84 -57 -79 58 -18 -50 -46 -60 15 -5 37 -51 -61 78 90 42 -69 -36 4 -7 85 -93 3 58 -15 -16 -5 -79 -48 1 36 42 27 -58 90 -24 54 -75 69 -82 80 77 -48 -4 -14 49 -38 71 -29
11 -63 42 -16 -10 -45 100 75 10 -12 100 34 -78 1 -77 -7 -80 -61 71 22 45 -71 3 60 -35 -24 51 94 34 87 -52 -51 -100 42 -24 -46 22 -24 -83 54 4 70 -20 44 -11 24 -49 48 -22 97 1 64 12 -50 0 0 80 24 15 -6 -86 -23 94 -15 32 -19 85 79 61 22 -51 53 -83 68 41 -41 -36 2 -41 -35 -56 41 -74 -4 38 95 62 82 -47 -23 -67 -76 74 -6 79 -86 79 54 -21 96
52 -1 -65 80 -16 95 47 56 -46 33 7 -22 -36 -54 36 -81 61 85 -95 83 62 -66 -32 55 76 -52 13 30 -55 -36 -1 -32 60 17 90 96 -71 -75 -50 -82 -91 50 19 9 -30 -30 34 32 57 85 5 -71 55 -43 -13 -93 -52 22 14 -69 -51 -21 -85 32 77 49 -32 7 87 -18 -93 7 25 -22 75 -96 24 -6 4 60 -6 62 39 -54 24 78 -76 19 -74 -22 -66 93 -66 60 74 -19 -37 -50 -64 -64
-13 83 -45 11 7 -73 63 -88 -25 -73 62 -57 82 -93 34 -3 -66 -16 -41 17 73 9 33 -59 -89 -98 -25 81 -27 -60 58 -46 1 -8 44 57 79 20 -31 56 -59 -44 78 35 -72 -8 37 39 5 39 -54 21 83 4 -75 -87 -34 -42 51 -3 -15 24 70 -78 41 8 -64 -29 -84 22 3 -44 -27 43 -97 -46 -10 -23 -44 61 78 -6 52 2 90 24 45 32 12 -33 -8 -54 7 -88 -83 -47 79 -78 -55 -12
-74 -94 70 -81 -97 23 -8 -51 8 -42 -43 25 -75 -91 84 -13 -52 -4 16 73 -49 31 36 100 -35 -2 20 -54 -99 3 -87 30 -48 -18 -89 43 0 34 97 -23 6 -15 41 74 54 91 96 35 -49 -43 -20 -6 95 -4 -43 -13 -79 -16 -46 41 -20 69 -89 21 -64 44 -14 -56 -99 98 -29 20 78 93 24 53 16 12 -16 -1 -83 -54 -92 -52 -33 -76 -93 -15 -21 67 18 100 50 -13 3 18 18 -79 -69 66
-68 44 98 -72 -51 29 80 -83 -46 78 -25 -38 -49 88 46 20 -52 20 41 -79 -29 16 58 -57 49 -12 -68 52 -55 -66 49 3 -58 70 -25 -76 79 -29 -29 -3 -46 48 -59 -21 7 -22 12 38 -94 87 87 -21 -19 -80 81 32 -41 -39 -62 74 70 -44 -81 95 -95 -28 -83 36 -76 56 -36 54 76 -6 0 -45 19 33 -60 -17 28 69 60 -88 -23 83 91 14 92 26 -18 -11 77 40 62 -75 99 35 -20 17
22 32 65 -31 -58 64 -41 89 -53 33 -22 54 2 13 -76 -31 -96 -40 17 57 45 35 -96 -37 71 9 -57 -18 -37 -32 41 -56 94 69 37 -42 24 53 -15 28 -6 82 -50 79 -32 -96 93 71 98 56 -6 87 -2 7 82 98 -24 -100 85 33 74 -77 -71 -98 -22 -27 42 -7 -38 88 -20 11 83 94 1 90 16 -89 8 26 -8 -46 92 94 -47 -67 32 26 24 -100 -82 -85 76 41 92 -4 -29 92 -56 75
-82 -97 7 -57 29 97 -72 -77 62 -81 -60 -73 -65 -77 -25 41 75 -26 -42 -31 -82 11 54 -96 -29 -29 -83 66 -29 -53 -68 -1 -73 -40 58 -67 31 -82 24 -14 -16 21 -56 -36 24 68 -7 90 -68 71 50 9 46 -91 -15 52 22 43 40 -33 90 -79 25 -34 71 3 -39 -27 38 12 -44 100 -29 5 -73 -52 -45 99 -65 86 -12 30 -74 41 -17 -75 -57 -69 11 -93 -5 20 -24 -30 35 -27 -41 -88 48 1
43 2 65 -28 10 -100 -73 23 73 19 21 -66 61 96 92 85 -44 38 42 -10 66 39 -54 38 -76 64 -29 100 43 -32 20 -57 -36 62 51 56 -86 74 44 19 37 -7 -97 44 -25 -52 -51 -30 28 30 88 -54 79 -66 -11 -58 -28 3 -4 -2 -26 96 70 34 -13 -47 -62 -18 51 -15 72 -77 15 -41 22 -75 99 -83 23 21 54 -94 79 79 20 4 -89 -100 91 23 -60 -2 -73 88 -58 -36 -68 -6 -92 70
-66 51 47 -55 39 92 14 -24 10 -15 -100 71 74 -6 -81 62 -69 35 42 -76 -68 -57 34 -48 62 98 -8 41 -58 -86 -99 51 -92 -20 23 -93 -30 -22 -83 88 -83 -62 45 -11 91 -42 -8 30 25 -94 -32 -42 34 -66 -27 -68 -17 88 -44 11 -59 -82 -35 -50 -31 -27 -77 -55 -27 65 32 66 91 49 -41 39 -36 30 59 50 -95 -38 -84 53 -96 9 4 76 -90 -32 13 99 60 -49 53 -93 39 -68 -65 42
-82 -70 -69 -40 -87 1 98 34 6 -70 91 -73 5 -50 -68 -18 -62 27 57 -100 -80 -67 -31 4 75 -70 -5 57 -63 17 93 -87 70 -35 -61 0 27 83 -58 -31 -1 6 -43 19 -93 -96 66 -26 -5 -66 -22 -35 -35 -35 -29 -5 88 -39 -14 -78 24 34 -8 95 -59 -83 -95 -17 55 27 83 72 -2 83 -39 65 88 52 -54 -23 -51 -52 -91 -14 74 42 38 91 52 -82 90 -59 81 3 -74 78 32 -81 -65 75
81 47 34 -99 -3 -39 49 59 -91 -24 -29 -68 -53 -82 64 -53 12 9 25 -55 -69 -29 -86 64 6 -37 -9 -66 62 43 -48 -37 -38 39 -22 -80 36 -66 -45 -73 -86 -24 41 5 -37 92 -60 -65 74 -63 39 -12 -81 -40 -32 45 -26 -41 -3 -70 59 44 97 22 10 -69 85 7 -50 89 -48 -94 -85 73 -36 58 3 43 23 46 -2 -24 -61 8 89 31 85 83 92 68 -35 48 -6 66 -81 -81 3 55 -61 42
-77 -99 -11 -44 28 71 71 64 39 -60 63 -34 -95 -51 -26 -42 -94 94 50 74 -24 -8 9 57 27 -77 2 -49 76 81 78 -20 69 -53 -11 -77 -51 -95 57 -37 -99 45 -73 -54 -82 10 11 69 -90 -45 52 51 -87 21 97 -2 58 65 85 -57 -58 -97 35 -13 -20 -37 -39 19 76 36 2 -40 96 -36 86 -86 -34 -33 9 -45 -63 59 -40 11 -4 76 -22 -41 14 32 22 -64 1 18 23 67 56 -5 -67 -2
-30 -22 -86 89 -51 40 87 78 47 -2 35 -65 -69 57 -83 -96 -19 -60 22 -25 -44 -3 42 98 98 81 -72 -43 24 89 94 -20 -69 26 50 31 -16 48 24 -38 -56 11 71 76 52 2 69 -89 53 -95 100 -25 46 -65 92 9 82 -1 72 70 30 69 45 -80 -48 9 -73 12 -75 -31 58 -33 -81 29 71 14 -40 17 94 29 -21 -21 0 -43 57 1 64 46 59 -10 29 -80 -55 74 -54 65 88 -92 -48 63
-28 82 83 61 53 32 73 2 -7 36 -84 61 -15 -89 -14 -38 -41 -39 -84 -23 30 73 75 9 36 6 70 55 50 69 36 80 57 17 -13 -82 -24 95 37 87 12 -40 55 -6 -33 -23 76 28 -90 -9 -47 1 47 46 91 62 -19 -64 16 71 -32 -59 -49 12 -69 25 96 -70 17 -98 18 30 -77 50 -17 49 93 -87 -70 63 86 -28 10 -19 91 -2 -8 56 -32 -7 -27 19 -97 -5 -36 91 -88 45 -67 -67
69 55 -28 -99 -95 31 57 -39 -92 -47 -11 -89 -71 59 -33 36 -33 54 64 77 -24 66 63 -54 -47 -40 76 99 -63 62 98 20 87 42 -32 23 -30 97 12 74 -9 -10 -46 -82 -57 41 -64 6 -100 1 17 -41 -34 58 -79 -31 -19 82 17 96 -59 88 -59 58 -75 91 -21 -98 -53 -9 -21 -84 73 -7 55 43 -1 74 -98 66 15 49 -98 -45 -53 55 23 -70 -83 59 90 -52 7 -34 -24 54 84 75 -34 6
9 39 -1 34 -93 -10 48 37 11 -36 -35 -77 38 5 -13 -27 -66 -40 -4 -56 -99 -49 24 9 66 75 -24 9 -67 75 -87 -96 -48 36 -40 91 74 -17 -21 15 89 -96 20 -90 -88 -4 -83 -8 68 65 68 -14 1 83 51 -63 -26 98 39 -77 46 73 12 -48 34 48 15 99 23 -72 72 28 -86 33 -85 -55 0 -84 37 64 -11 75 -41 -57 -36 -9 -80 -83 0 44 -33 9 78 -41 88 -56 -99 -89 42 -30
-59 56 31 -37 49 1 -95 68 -34 -72 76 86 -94 -28 49 -16 -24 -99 -75 86 11 -81 -63 -52 -78 -47 -10 7 71 -95 -74 24 7 50 -92 63 32 -86 -67 65 -53 30 28 -60 -59 -69 68 89 4 4 -98 14 -86 -97 92 45 97 -45 49 97 -17 -83 -35 -20 -51 14 -78 -86 -97 -22 90 92 57 15 100 -19 -38 37 80 81 1 70 -14 86 -69 -31 -84 9 -71 3 -63 18 32 -97 37 69 -24 3 -7 -74
27 99 -52 -64 -86 -79 13 89 -69 50 -22 53 41 46 -56 13 -18 -63 -35 -61 -37 -7 -53 -32 30 -94 -90 95 -2 7 5 -27 -50 -50 53 59 -12 31 64 -49 39 -25 -22 -59 5 -20 -45 -28 -73 55 -83 45 -45 50 -63 25 9 8 -15 71 -14 9 94 11 -4 66 26 -75 25 -77 -28 39 -39 23 94 -50 53 8 83 -18 91 74 77 73 41 -78 -21 -66 -53 -5 40 -4 90 86 40 83 -20 -8 65 24
-10 48 -52 74 -74 74 62 -49 37 23 -88 -59 98 22 79 -21 15 -21 4 77 60 4 60 -5 67 78 90 50 8 76 -41 -85 99 54 91 14 -74 -18 25 -89 82 30 -88 97 88 -24 9 -93 98 -45 -64 -58 39 -34 -31 -60 -14 -53 42 50 79 78 75 88 -11 54 -38 -48 55 7 18 16 -68 91 -21 57 70 -83 25 68 -87 -72 -83 96 100 82 97 -69 -29 77 30 -20 -61 -7 -44 -62 32 -92 -30 -7
-34 61 -82 76 7 -5 25 80 98 74 28 2 -76 -10 67 -12 97 82 67 -47 89 86 89 7 -72 45 -27 43 -65 49 82 -25 47 47 97 40 1 1 85 -57 -32 82 -24 55 51 77 -74 -23 13 -57 72 -43 6 73 -31 43 -52 -3 46 58 59 -72 -77 57 11 -12 70 -33 -41 -85 -24 0 -35 -13 -43 45 10 8 -35 82 55 30 85 72 54 86 89 -73 -7 8 90 47 40 15 -96 3 -36 8 -88 -97
4 -68 -57 43 -65 -95 55 -94 29 -21 87 87 3 70 30 38 63 17 88 -100 66 100 -83 72 -19 62 -75 17 22 10 81 8 28 -37 71 72 -58 -40 -58 -74 -84 -83 -83 -54 -49 65 42 81 67 19 -17 14 -58 -38 -10 37 79 -63 -82 55 75 100 -68 -39 70 17 -14 97 -90 72 -78 -92 -11 -48 -94 83 -74 -2 79 -1 51 5 32 73 -41 -52 46 28 -39 -33 -48 42 -100 -8 -31 -89 52 -14 -85 -41
78 -96 -11 69 -10 62 6 74 94 -17 -80 -81 -50 -92 62 -6 -12 13 -34 -75 71 -74 -64 -46 55 -72 10 -12 82 -7 -32 -45 67 -100 -85 -80 -82 -57 -70 65 -73 16 -50 49 -98 -2 71 95 -8 -79 -25 71 -100 -1 -32 87 85 40 -74 -47 41 46 69 -92 -40 -64 40 -87 34 50 12 -18 -54 64 -53 -74 -71 68 -63 -16 -2 -80 -3 -84 -47 -18 60 12 41 93 -21 79 -16 -57 -39 47 63 -67 69 23
-78 13 10 69 81 -34 11 67 69 84 36 -70 -51 -5 -41 -2 -28 57 -72 58 -2 -74 -73 -3 -18 -56 -13 4 -64 -59 -18 21 43 -51 -66 -5 1 72 72 -4 -18 80 -69 -100 -24 -89 26 -64 -63 -84 -76 89 66 7 13 49 -92 94 52 2 -31 -24 -56 62 -74 -9 -58 48 46 5 84 15 -29 -28 40 86 -16 -48 35 -10 24 -45 -23 -47 33 35 68 -67 -23 -31 13 -53 -96 55 13 89 -35 88 61 36
-77 -77 -91 -35 -9 64 8 -5 -60 -85 -45 0 -49 53 -50 95 -20 -96 23 -99 22 -100 81 58 11 85 32 -19 -11 95 98 -79 0 24 -76 96 -12 -18 -100 -62 85 -77 57 -74 23 70 -9 83 -57 66 11 28 -21 -81 -33 -34 -5 40 43 -12 -74 -4 89 -13 -11 -31 -8 -9 -97 57 69 -98 99 -4 69 63 65 29 62 -99 -20 69 25 -77 10 77 -85 -95 -94 42 -35 -17 80 23 -80 94 1 -39 -93 -80
-6 -58 39 46 -40 -1 -13 94 13 70 90 66 -19 -81 94 54 7 100 -85 -42 66 62 -16 -65 -59 -79 87 -21 -1 79 21 -76 6 71 -45 46 -2 73 -76 55 -31 41 -30 -40 9 -29 -58 -53 -57 -30 47 -17 58 39 -73 -48 -63 88 -66 -90 -51 -40 -21 62 22 -19 -62 -95 -58 -45 24 -72 -70 -86 -79 -80 -21 28 50 -98 95 -42 36 -1 59 59 -38 71 72 4 -86 21 -58 68 85 29 99 13 64 82
86 -21 28 -81 14 91 71 6 -34 60 89 89 -82 12 -52 -43 -63 75 -76 -72 16 72 -20 2 69 74 -46 9 -40 -56 68 -48 -54 -88 -89 -96 1 -35 82 -23 -26 46 -46 -45 -46 -96 -44 -26 36 66 89 61 -2 -47 81 12 78 -47 48 82 -92 29 -85 93 -63 40 -54 41 -49 40 36 63 44 -46 2 94 39 72 4 86 -34 8 88 -73 36 13 54 -25 27 -43 -89 -52 25 99 -17 30 2 92 -10 -7
95 -11 -95 -85 26 0 13 -14 -88 -42 33 -48 -46 -15 9 -43 31 -71 -83 -38 67 40 -34 76 -17 -68 -10 85 -18 -51 12 -84 -75 -24 -52 45 -18 -3 -18 44 -70 -64 6 28 88 -22 -99 -96 -7 99 86 38 -27 -83 -20 10 -32 18 -10 46 91 -38 46 35 73 66 63 -80 -66 -84 -98 18 -69 29 27 33 51 -17 15 72 -34 40 -30 -69 -40 -79 8 -73 82 4 22 -70 59 78 -77 100 11 2 76 45
0 -6 -81 74 -100 13 2 9 -75 54 -6 -37 43 -82 51 -65 -43 90 -70 -59 88 -51 0 73 89 26 -28 19 26 52 -47 -23 14 54 65 -70 -22 -77 8 -30 29 23 -51 16 -49 91 -37 43 60 -32 90 -28 -94 4 -74 -41 -7 -69 2 58 84 -90 38 56 93 28 73 -49 -49 5 18 -100 36 -78 32 19 -16 -28 74 89 -62 -20 99 1 -33 -38 -93 -79 -9 18 -45 36 -38 73 74 -96 67 -47 44 15
-37 -55 84 -89 -26 -54 86 81 -9 -5 31 -55 -78 -57 -74 -35 -33 92 -8 -70 29 62 42 53 -65 10 22 -52 98 -58 15 -23 83 -81 -83 6 -28 3 90 -82 82 33 -12 -91 -92 -41 -65 -40 55 21 17 52 -51 3 91 -65 -58 -19 24 -90 50 31 -89 -94 44 2 -51 44 32 2 -91 9 -70 41 -57 -9 -27 -98 71 -12 -21 78 -30 -59 73 9 7 6 5 27 -89 90 -57 -36 44 10 53 33 20 99
-41 -25 95 85 27 -54 -5 7 -10 -60 51 48 47 74 14 -91 14 -63 -49 70 34 96 -78 -82 -95 29 -76 73 82 -9 43 51 -82 76 48 90 -36 41 98 78 51 -8 41 -33 -83 57 13 53 -47 22 -58 -87 -100 -46 -41 -47 25 -29 -12 -91 -40 -1 -93 16 13 1 41 -11 13 -39 99 97 23 49 71 -47 9 29 100 45 -32 -88 -46 -42 83 80 49 78 -52 0 -87 -24 -51 67 83 -5 -85 4 -65 12
17 75 -99 -79 57 -46 73 -2 90 -32 -66 44 1 72 70 70 81 43 -31 -63 -51 -52 -75 -7 -100 -70 -5 66 -98 -44 -39 -73 77 -1 -11 -89 14 -12 -97 -100 -95 -98 -9 26 38 9 12 78 13 -31 -49 90 -51 29 -79 -69 -5 -24 -67 -100 -64 -27 87 83 -36 -97 -26 -45 -42 82 -87 -58 -34 -89 40 -83 -63 -57 67 -95 -29 -91 -3 -67 36 0 81 -17 6 -93 78 49 -79 68 -63 -95 -12 81 96 98
92 -44 32 82 -53 49 -38 21 -50 73 74 -22 88 29 70 -64 -67 20 3 -19 -38 27 -19 28 42 97 -97 91 -71 -12 1 10 15 -58 54 -13 -14 -82 -84 83 -89 9 69 -91 -39 92 67 79 33 62 -56 -63 1 14 -80 84 -70 -76 62 -44 99 -31 -27 27 16 -8 26 13 -38 72 -36 14 70 35 34 7 -66 58 -14 -28 -7 -27 81 -29 -7 -59 41 66 93 38 -69 -72 -2 7 61 85 -99 53 76 33
40 -49 48 39 -81 81 25 -71 -75 -100 68 70 73 65 -42 99 74 -53 37 -90 -85 -13 70 12 71 39 89 86 -49 79 27 -40 92 -88 -41 -81 3 51 -16 56 25 -30 -90 -81 37 96 43 18 53 37 -51 26 -44 -66 54 -56 -69 63 -39 43 -36 55 59 -13 34 22 11 33 33 -4 -3 -79 -89 -22 99 30 58 85 -7 -80 -80 5 4 -70 60 -5 64 -78 -36 67 65 -83 1 57 -92 87 -18 52 -47 90
-78 96 -67 30 55 -94 -59 3 -5 35 88 -88 5 72 -45 80 -17 1 -22 -55 13 18 51 42 23 48 -8 -98 52 -91 99 55 -31 -60 -96 99 -26 -16 64 -9 -28 19 -90 44 4 -57 29 1 36 -80 38 -76 6 -7 97 -84 -34 97 34 -27 10 -72 -63 80 -96 89 -51 -5 -86 78 -7 29 32 -25 38 73 99 -64 20 -81 -28 82 99 37 36 -69 15 4 -90 59 3 48 50 24 -24 53 -23 1 35 -71
12 82 78 -16 -60 -23 99 -58 -63 53 -38 -74 99 -19 -4 7 -16 -84 -9 44 61 80 19 -69 98 -62 72 72 -88 0 -90 -15 82 -1 33 96 51 62 -62 78 -14 -10 -34 53 22 47 -13 -7 41 -41 -21 -19 75 -99 -15 -53 32 70 -82 -69 53 77 93 -14 38 -49 -16 80 54 -2 -8 -73 -18 58 66 98 -97 -16 55 82 -22 76 68 -18 65 -31 81 1 -19 -18 46 -66 -65 -83 96 -6 -97 78 -71 99
34 -33 79 95 77 -32 -2 15 96 2 -26 98 -28 -7 12 58 -31 90 73 -72 -28 -47 41 88 6 78 -100 -95 -33 -75 50 -92 -95 14 55 -94 74 95 83 25 -16 58 72 -21 44 15 66 -46 -78 -85 -56 41 -71 -45 89 -40 9 -100 93 -89 -33 -7 11 33 25 -7 -5 -1 -63 20 28 61 -13 35 -80 69 62 -89 22 27 -94 62 26 -77 34 -28 40 19 -34 91 12 11 -83 -15 87 4 -38 -43 -94 61
85 52 -22 45 -81 21 98 -81 0 17 50 36 -55 -44 -48 15 -78 70 -2 -51 -44 23 83 -46 18 -98 70 -21 -44 96 -16 -79 77 19 -50 88 98 -54 92 13 36 31 -21 -50 -82 -33 -6 -28 54 16 -48 100 63 42 -93 55 -37 -91 -7 68 19 22 -26 -63 -7 -58 49 -17 -60 -93 33 -54 66 26 70 -86 69 15 -19 -54 -14 -54 -56 90 17 71 27 -77 -80 73 -21 84 -21 -78 -41 -96 -5 10 88 -91
6 -15 87 -3 55 -58 25 -64 -71 75 -90 -39 -84 -72 -55 -33 -3 -75 -47 44 86 2 0 53 -28 64 1 -3 -81 -68 -72 -1 79 69 20 2 77 -41 97 -40 -30 62 85 78 -13 -74 -21 92 19 58 -40 -51 74 -71 -29 -66 -23 62 41 -24 92 95 -78 34 -18 -60 -64 -61 31 -28 -82 23 -44 -60 32 11 99 92 47 -75 69 -56 33 -92 -25 -80 87 42 59 -28 9 -40 -86 -29 97 19 -58 -14 23 91
84 65 66 -31 85 -41 -92 -64 73 -44 -86 -58 -4 -88 66 50 -25 -8 -24 56 7 -75 0 87 -89 86 -31 19 -2 68 -64 -33 -80 26 -78 63 -46 -48 62 13 60 40 27 12 3 67 24 41 17 79 36 -48 -3 58 34 -98 39 77 -62 65 -56 -7 -16 11 -92 -75 74 -61 35 2 -96 35 -58 -26 -29 37 95 87 -58 -1 -2 -88 -100 -31 35 -76 -9 -77 21 3 13 -40 50 95 76 24 26 58 -22 0
