100 100
0 27 62 86 49 -71 -96 65 -47 -54 -27 -100 -75 -90 -72 -79 22 -66 -30 -1 92 85 45 40 -53 -13 8 83 13 -33 -62 -10 -13 18 -25 55 96 11 -35 -28 57 57 -28 16 55 -82 73 100 -5 -58 -89 98 35 -69 90 -11 -14 60 69 100 5 66 54 -29 -57 27 82 75 6 3 -35 33 28 -46 -33 -65 37 96 22 96 64 74 32 -79 -2 95 -60 34 55 19 -33 -57 48 -43 -58 53 -42 6 34 89
62 27 44 37 -52 -52 3 -61 32 -32 -23 45 66 -44 45 -97 92 65 72 -18 -7 -62 -93 -79 -98 97 -56 27 -72 99 74 34 57 56 -41 -23 -87 88 -15 -26 54 -26 11 -17 82 13 -31 -83 -67 -35 -63 -1 -9 69 -93 83 -61 23 16 99 -57 48 -85 43 21 -59 45 -56 68 20 -100 -79 16 -85 48 67 34 2 -45 -83 -100 23 9 55 -38 51 -43 31 -2 92 40 7 -80 26 -2 -87 45 28 38 19
89 99 -49 20 67 30 -88 92 -94 41 96 94 64 59 -73 -52 12 26 51 47 64 -8 72 3 7 -18 -59 -68 43 -53 -30 -55 63 -46 75 77 56 93 -87 -88 -70 59 16 -50 58 -89 -86 -83 -32 75 3 -14 -67 -81 39 88 36 -6 6 47 -46 33 -46 75 20 36 -93 -35 -55 68 -78 -84 -82 81 -49 -92 43 99 4 34 -50 83 77 -8 51 -62 -45 -46 -31 80 35 29 -93 0 73 -10 -9 -49 99 23
-70 -27 -49 -8 -62 71 96 -35 93 -15 39 11 -79 74 -31 -58 -1 44 62 -23 -24 -4 -4 -7 75 -61 90 87 -89 57 15 -27 -39 92 -55 97 44 -29 59 47 -13 -88 10 62 -48 66 75 22 92 100 63 -57 51 -91 7 -50 52 59 -51 86 51 -21 -48 -90 -82 41 -87 -78 90 -69 -39 -24 -27 -77 98 -86 -31 -98 9 10 -9 -85 -45 94 -29 -92 -77 53 -3 -16 10 -51 67 -38 64 -29 84 10 0 53
-72 -12 -11 -39 -71 -4 -92 -99 26 35 -12 72 -59 -85 98 -36 -33 -74 -18 -41 20 19 -48 -43 -78 95 -82 -74 41 -10 -19 -56 81 61 -97 9 74 -15 -74 48 7 -47 -62 44 53 -6 89 -33 -41 60 -96 -46 -88 18 64 -68 -91 -24 59 -65 -54 -22 -57 -46 -41 -88 47 80 -77 92 68 39 -86 99 40 43 64 52 8 89 -39 -89 76 -35 66 -31 81 65 45 74 17 11 32 70 -27 -19 -72 -81 -85 29
-4 78 96 82 -93 93 -72 -52 -28 12 -96 85 -53 -54 -99 -61 -64 -78 -2 -89 17 94 -25 88 39 50 11 -43 -90 -24 98 -7 38 98 68 -53 75 -68 -6 91 49 57 59 -33 44 97 42 36 18 62 95 24 24 -26 95 -59 83 35 94 54 77 -33 49 -26 72 81 -29 9 93 64 -10 72 -47 -39 -90 19 -19 78 -18 31 20 37 29 -27 89 16 -27 65 -25 -39 18 -88 6 4 35 -72 39 60 -18 32
-45 77 -69 76 -90 18 60 43 66 -79 -38 -4 29 -13 -64 -74 -24 93 -79 -18 -24 -24 59 -53 -41 -35 91 87 -78 7 12 4 36 -76 100 27 0 51 -8 -4 -13 45 69 66 -59 86 -16 33 10 -22 35 27 60 29 23 38 16 -10 -14 -50 69 -42 -34 -48 83 -50 18 70 86 43 -20 46 -32 87 9 -84 62 -84 52 68 89 21 -45 -85 -5 60 -14 -39 -88 26 4 94 10 50 -51 -98 -62 -24 68 62
-48 44 91 55 -37 57 79 50 78 82 40 -31 87 67 61 81 -38 -4 -22 -5 -6 -86 3 -98 -21 91 61 59 -97 60 -58 44 86 25 -82 -23 44 -46 71 55 26 -89 -55 23 -35 -83 1 37 9 30 86 -50 32 -81 87 11 -39 -4 62 13 -81 -35 -88 29 80 -2 -5 -99 12 -78 -98 -48 42 78 5 36 0 -70 -72 -51 94 75 -30 -14 -45 97 -59 45 -12 53 -19 -33 99 -94 65 -42 61 86 -77 77
-80 85 -15 -17 -42 41 1 -95 39 92 36 91 -68 18 72 93 58 74 -8 -58 -54 -99 86 16 -7 20 -62 -86 76 -78 16 39 67 19 80 -59 0 67 -10 -48 -6 -17 27 -37 84 -65 48 -52 -96 39 -8 69 49 -31 40 23 8 -58 -9 -73 80 62 -22 13 52 -62 -70 29 -61 -13 78 51 64 34 -79 -18 -51 -5 -45 26 -48 -21 -76 -47 -30 39 -99 -66 -17 4 -83 -3 -76 -40 -26 -35 -99 -8 89 -74
41 -26 4 -50 90 -3 -21 -28 15 60 98 -40 -40 -38 98 35 -63 30 -67 -72 -46 -16 88 -88 -9 6 37 -87 88 -93 36 80 14 -75 -23 64 78 -56 -37 31 8 53 -65 65 -77 -20 -77 -66 -81 88 64 9 65 -72 75 -93 -35 -30 -84 -69 19 21 24 32 99 -16 2 99 -48 12 -47 26 -13 -19 -23 10 99 85 -4 22 -5 93 67 -38 -28 14 78 -51 -91 84 98 75 -56 21 -42 14 -56 -38 57 16
50 -44 -46 -11 -8 61 -10 88 -62 -58 -48 -47 -100 38 84 87 -46 -57 -8 9 -87 -90 93 45 30 61 95 -28 -51 11 -67 -47 6 -57 -84 83 57 42 54 -76 -39 95 -55 -18 0 -55 -95 -43 2 36 -77 70 3 92 68 -67 16 -51 -4 -13 -52 -8 67 6 44 -40 74 29 -68 2 3 90 -86 -8 -91 8 82 -80 59 -51 -10 -16 55 -27 -20 65 23 34 19 47 -80 68 -47 90 -46 66 -74 61 82 52
-84 -78 -7 95 3 -74 -81 -69 -82 -97 -2 81 -77 -9 -33 7 -9 -15 -39 -9 44 19 97 -68 -67 27 90 61 -2 -68 94 94 -55 62 -32 58 22 -68 -74 47 -49 -75 63 5 50 -51 93 63 0 33 -75 44 -24 6 35 57 89 65 -16 -87 -24 -40 -66 -64 2 -30 32 45 95 73 -11 56 78 18 -10 30 -86 -18 -26 -42 45 60 -48 35 79 23 25 -96 90 23 -91 -63 -100 47 85 77 86 56 4 0
-92 18 17 -60 21 -50 -8 55 16 -69 -69 -53 -95 88 8 1 -25 84 -94 -90 64 -53 49 -7 29 18 65 -54 -94 67 -50 83 -34 54 -2 50 -50 48 25 46 -28 -49 -77 -16 -81 17 -40 60 -47 2 -95 -89 8 -84 -95 -100 18 -82 32 -18 24 -50 -87 -24 79 92 -68 30 6 -42 -97 -52 -67 4 2 -90 73 -12 -61 -6 9 -84 -9 5 -80 -53 -17 19 -64 64 -52 -25 21 75 -38 24 20 63 77 95
-40 8 -55 97 -64 -22 83 -31 3 46 77 80 -31 23 -75 48 65 61 -66 -20 96 78 100 -91 78 -92 44 -3 -25 41 -2 -72 -83 -28 31 77 -20 19 100 -48 -80 83 48 -42 39 -91 -17 38 9 -91 85 71 -32 -96 -63 -59 14 -21 83 62 -27 38 -80 80 59 -97 -67 -8 -41 38 19 64 79 52 -31 3 85 -17 -79 42 -69 -37 -94 35 -3 42 -95 50 -58 -49 -75 47 31 -96 -89 79 99 -93 -56 51
35 -46 -44 -76 -52 -69 21 -62 98 -52 -18 10 -58 78 32 5 19 -78 70 -8 98 50 0 80 -15 -47 -89 -94 -97 1 -51 -95 43 -30 85 -51 46 53 54 -24 22 95 91 -52 -93 46 83 -21 -71 -64 48 71 -88 94 67 -16 62 55 -75 -56 -81 -91 -24 48 95 -44 59 82 -14 49 -51 30 -94 41 -44 -18 -49 95 64 -51 -35 15 83 96 -52 91 -28 -87 99 -14 -62 33 34 -18 -1 23 -37 21 -7 32
-69 43 23 -60 -36 -73 56 7 33 37 89 72 -77 50 31 67 -57 -42 90 27 -24 -58 72 18 -19 -82 -100 -49 -84 -62 -35 -46 99 96 -70 -24 91 -93 58 88 -14 59 93 -8 94 98 94 42 47 78 69 97 84 54 2 86 45 48 70 27 -17 47 91 -56 -40 -80 -8 61 62 64 -35 -66 -73 17 -28 50 -70 -47 39 8 17 -6 -40 -91 47 9 17 36 -18 -78 63 -83 60 35 -15 7 -3 -83 -94 86
19 49 -18 51 73 20 7 -88 76 -57 57 52 59 -83 48 63 80 -75 -10 -37 100 -83 84 -57 -100 -48 -42 -75 -53 96 36 -5 -40 78 25 82 -24 -11 -79 -9 -45 55 -64 -13 -81 6 50 -74 -26 49 -62 -30 -8 71 32 83 18 62 -16 51 47 -42 -71 -31 94 -15 62 47 69 -26 96 -97 66 39 0 83 -15 -16 50 71 -71 87 42 79 93 -21 -70 -54 51 80 86 -57 -58 67 36 -80 -25 -49 -66 69
48 80 95 -20 40 6 99 -100 -41 76 -23 23 -97 76 96 -23 57 -44 -73 -66 -9 -97 77 -94 43 2 42 -7 25 -76 -72 75 -22 95 -76 81 -27 -79 -95 -77 -27 -94 16 -78 -35 45 4 18 -46 83 58 34 37 -15 95 52 -31 -68 -5 78 -48 -93 -30 -99 -22 -76 49 56 -15 -41 0 70 60 -30 5 20 -33 -73 56 -78 4 -32 -54 -57 -64 -23 -29 22 -23 4 -53 -55 -38 -81 -10 -15 -27 46 61 67
34 89 96 -83 -94 56 -44 -31 59 -13 -34 68 -22 65 49 76 86 59 5 0 -37 -68 98 -62 -34 31 -88 -89 73 14 -17 19 -88 27 -24 -22 -56 46 85 -70 -41 55 96 -33 -94 -20 -53 -17 -48 45 -72 9 12 -49 -84 46 4 22 -89 62 -68 68 35 56 78 -18 -98 -17 -47 -19 -23 26 15 -22 11 44 91 60 9 31 36 -79 88 8 -99 -82 4 -38 18 54 32 -61 2 4 -5 93 68 -86 -26 22
-31 -29 3 1 10 6 67 -43 -79 -78 73 -47 60 -93 -35 -31 1 -67 -40 63 -18 74 -68 -88 -28 59 -31 21 91 -65 -3 2 47 -45 90 62 -91 91 -39 5 -87 -56 -55 -60 -62 -74 9 77 -17 20 29 51 29 92 93 -72 -18 59 -68 -32 1 63 88 6 -47 -31 -84 6 -39 71 32 -61 23 1 -6 -16 -95 -17 64 -42 -61 -47 28 -82 -21 -20 2 78 -37 82 38 41 27 -49 67 -8 -45 -23 -65 -60
-57 -82 -79 -70 -5 -57 -80 91 -48 -12 15 2 -16 9 2 -90 100 92 -16 17 -49 -53 -17 -61 88 49 73 17 -92 99 18 97 -15 -72 87 -69 -65 13 11 22 96 15 98 94 -6 -70 -95 66 96 92 15 25 93 -46 10 -41 -90 74 -9 -18 -28 20 -96 -60 82 -89 79 16 -16 13 57 -81 -6 -23 -17 41 -82 6 19 85 33 -1 12 -70 -64 -9 52 -51 -37 48 -55 -90 98 -91 -85 -14 2 35 27 24
40 48 20 -33 62 -87 53 9 -54 84 11 17 11 -34 -90 88 -14 -82 -53 -85 20 -48 43 68 6 5 -40 -20 -46 -54 44 -57 100 47 -48 0 -10 -55 22 -49 99 -47 -37 -87 92 97 29 84 -28 -94 -84 63 40 -58 92 28 -5 25 -30 -20 -42 -37 75 57 50 -33 -98 -15 -20 18 11 -5 -32 53 -25 9 -69 71 87 -32 95 -13 -79 -78 19 82 36 -7 -45 -4 88 -9 13 29 -11 70 -6 -49 49 73
1 -34 -23 91 -84 -15 -92 -43 -5 -74 -87 -28 99 -54 -17 84 25 94 59 88 -90 -32 -24 -99 -64 48 36 26 2 8 -81 42 97 10 9 -58 -12 -50 -99 -37 42 67 -49 -7 99 57 -65 -80 -2 96 95 -64 24 97 -25 -25 -21 99 -80 -70 -93 -26 -78 19 -73 -92 -50 84 -18 37 -26 39 23 -6 15 70 -44 -76 19 93 64 62 48 -84 -56 62 34 36 61 -58 98 -41 -10 -48 -70 -95 -57 82 -1 -54
-84 76 -84 -3 -51 -71 -56 -44 32 76 -65 18 58 96 15 -73 41 17 -90 -28 7 -58 -70 -1 93 -91 -31 17 -32 -74 4 -33 42 -56 -32 -11 10 33 -66 -42 -69 -70 56 -26 80 73 16 84 4 -11 61 -81 59 -35 -82 26 7 -34 -96 50 36 6 -14 90 -95 -9 81 74 20 59 29 -89 -86 -16 97 -29 -27 45 -34 -35 45 14 80 84 -62 -36 -76 -64 70 -70 20 8 -39 52 3 73 -34 -69 -19 -71
91 -63 6 -42 -98 72 -54 54 -27 7 -87 -78 4 59 61 56 32 -32 26 -45 -75 1 3 23 -59 3 -19 -34 47 68 2 -44 80 -37 -52 -47 -97 -6 -5 43 25 -18 9 42 45 -9 -39 68 -94 88 14 38 31 21 72 44 59 -86 -95 -12 0 -30 71 30 76 95 38 -24 45 -41 -100 43 -72 -89 0 -5 -84 -33 80 -75 41 58 -40 33 74 83 13 -27 15 39 -26 -38 27 68 -37 28 -53 99 -63 14
-44 -35 -88 -75 -46 -5 -25 -72 -35 57 -91 3 22 -31 76 91 94 -51 44 -32 66 62 -68 -45 30 -62 -20 -36 -21 -14 -6 72 -58 82 -41 -51 -71 61 28 -8 -1 73 -30 -18 -54 -23 -58 -43 -26 18 24 -35 50 -8 35 -5 94 -60 -29 40 70 -98 46 25 15 -50 54 83 -77 -27 83 76 -72 87 62 -62 34 52 -49 49 87 35 -33 43 -36 -93 -42 -61 57 5 4 -69 58 -90 -67 -21 22 94 -56 54
-14 41 -44 70 86 -62 -21 29 94 -18 -49 80 -79 10 -80 -32 -16 7 68 -86 -63 -27 -37 -77 55 62 -44 60 -39 -62 -5 -1 -81 -13 -84 21 -90 -86 47 31 59 -99 -59 -2 -22 26 -85 79 -86 22 -69 53 91 -8 -34 -44 -71 -70 16 96 -66 28 -11 -86 65 48 -74 -73 -70 79 -39 57 3 40 -18 -17 61 58 87 48 54 -77 -11 35 29 73 -54 58 -4 -96 42 -85 -2 18 56 51 64 -40 6 42
-63 -89 -13 62 39 11 1 38 81 -42 -61 38 -19 10 9 48 -84 86 5 -16 54 -15 -91 50 -26 24 -30 -13 39 8 -46 -19 -10 9 98 51 51 -14 -69 46 2 11 -2 -93 27 -83 58 -72 -53 71 25 -86 1 84 32 3 98 77 -95 -83 -38 91 -48 4 33 17 42 20 -57 75 42 -2 22 -30 -13 -2 -13 -61 24 -65 88 26 -4 67 36 45 -42 2 -16 -80 -76 37 93 -2 -32 9 50 63 59 -50
-10 5 27 47 -6 91 43 -71 -6 -92 100 -15 11 -11 69 38 22 67 -83 -79 41 -64 -73 54 -44 -58 67 -28 44 95 46 76 -10 -39 37 71 -89 -68 -28 12 -18 3 -51 -12 88 23 -14 -58 79 25 -63 -35 51 -83 -17 -25 14 70 74 -22 -65 -35 -71 -89 27 -15 71 95 23 -82 55 95 46 49 71 -39 -3 -56 55 48 -4 -86 -14 43 92 22 83 19 -12 78 29 -1 9 -77 -43 -24 -85 9 -80 -12
-64 82 -35 -68 -54 36 -90 57 55 91 -73 -93 43 -73 -53 -68 -22 -35 9 -60 -75 17 91 -85 -86 50 -13 97 -18 -85 91 29 -67 -13 -35 21 66 -60 -80 1 93 -63 14 46 -53 -41 -9 -24 -7 36 -53 95 -73 -97 -46 -47 7 71 53 -82 -20 62 -56 14 -50 75 -3 95 -85 37 -71 94 86 -19 2 70 -58 81 -46 10 16 72 -8 8 53 70 -37 37 84 22 22 8 93 -85 3 -10 -18 0 34 -85
39 91 -12 -63 -13 78 -2 -1 -24 89 -68 -32 -42 -16 -25 27 20 76 80 91 45 44 24 97 2 -53 40 -67 -82 -62 56 52 28 -43 18 -18 -37 -19 95 -55 49 -51 -23 -1 59 22 62 24 84 89 -65 8 -95 21 -54 46 -9 65 -9 4 -6 97 78 -23 -74 -50 -99 -41 -65 19 -17 -13 -68 70 -5 20 -63 -44 -51 19 43 44 38 74 -7 54 76 -82 88 3 -72 -47 -8 81 50 90 -62 54 59 13
81 -69 -3 39 -37 19 -67 -41 10 63 -8 76 -25 -49 -85 -35 -50 -42 -21 -54 48 69 32 -84 32 16 63 41 -31 -53 -67 -87 -88 99 69 83 -50 39 78 50 59 -77 -29 47 -12 80 -59 -36 -78 92 -72 75 57 29 33 90 78 67 75 -93 -6 -68 20 -3 -58 7 -53 -95 -62 -46 -27 -72 -67 -11 -67 26 -79 62 -65 10 8 -18 45 27 -68 -96 -12 93 -45 93 -99 -95 -82 4 -97 1 -53 -42 7 -49
61 -15 79 79 33 -70 -64 2 -31 -5 24 -42 -83 -79 -7 -21 7 6 -77 92 20 80 35 -34 -76 25 5 -2 54 63 -13 85 -28 35 54 -87 -99 -18 -8 -72 32 -97 37 88 -47 -74 77 -71 -82 -3 81 39 -63 -93 53 -24 10 -44 9 -88 97 100 100 -42 -41 -24 -15 -36 16 50 -98 -60 74 88 -28 -82 58 -81 21 71 -2 -80 34 -81 -43 15 26 0 -68 -83 93 -45 33 -60 28 12 -53 -93 17 -59
-11 -29 -43 63 7 90 44 63 88 -50 61 36 26 89 39 -29 45 -76 91 -62 -5 73 -87 60 99 100 13 2 -46 -65 -37 48 -72 -94 22 -45 -15 39 27 -89 79 -59 -100 41 -37 -14 -84 35 20 45 59 47 -99 39 -75 -98 -28 27 -91 -12 -60 37 12 -41 -72 73 10 98 86 4 75 -5 -46 4 -80 10 69 -56 37 13 -71 67 -64 -74 -52 -51 -74 -63 56 -64 -70 -63 -89 57 -62 36 -82 -99 -42 -64
-89 61 -8 58 73 26 76 50 -74 -85 86 5 35 -61 -94 41 -3 -4 -56 -14 -56 -73 -66 20 69 -47 -13 73 20 56 -19 57 17 53 -78 -72 -59 -97 -12 -13 -49 -32 74 -10 -92 94 88 93 -56 -46 -41 34 -33 -49 -96 83 -27 9 -34 5 3 -25 15 52 35 -35 75 -61 -64 32 -31 97 37 -64 25 -25 -100 94 8 54 71 69 98 67 51 -78 -87 7 42 64 57 1 -36 24 14 71 59 17 -61 98
20 44 78 47 57 -40 -98 -85 38 27 -69 -29 40 81 -87 42 95 -9 -61 69 -38 52 -25 76 65 -51 80 25 -3 -63 -58 64 -54 96 -16 -13 -98 -11 -5 -93 -63 24 -50 -92 65 -72 13 23 61 -44 69 12 72 -12 22 -3 -3 95 47 -54 98 56 -56 100 -60 29 21 69 32 27 -2 93 -87 75 -32 28 83 -52 -35 10 -78 53 12 95 -38 3 -76 96 -83 -49 -35 -49 -62 70 -100 23 -98 62 -52 50
54 78 -100 44 -50 79 -63 -89 -43 73 -58 65 -63 47 48 -9 70 -21 -62 -73 -78 51 -78 -88 70 -11 -100 -94 -87 -97 1 -5 -42 72 -68 1 -8 -45 -1 -41 -51 24 -59 80 9 18 41 -52 31 34 93 96 -99 -38 -4 33 -50 -57 34 72 -66 -13 -13 -39 85 79 -78 -30 -82 -78 -20 84 -56 66 67 64 -24 21 100 63 97 96 75 13 48 67 3 -95 -84 -31 7 45 23 -99 15 -98 -40 -87 5 -76
94 34 74 -51 18 -93 -17 -61 91 -49 10 90 89 39 -66 -40 98 32 72 -52 -47 13 -28 89 -62 -82 5 -10 73 -55 -25 -85 -93 45 96 -5 88 -72 73 39 -5 -94 5 -9 46 44 17 81 -7 -21 28 10 -87 -2 85 60 84 -53 -41 81 92 -55 36 40 -52 -86 -71 -79 81 -19 45 -26 -22 62 43 -64 -1 -10 -46 -30 43 78 52 -85 -28 43 79 70 -41 -23 27 -93 33 -44 -52 15 89 50 -73 17
34 -75 96 -61 -63 67 -13 76 -25 21 9 78 26 -61 -76 43 47 58 -25 16 54 -17 -76 -79 -92 -5 -16 44 95 33 57 37 -74 -14 13 -71 -32 38 59 2 -48 -67 -60 85 -89 85 99 -79 89 89 34 82 30 40 87 11 38 -40 98 52 29 38 92 79 -82 48 -88 -13 -92 -15 -47 41 -42 -31 59 -89 95 -92 -47 60 -57 -39 -67 99 -66 -82 -42 -58 62 57 29 17 79 69 -17 48 42 -90 30 -35
71 16 66 44 2 -59 -58 -2 -27 18 -46 19 -42 35 32 -22 -53 44 -30 -61 45 34 -70 65 52 54 -34 -78 -86 -72 24 81 -91 -83 1 -48 48 -11 -30 -49 39 -50 -24 -38 -26 -50 -21 -14 90 -48 -5 84 10 44 81 5 97 61 79 -62 -83 -33 -63 95 -96 -86 -83 37 89 44 -83 78 -32 -13 93 -65 7 -4 -45 -6 -9 -19 -2 3 1 -31 91 -51 13 -38 -91 45 -35 -38 -39 67 -53 -26 87 5
-7 36 -78 43 94 -78 27 -8 -41 -87 -4 42 20 56 -56 -100 -74 -16 -72 84 62 34 -2 -87 -67 -86 -48 -83 54 -67 -88 62 -35 23 51 19 82 91 67 -23 -4 82 54 64 -90 -50 -64 98 2 64 22 -62 59 22 -15 69 9 41 -87 -34 -92 23 -72 -49 -26 24 72 -36 32 -63 87 93 53 -27 93 -3 33 46 36 15 -33 -38 -21 35 -57 19 -68 81 17 83 37 -47 51 13 -61 73 -65 42 19 -11
-78 78 13 2 47 -27 45 57 30 -83 -99 28 -26 -77 49 -88 73 68 9 25 -27 -19 -63 73 73 23 54 -71 -90 46 -54 -37 30 87 -42 -61 55 74 -75 85 13 -56 59 71 -39 -34 83 -74 -25 97 -98 -97 -34 -52 -37 65 27 12 -82 -26 93 67 -14 67 -96 -45 -86 -5 -66 -33 97 30 56 -91 -95 -7 -87 -24 50 49 28 -91 -78 -87 68 -68 11 59 83 -13 -32 83 -31 66 -13 85 95 72 27 77
69 -12 28 67 -15 -7 1 -7 -3 -91 65 -30 -33 29 -38 71 -44 84 15 94 -40 -57 10 42 -62 -33 -22 68 65 -66 84 -54 60 -83 -71 27 57 -54 56 7 56 95 57 53 -28 48 11 95 -88 -66 -7 -59 -32 -69 70 38 48 -67 33 -96 36 -12 89 89 -23 -85 -24 37 -10 74 -2 98 9 -36 -63 -88 77 -59 85 60 49 46 11 40 -89 -70 -69 -59 48 27 66 31 -66 11 -99 37 -54 -69 -50 -25
-65 -34 35 -15 -1 -5 99 -28 -65 73 72 -22 -2 -87 89 -48 10 83 -17 16 -17 -88 -29 -44 -98 67 -2 -9 -97 -83 72 95 59 -81 87 -2 49 -74 -55 -11 76 69 -89 47 4 -99 -7 19 -90 -56 33 -10 56 -96 -19 -57 -69 -97 -23 8 33 44 7 -9 94 -56 -62 -86 -68 6 -10 93 -89 -93 -58 -25 -42 34 32 94 -38 -86 -61 56 -86 81 -1 26 -67 59 4 -82 -71 25 -77 -91 97 -41 66 79
7 46 36 91 -88 34 82 63 -10 45 -69 93 22 -20 -75 -97 93 -54 -46 61 -5 73 90 -94 31 81 39 33 -65 -86 29 -8 -81 64 51 59 -67 63 -87 3 -74 -98 87 17 -47 83 -11 -77 95 -49 -60 25 -10 -44 64 2 -1 -33 -61 -69 92 -51 58 57 -31 67 15 41 -35 11 -8 -1 93 42 30 -24 -73 -79 23 44 -57 -94 6 -87 -97 -71 94 50 80 -46 1 100 29 -93 73 18 86 87 -34 -71
41 -15 -62 -86 56 -2 -32 -79 75 79 -86 -62 -77 52 -23 42 -29 87 -43 -47 -66 -99 -19 100 -61 10 85 -92 23 -23 57 -93 -81 -48 -41 82 32 -84 73 -2 -36 69 -69 -88 78 -54 56 97 -18 65 -57 -52 -87 23 -80 -24 -76 88 59 -67 75 96 -96 32 -18 9 -99 -92 -46 -57 0 -69 79 93 -35 -23 24 34 65 -8 -54 -33 46 11 26 -91 -27 1 40 34 24 -72 -43 16 3 99 -56 18 58 -85
-54 86 -38 -75 -43 93 42 -50 92 71 -63 -83 -42 -12 -15 4 -24 10 69 69 -79 49 -34 -84 13 64 -89 -3 -99 -36 4 -55 -14 44 54 -3 58 43 33 -18 79 87 -81 63 99 34 -33 16 -37 -57 35 56 -46 -95 -96 -93 -87 99 -66 -78 -50 87 -96 -21 -21 -54 9 -82 -100 46 1 19 -75 -12 -94 43 -43 96 78 -59 -12 14 2 -22 -2 100 -6 97 20 -64 90 93 -3 49 98 -60 -45 -69 19 -28
-49 92 45 27 37 -35 -33 -62 6 95 -56 -31 1 -50 -35 -51 -15 -6 -6 98 46 51 99 89 78 -36 -76 59 77 -63 -38 13 -95 54 -82 5 98 72 -28 85 71 43 -94 -41 97 -60 52 -12 -94 -46 -7 -28 22 -16 -27 -64 -3 -80 95 79 15 94 94 -14 -78 37 -64 -89 -5 20 -96 48 -100 -96 14 -1 95 -53 -51 -9 -18 80 -43 7 42 100 -9 -47 30 -85 71 13 -61 30 -28 -6 -47 -41 -28 -15
83 88 -45 -88 -60 33 6 14 -77 -29 -87 60 -35 -83 -45 -79 -3 47 -44 84 74 38 92 81 54 33 59 -47 -56 77 83 4 -90 58 38 -1 -62 -68 -5 -86 60 -67 -30 13 8 -87 9 -38 -28 -90 -93 94 37 -74 -92 -25 -61 -61 81 -39 -24 -76 94 -51 -89 51 -98 -17 -92 8 -25 -45 50 -61 -15 81 22 -70 24 -90 98 -10 -73 97 67 -86 -8 77 -51 -46 -5 -22 -57 61 -14 83 -72 -4 -17 77
48 11 -95 -9 -57 67 -57 37 -20 19 -26 89 -99 -84 73 2 -26 -35 -90 91 -86 39 -14 7 -78 71 -96 80 -53 7 57 32 80 97 -26 -82 82 -65 5 35 99 22 93 59 35 16 -25 -32 -76 54 -5 76 33 -34 -58 15 -75 -84 -77 62 65 -94 51 80 -48 -4 -61 68 -22 -62 -68 -1 88 -10 97 87 27 25 -7 89 8 -7 -89 -35 -99 87 80 -100 73 44 -48 95 26 -80 48 29 -73 -91 -4 -32
-72 42 -10 100 -31 -77 68 -29 38 1 8 38 -7 -61 20 56 -58 -7 50 -60 -62 -6 54 76 -42 -6 -61 -67 -48 72 96 81 -73 0 -76 71 -48 27 76 -91 -93 27 -41 -71 -75 -26 -27 -47 31 51 -85 72 -85 -6 -56 -14 -76 -99 77 -45 -60 -29 -83 42 90 54 -40 32 -58 -9 84 88 60 -37 -58 -58 8 76 -13 -54 20 -65 -54 23 -90 -3 -30 2 58 -10 36 92 97 13 -43 -89 27 23 -44 76
-36 -41 41 -22 93 -39 65 -62 97 -65 -10 -100 24 38 100 92 66 95 -32 32 10 -35 88 96 13 -55 47 -75 86 -87 18 -52 71 -96 2 -22 12 -67 -64 -79 -88 25 -98 20 -21 44 79 70 9 94 21 49 -88 74 83 -4 12 -66 -40 54 -89 81 48 -91 39 -52 -16 57 78 -100 -100 90 94 98 86 49 19 47 38 95 -27 -62 58 56 58 -94 -82 -96 77 -58 -88 44 -30 -62 -70 -100 -64 23 50 -53
26 90 6 -67 100 -14 -98 21 100 20 57 -40 -77 -71 84 29 -51 42 74 32 80 -94 -90 47 -97 -75 67 -41 23 78 36 86 73 -37 -78 -53 100 98 83 -33 63 0 -90 57 52 -12 -11 63 4 88 18 -6 55 49 -88 35 -29 -62 66 1 0 -80 24 80 -43 9 27 23 -33 -2 73 12 -69 -54 94 -41 28 -60 35 -16 -20 -80 20 38 26 63 99 10 -54 -73 -33 -25 -81 -20 19 53 -42 -100 -22 -83
-4 -14 -57 -31 68 66 62 -38 -41 4 -13 -53 -17 5 83 -76 16 21 -69 87 -91 -99 -14 -56 79 -90 -47 -92 -25 30 -96 16 -61 75 59 2 56 -55 61 47 -7 94 23 46 -63 63 -59 94 -33 31 98 -78 -41 91 -12 -76 45 41 64 -15 -31 8 -18 62 -96 -78 15 76 25 -38 48 -37 54 29 67 -31 -25 63 13 -18 74 57 -55 -56 38 20 -79 84 5 30 -93 53 -47 24 -43 -23 -94 4 33 14
-74 -6 28 2 97 -55 22 -99 68 -44 12 -93 40 57 -98 -33 -67 -24 -49 -31 -4 -21 14 48 -19 26 -17 -47 -3 0 26 -54 -63 97 -9 47 -91 65 -92 39 58 -84 -43 -93 -8 28 95 -59 16 12 42 -22 94 72 -66 78 48 -82 -61 70 -57 -89 -85 81 44 -7 -73 55 71 -57 -12 47 90 -63 -76 6 44 28 44 72 -51 15 43 4 -49 62 -18 0 52 33 -42 11 -18 68 87 10 85 -74 89 -16
-47 -100 -45 98 -27 -37 29 39 56 -9 27 -61 -72 -46 72 63 33 23 -86 66 -57 16 71 41 68 52 90 -41 64 95 59 -62 -67 -29 -9 47 -10 -6 -33 64 81 13 -58 88 -99 46 -18 -47 -12 47 28 -64 -84 -27 43 3 94 23 79 42 -30 0 -39 72 37 -87 -69 -19 52 -73 81 -68 6 -80 36 -25 77 -22 9 30 -2 4 57 36 -91 84 -50 -67 61 -16 75 51 87 89 -95 -77 53 -33 52 -85
93 77 80 -50 -4 -67 -19 -46 68 -23 -75 75 -63 -3 -63 -68 -96 35 27 -22 -96 -46 28 -35 81 54 -54 -93 85 64 64 -37 -91 75 13 39 86 22 -95 26 -12 8 -1 -15 79 21 67 -91 -31 91 -93 88 -6 71 -21 16 34 86 -20 34 -93 -24 -94 67 56 -56 87 -77 -100 -83 30 6 -75 6 31 -8 -43 5 97 -4 77 26 -4 -36 -20 -41 -48 -37 81 -44 92 97 45 26 -39 -57 51 39 24 30
-91 56 -21 20 24 75 22 -60 68 -97 -57 16 16 61 11 81 56 -18 -98 31 -73 -96 -65 -37 16 44 -87 -77 -27 -37 92 -88 -51 -58 -57 33 73 88 50 -12 -18 -58 -53 -71 -74 26 -97 0 -38 8 -91 -32 19 31 94 19 94 17 -75 60 72 -21 78 -74 26 -67 20 -5 57 76 39 -29 -54 43 -80 99 86 -74 76 -4 -34 28 -27 -40 -83 30 -45 -94 92 -30 -22 -24 3 13 76 27 -38 17 43 -45
-54 3 38 79 -51 70 -61 -8 -4 -66 45 -89 -63 54 52 -19 -5 -45 47 5 -81 -31 -96 39 -24 32 61 77 -100 -94 -68 26 77 -94 37 -55 -94 -34 -21 -83 -1 47 -18 -51 20 -80 39 -82 83 -56 -94 65 -43 -50 100 61 -79 49 72 -59 -93 4 10 20 -66 75 53 12 44 -99 -35 4 -33 -39 70 1 3 -51 40 -70 51 -78 68 9 16 -26 37 -13 82 -50 -29 -8 38 55 -35 -78 26 -9 23 96
-39 -19 65 -61 34 -80 -61 87 -74 94 -19 -100 29 29 -26 -1 81 44 13 -66 -67 0 -1 -82 89 35 -90 38 49 -100 1 39 91 17 94 -40 18 46 95 -77 -77 -46 61 74 -57 -73 100 -87 -10 -80 -25 -84 -25 -47 29 -2 41 50 62 69 92 -97 -62 52 -48 35 -17 -6 -11 99 -17 -93 19 -51 -62 46 95 37 -8 69 -28 -31 36 -53 -20 -79 -11 75 -41 -23 -68 -25 55 -40 4 -90 -63 -66 -49 1
34 -57 9 -40 -64 -81 27 55 68 -98 67 -85 -50 -8 20 21 26 -47 -54 -45 -26 -64 10 -45 -29 -39 33 29 -71 -89 -6 57 20 -94 86 44 88 -62 -86 33 93 71 -43 -71 -8 -6 -15 18 -66 -11 58 24 -8 44 -49 -6 71 99 100 62 74 21 94 45 -11 -26 100 -24 -39 -24 37 28 0 63 4 -21 -42 66 -17 68 -69 -80 -76 -37 -90 -78 70 -55 1 -12 -69 -11 16 -27 45 86 12 -2 -1 -27
-54 -58 -68 10 -7 66 44 -48 20 -4 -99 -43 -74 -58 -59 63 -3 45 84 6 -59 -38 60 52 78 -81 73 -99 -90 8 14 45 7 24 -42 56 -3 -96 -74 -41 -68 42 23 -21 -100 -38 63 -67 -87 -2 95 50 46 -49 -93 13 -61 26 -33 57 83 -31 13 -44 -59 3 14 98 -14 24 38 82 -72 71 57 88 17 98 -66 67 16 11 -91 43 -32 -88 -62 35 -59 -34 -9 -68 -91 -29 -22 47 1 99 -83 -76
36 -30 -79 -68 21 -2 70 98 78 -3 7 57 51 -91 49 -17 -45 -41 -80 -73 -43 -11 56 25 -27 -53 18 83 10 -27 -57 51 -87 -54 55 -50 -15 -77 4 29 -29 -79 95 -18 -61 -27 30 38 -71 -41 5 -60 -57 -28 11 77 -92 -37 58 62 -43 -22 -76 54 -52 50 -4 12 -87 -8 43 -55 -81 -87 50 -38 -76 -62 -67 -15 17 87 -60 -81 14 -34 -24 -54 15 1 -72 -67 10 -18 -91 92 23 -36 -96 71
53 31 -80 -43 -80 62 36 -10 -73 -12 -27 72 46 81 -5 75 -24 -94 -1 -43 -80 5 1 20 91 -92 21 46 -29 69 -97 49 55 -45 29 -59 -6 67 -70 47 58 -13 -52 64 82 8 61 -22 -12 -6 12 -78 -75 33 36 46 40 -24 34 42 66 -48 7 6 11 10 -48 37 41 -7 -7 0 -1 -73 47 -66 -46 -86 65 -23 99 -30 52 71 14 15 99 -97 18 7 97 -49 -95 71 72 28 86 -96 42 -94
-18 -29 23 -44 55 77 28 -80 43 54 -24 34 18 20 33 -65 -35 -70 -27 -65 98 -49 60 -38 37 96 73 59 31 43 -89 64 -40 -9 -55 44 7 -47 67 82 22 -44 5 36 -18 -73 -48 -35 66 73 47 -39 -78 -17 95 52 -46 41 -28 -78 16 95 100 49 -5 16 -11 10 -12 -59 -92 -3 -37 -60 38 90 18 11 -34 -96 63 100 0 42 -74 -74 18 -60 53 46 70 -80 64 57 -91 -38 -83 -68 -9 -47
-71 -28 -81 26 41 -4 18 -2 -72 -98 -19 -99 67 -15 -58 -23 16 -7 56 75 -34 96 54 23 16 36 -24 -82 -21 -14 27 -28 50 98 -41 95 78 -82 -41 -19 39 10 48 -9 28 -54 -52 -11 -39 13 25 74 -5 28 -69 53 10 -4 -55 79 92 76 0 32 26 -16 93 6 66 21 63 82 -14 70 91 35 -90 -93 -83 86 58 -40 81 -33 96 -28 40 23 67 -97 84 5 30 79 -48 -74 -79 8 21 -43
23 -54 88 -39 -76 36 -82 36 -83 53 58 14 -64 -49 -49 -34 -79 -2 -7 -23 -55 1 18 -26 34 49 8 -77 8 -84 81 -54 35 75 -4 -40 55 2 -26 69 63 -77 47 -32 39 73 21 -54 -98 33 -81 -41 59 -12 82 4 34 -59 43 -38 91 -14 5 23 16 -32 -51 -57 74 -85 82 -2 -92 45 73 71 100 26 -41 -63 13 94 49 -21 83 -56 -22 -80 100 50 25 61 73 2 -37 78 87 -43 -33 72
-94 15 -16 32 -25 75 -13 -82 -20 8 -26 69 -63 95 73 -73 39 43 -65 -50 -100 77 -84 22 -100 -13 2 -76 -71 57 68 12 -57 -22 -26 23 -69 -56 48 38 -57 -35 11 33 -42 -78 56 -36 81 -4 -33 -92 -65 -76 -7 -40 38 -43 94 21 -91 34 81 -23 -14 92 25 61 68 -100 -50 -76 -44 -91 -67 67 -73 -43 -65 100 -51 3 41 26 -45 52 7 -78 -39 49 -26 -15 24 -71 -64 -90 37 100 -31 -83
-67 91 94 -98 70 -65 13 60 70 92 39 86 -17 27 -14 -79 -40 4 70 93 -94 -49 71 -91 -64 -42 -35 63 -62 33 -94 -30 -54 -37 21 -63 1 64 79 58 -40 -96 53 -56 6 -98 -53 51 -64 -19 45 -3 -52 26 49 -44 71 13 -90 57 -51 55 64 -99 94 -56 68 -97 1 -88 38 80 68 -17 15 74 -66 73 7 -73 -66 -5 51 -64 -43 -12 -15 -33 16 21 27 -47 87 -76 28 -63 -89 -30 100 47
-40 78 13 63 -94 93 55 88 65 -1 81 -7 -46 -45 85 -31 -79 -45 88 20 -37 -5 81 -76 63 44 6 1 -78 97 37 100 -53 -40 98 -80 14 35 -46 33 88 40 -77 -83 60 -72 28 -82 40 100 85 13 3 86 77 -96 -54 -40 -3 48 -81 67 45 -76 0 86 -61 12 50 -17 42 94 17 45 -81 -46 2 -32 -82 -20 86 81 -23 51 74 3 35 -5 -23 -13 -82 -48 72 -85 43 57 7 -65 -6 40
-44 -21 -86 8 70 98 -64 -69 17 -63 -44 -17 -5 46 -81 -22 82 51 11 -82 21 4 5 5 -99 54 9 73 57 -22 -52 51 -79 2 71 -98 -97 -14 -26 -43 37 69 -47 -5 30 2 9 57 74 79 94 41 -63 15 50 -90 40 -89 -4 -17 68 -38 30 88 -34 -80 -94 79 -20 -46 -76 -81 -56 -51 -81 56 -45 28 -90 9 -81 -70 36 91 59 61 36 -75 22 -100 -39 89 -45 -64 -97 -41 55 33 -68 -83
27 84 -40 6 42 -68 -40 -26 -58 39 -26 67 -87 78 -91 88 62 91 0 -82 55 -58 7 -79 -9 -10 -55 11 57 -36 5 97 -59 -89 -65 -29 4 24 96 -11 79 80 47 91 -78 -23 18 72 -93 -39 -5 -37 93 -52 40 -1 -32 -9 -26 -15 70 53 12 47 10 -33 58 -53 -56 9 15 -33 5 50 69 -82 1 -28 14 -43 6 -48 -4 46 -15 22 -57 20 -50 -15 -68 98 47 -48 81 -48 -45 -39 84 90
77 22 -87 -43 -95 -1 -6 22 4 -40 35 62 59 -19 88 78 71 89 -70 -38 -27 -5 -73 -80 -62 77 63 -26 68 -14 -24 66 73 74 -70 -74 -44 -45 25 70 -87 34 -9 96 -91 30 -1 44 -90 -47 18 -53 -98 -74 97 40 -44 -47 -46 31 86 -29 74 74 -49 53 -94 -71 40 24 89 -21 62 -72 74 39 -24 62 -52 -60 44 87 -99 -15 3 -88 68 29 -31 13 4 -79 14 7 -20 20 79 -53 66 -69
-32 10 -27 -35 57 -15 -47 -44 -24 -18 -47 97 46 -23 -80 -49 100 36 -7 -91 -12 37 -12 -31 83 -62 32 57 -76 73 42 -71 -40 5 86 5 64 -32 37 93 -61 29 -65 16 -21 -13 -39 -17 -95 45 -5 26 -69 -41 22 -88 -53 46 98 -92 26 10 -6 47 -45 -23 -42 -25 -63 54 -31 -66 -49 -25 89 -1 -85 -55 -46 -21 -13 80 -48 12 14 -66 -49 70 45 31 -58 55 73 -78 5 11 51 88 -17 -65
68 -85 86 -92 -73 -82 -60 74 -48 11 -25 53 -5 43 -27 -32 48 51 -2 20 10 15 64 -79 -73 68 9 -12 1 21 78 36 -61 -13 -13 80 -85 -40 -42 31 84 -25 -65 -54 5 77 -40 -6 90 87 78 -99 39 -99 37 94 -4 53 32 -15 49 70 -7 -86 -46 57 32 -45 -39 -93 75 62 10 -15 -23 18 60 52 3 86 -47 29 79 27 29 -82 -93 22 -46 95 46 62 76 -34 -61 -35 47 12 -24 -36
-3 -90 -7 -25 91 75 -39 -50 -61 -28 26 -83 -47 -3 -51 -49 29 70 -27 -89 -24 -2 72 -11 7 45 84 82 72 88 99 -29 3 -82 11 -45 -36 47 -48 96 74 77 -94 42 -68 38 15 -77 39 96 47 -56 -81 93 4 -37 -80 40 -24 -47 -9 84 66 -41 7 -35 24 9 13 59 -6 59 22 -73 -8 -92 -22 -6 -60 88 97 -78 62 -88 43 84 89 -95 74 -83 -89 99 -42 42 45 -64 -65 90 -14 -33
-16 -6 8 -40 94 49 45 99 86 9 62 -92 9 -88 -34 -81 -28 50 19 -53 22 -34 75 35 4 -48 15 23 12 57 -37 2 46 51 -26 4 -43 -77 67 -80 -96 -45 -49 20 -45 66 -32 -65 35 58 -1 -41 -89 50 59 -32 59 39 -60 92 -6 -43 98 -28 -40 -17 -49 -93 6 -71 22 20 40 -40 -77 99 -32 30 -83 -53 55 70 -56 78 18 -68 -31 32 -26 70 -83 73 18 44 -44 17 -62 -11 -13 -63
-35 59 45 -41 -31 -93 -3 -19 41 71 31 97 -6 -47 58 93 98 87 82 36 23 -49 -59 20 -32 -98 -28 -15 18 -15 -43 -12 -40 100 -60 -2 38 42 6 58 -51 45 -61 35 19 10 98 40 5 -18 -66 72 19 -74 -11 58 -58 -49 -54 82 67 42 -20 -95 -71 85 -79 -82 88 -86 -1 14 -46 81 -95 23 78 -24 45 57 -6 0 57 24 44 11 85 -50 79 -5 64 77 24 -56 -69 39 65 18 -55 59
25 29 -36 -33 28 -41 -85 -73 -60 -60 -48 57 -53 84 -20 98 -68 32 -97 96 71 85 -32 -28 -78 39 -95 73 -19 -23 38 -19 89 -81 -64 70 -9 -23 86 -90 84 -29 -39 -38 40 -96 35 46 -66 -10 -88 -88 -13 15 -79 50 -61 -49 77 82 17 -12 51 -26 12 -20 -39 9 -70 -57 -95 47 -52 56 -1 72 6 -62 -83 8 -54 -13 72 43 -98 -87 -83 -29 -64 -17 95 -7 -89 -2 -59 68 96 28 29 -22
93 95 13 13 -46 -93 99 38 -36 -60 29 14 -69 45 38 73 38 -79 95 -3 -87 -29 -73 -34 27 46 59 50 -31 -2 67 -42 -49 53 -63 25 48 83 -93 13 36 -94 -71 -55 53 -81 65 21 40 31 -76 27 -35 4 32 49 68 56 -81 94 -99 8 -74 81 -22 59 -71 -1 60 -25 72 -95 2 14 67 -31 94 15 45 56 -92 -48 15 68 84 -84 -100 -11 -54 -94 -95 95 52 -27 19 -7 38 -68 -81 1
-17 18 32 -69 42 54 81 -49 86 0 67 -4 100 -96 -93 -10 74 -34 83 87 -11 60 76 -15 11 62 -88 -39 1 -92 19 99 88 -95 -51 19 61 34 5 -1 -5 97 -21 -97 -93 56 31 -48 93 -95 -12 8 -4 88 8 -22 71 -23 2 50 -90 58 -65 88 75 -84 -42 98 -88 47 38 -17 -56 -2 -94 -63 -21 6 -8 20 79 60 -77 45 -33 -21 30 -52 7 -44 -57 56 -61 45 92 -61 -86 22 95 33
24 9 -58 -37 -39 57 -35 -16 11 -44 57 -3 48 -39 -20 -62 -5 -6 27 -54 -80 68 59 11 -19 39 38 -64 67 -2 -54 48 63 23 -86 -46 -97 57 -39 87 38 43 50 -14 100 -99 5 60 -15 -78 -10 -99 -37 -90 -93 42 79 -29 -93 13 -14 -40 -64 72 82 3 26 43 38 -61 -65 60 19 83 63 -100 32 0 38 -48 -49 28 24 -33 37 37 2 10 -60 -73 48 -33 -53 65 -4 -44 38 5 -50 -90
87 -21 -70 36 -92 -86 -23 15 30 39 -67 6 89 41 -19 33 5 -4 44 -36 -42 -44 -95 90 -52 -37 89 -37 84 95 83 47 10 52 -94 94 -82 56 47 33 13 -1 52 -58 -68 -13 -83 53 56 -35 -87 3 68 -28 78 46 -47 79 91 90 -75 48 -59 42 30 32 67 60 80 40 -13 89 43 51 -20 -33 -88 -19 9 68 38 23 18 -37 56 8 44 28 89 -60 67 6 -61 70 13 -6 65 70 42 91
-69 -53 -51 20 39 63 41 -35 -95 -100 44 -97 90 -81 -75 59 -5 2 9 -72 38 77 -46 -18 2 -84 -5 32 28 -85 -91 -86 -84 18 69 -84 17 -18 -98 -20 51 -12 -15 85 94 -96 96 -4 -37 -48 -23 77 -44 -93 -88 -86 -26 86 -90 -32 -80 -29 -21 -57 80 83 -83 45 11 48 -88 61 -88 10 99 -45 64 -14 88 -78 -3 1 6 -79 -26 46 -82 51 -12 80 96 28 83 -13 32 -90 -41 -37 -90 40
-25 -47 -6 40 81 -18 27 -35 -92 -50 -82 20 -56 -20 38 91 80 84 -51 -45 82 -58 48 -3 68 56 -79 74 -69 -44 79 -80 -5 -47 66 -91 -86 37 51 68 -14 -77 -18 -20 -5 -22 5 28 67 -58 26 84 69 36 63 59 60 98 -32 38 -83 -62 -76 49 -84 -72 45 4 -43 80 39 28 -14 -33 6 19 97 -15 -28 22 24 -32 0 -32 -55 -41 100 76 -24 -11 -20 44 18 -6 -4 58 -42 -16 33 -16
98 59 80 35 12 62 83 68 29 -62 -42 61 87 15 -95 98 -16 -94 73 23 -60 -97 81 -90 45 8 88 20 20 -80 8 28 -69 90 4 -13 -45 -34 90 22 -13 19 -99 77 -83 -98 -53 49 -52 84 85 -43 -71 -86 -3 63 -56 -10 66 -97 28 66 95 -62 -62 14 -90 -62 -58 39 -91 -35 98 89 -62 14 81 93 -14 -98 10 63 -81 80 -56 26 61 -19 -72 48 15 11 -26 -67 -28 69 85 6 20 5
-50 -11 93 14 -65 15 19 -68 -90 -32 -29 -1 -99 19 27 -47 -71 31 21 -69 -2 24 46 51 60 44 94 2 26 89 57 85 -3 32 -77 -38 0 -97 53 -67 52 98 67 51 23 11 -96 68 -95 76 -76 -85 15 68 4 -48 -9 -16 6 30 -30 4 -69 50 35 -29 -51 92 -100 80 71 -3 -60 88 96 28 80 -80 45 -42 23 82 21 31 20 79 82 -97 -7 15 84 25 -59 -33 -57 -86 -46 4 89 40
47 -56 -97 -48 -96 -15 -81 13 51 96 -33 41 93 53 -97 76 55 -21 -63 -8 7 -41 33 -46 93 -6 -88 11 33 64 90 -48 -66 -6 -81 70 24 -71 5 -1 -50 88 75 27 86 45 -64 19 -6 -93 -99 -57 -79 50 -14 46 72 -72 90 71 65 -35 -32 -90 -60 27 -50 -36 68 -58 41 37 -31 -30 -3 -42 28 -95 -29 -68 -19 68 64 36 -47 79 29 35 -22 90 -31 0 -64 -80 67 -71 -3 -21 -74 -77
36 -38 -74 -32 14 -61 3 -24 55 -2 37 0 -43 -30 75 -49 -67 16 17 88 -63 75 90 -29 -100 66 73 41 -99 -10 -46 -86 98 54 -37 -29 -65 92 59 58 28 72 41 -45 27 10 -79 -74 81 65 95 69 100 66 28 -92 75 -9 40 -36 34 -90 -28 -56 69 45 -61 72 85 -54 79 39 52 43 70 56 43 53 -29 60 -82 14 25 -87 64 39 37 -56 84 -86 45 46 -24 -80 -43 39 13 -15 71 85
-12 64 17 52 -1 -61 88 11 93 29 59 81 87 -49 -34 12 45 93 -33 -76 -51 34 6 6 12 -66 -23 -64 -2 57 -12 -80 5 -36 -46 -96 58 -40 -42 49 94 -75 70 -90 81 -92 -31 57 16 -69 42 -17 -3 -28 -9 97 -24 22 -2 -73 -44 26 -26 40 98 21 57 -27 24 -2 60 59 -70 48 -41 100 52 5 -24 -96 -52 72 -57 -21 -16 72 -31 -63 86 -10 -57 30 53 49 42 73 -43 46 -82 -34
-55 11 55 -61 -67 59 18 -73 -88 29 66 64 66 45 61 87 23 23 -20 -91 -96 86 -49 -35 55 94 -74 65 -43 -11 12 -21 -39 -37 -87 -65 77 -74 77 82 -51 58 -93 -99 -53 -30 -54 7 93 64 -42 70 -32 11 93 99 -75 -15 73 -11 83 39 -33 -25 36 47 -6 19 -36 -67 17 -67 94 -72 -46 61 61 -75 -9 -36 -100 68 -22 -85 -44 31 1 -63 -79 -68 97 -65 -7 11 -98 8 24 21 17 -84
23 15 14 -75 -14 -60 84 6 44 25 76 -22 9 -44 -54 53 -41 0 -21 -27 -39 79 -73 88 38 23 81 -10 -39 -22 -25 -74 -98 65 -55 -85 -24 12 -66 -89 72 -58 78 -26 94 83 -19 -31 27 45 -9 84 64 93 39 23 27 -40 27 59 17 -73 -80 -83 33 77 -3 46 4 27 -16 -29 -12 11 -93 57 -35 78 82 -48 -30 46 -92 64 -66 70 34 20 -86 5 50 53 17 19 18 -8 94 58 10 65
46 -19 94 73 -86 66 75 95 42 -95 98 62 92 92 12 -44 93 36 0 -98 -61 42 -62 17 -17 -57 32 28 36 89 51 -60 -51 -72 17 -14 -59 -26 56 -9 6 1 -18 -48 37 79 17 -66 -35 34 4 -95 78 -25 22 1 0 -87 -63 93 -72 -69 -75 -16 -68 23 43 -25 -12 72 26 -43 4 -5 -38 84 -88 55 -18 -23 -94 77 18 56 41 9 -12 71 5 -50 -42 12 50 -1 -89 72 2 8 -17 -80
54 -74 96 3 -56 44 84 -1 28 42 -12 34 -23 77 30 -66 31 20 -45 19 -92 43 30 -15 -80 76 34 75 83 -24 57 41 -21 -8 67 -78 -91 72 96 -58 95 -30 -21 56 -83 -100 31 -17 80 86 58 -32 -40 19 -15 -34 25 21 50 0 -33 -15 15 88 -67 -5 -100 -90 -90 -2 -9 -87 27 11 -65 -29 62 50 3 -54 -25 63 42 -28 57 37 -82 -73 -55 50 -36 -72 -6 -69 11 13 -2 88 86 89
62 18 -60 -53 42 -100 38 -53 -48 59 -3 -76 -19 53 -79 -48 -72 -99 -18 63 -99 79 91 6 74 -58 23 89 57 83 -24 -29 48 -2 66 -48 79 25 -28 -71 -50 48 -87 55 33 -58 -78 -37 -10 -45 39 -2 -72 -3 39 98 34 30 -14 -98 93 97 -2 -59 -47 -35 -13 5 18 -28 -97 -76 10 17 6 97 10 -33 -88 -70 63 43 -72 18 70 56 56 -40 -61 -60 50 18 33 91 -16 -24 -51 77 99 87
-4 -51 -63 89 -31 -40 -46 -18 26 -73 21 99 -2 51 -21 -51 11 -54 -83 -94 94 37 -26 -36 -93 12 -60 -1 99 35 -65 84 -17 -7 -22 40 -68 60 50 -12 -88 -69 -82 -46 -33 -24 -53 47 61 -11 97 -27 32 7 4 47 -54 -74 -88 -98 -84 -11 33 -32 -68 -46 -5 47 1 71 83 -74 40 -29 -52 -7 -90 40 12 55 -95 65 -88 20 39 -88 -71 17 -31 38 -29 12 -8 8 -24 48 -1 -52 -87 -94
26 3 -87 28 93 18 -41 31 -71 47 64 -38 31 -100 82 -48 -17 -100 -21 -42 -88 40 10 80 -93 -43 -11 -80 86 8 -50 -87 42 -10 12 -84 7 48 33 64 -2 -78 -29 61 -58 83 54 37 -74 91 -57 -94 44 -38 8 -36 77 0 38 86 -97 -47 -50 54 -82 91 52 -88 100 48 -5 9 32 19 80 92 65 -71 -54 -19 -99 -79 34 39 68 -8 89 74 37 83 -100 81 -20 -79 73 61 -63 -26 -28 -41
-50 -92 4 87 57 12 26 -57 -53 -89 27 98 46 86 -1 16 87 78 -96 79 81 13 -66 29 66 -2 14 -35 -80 45 10 -87 -94 -12 -52 -72 37 10 -85 81 53 -93 -40 -12 -24 -3 -95 98 -21 -15 59 -84 -22 55 -58 -93 36 -45 81 32 27 -4 48 -8 51 2 90 -79 -31 -44 29 -69 23 31 -83 -20 41 -41 -84 65 30 82 100 -45 86 -99 0 -70 -23 -51 42 -13 -2 97 -84 -59 -84 -93 -47 39
14 -70 -75 -65 79 15 -44 -47 -76 -53 24 -57 -44 -61 -42 86 21 -56 81 98 91 -41 98 -32 20 -9 11 -40 -51 4 -50 -26 -43 24 36 -11 80 -26 34 60 -100 95 -63 77 -33 36 -11 -23 -39 -37 93 5 99 -2 43 1 -47 82 -19 -56 -4 99 -38 26 70 20 -79 -77 91 -95 88 -35 -44 -10 -54 72 7 -23 -12 -14 72 12 28 -12 67 -17 13 -12 58 24 96 -52 40 -64 -78 -7 -19 -98 -22 75
-9 83 -100 53 -58 -23 86 -85 61 -89 -79 46 -27 6 -99 26 -35 91 -5 63 -46 84 -68 -100 44 -22 -49 -56 -38 88 8 42 -18 66 99 77 30 71 15 -80 -98 91 -29 -56 76 -5 -47 -82 -74 -73 66 -60 -65 -74 -57 9 -80 52 34 3 30 -12 22 73 -47 95 91 -44 51 54 65 10 69 -39 37 86 -82 1 -75 -82 16 -54 48 -13 -66 98 -81 38 -97 89 -59 -38 -55 -10 100 -60 -54 44 -95 0
