100 100
0 -45 58 -44 -44 60 -16 -69 10 -63 -13 -79 -48 16 23 -68 -61 19 89 -4 -64 96 52 -2 14 84 91 -23 -23 48 4 77 44 -17 11 35 -11 17 -15 39 -57 29 14 37 78 -81 29 -37 -61 71 -82 -23 -10 -34 -59 -87 21 16 -83 26 -86 18 -26 -23 -45 56 -4 -59 -91 -7 82 -7 61 -47 37 -34 -21 93 89 92 -17 -66 21 62 67 33 -80 14 -55 -70 92 3 -1 -43 -43 64 55 65 -84 -70
-42 -18 -41 94 -74 19 -3 -63 -88 -60 28 13 85 -44 48 -96 72 82 30 -65 31 -26 70 -43 -79 74 -46 45 -59 -98 -50 18 -46 60 3 -21 94 -35 -82 -4 86 79 -42 79 -54 -73 84 30 -70 -94 -84 -100 -23 -8 81 77 30 -85 55 -10 28 -64 79 69 3 41 -93 15 6 93 84 -51 -35 58 99 -5 36 -2 -48 51 96 -7 -52 -79 2 6 1 35 37 -95 77 93 1 -92 38 -38 -25 80 50 30
-86 8 25 -36 4 29 18 -67 -91 37 28 48 55 -23 97 -89 -87 -23 -3 54 61 21 -27 4 37 -75 16 -40 -68 17 -26 -68 95 21 84 -19 65 20 29 -38 36 -85 -93 -80 -38 -10 -64 -10 8 -37 -6 30 45 -66 68 -43 58 -31 45 -94 -32 -38 -88 22 29 -60 40 51 28 -60 -22 57 -93 24 76 -14 37 -88 -48 -49 2 -6 4 97 -14 30 -53 -63 -58 -58 -93 -55 92 8 13 46 7 83 -41 -53
-16 -10 33 -57 -23 -69 -4 -57 -98 27 -10 -89 -80 100 33 -20 -25 15 50 13 -70 0 94 96 -76 -99 95 1 28 -19 37 -98 75 -41 70 -50 29 96 81 87 -54 18 92 88 -72 -7 -82 31 51 -57 -73 10 -83 -74 75 -23 -53 68 32 -4 21 -84 63 -89 71 98 -51 58 -40 30 87 48 -84 95 17 -24 -53 -98 -63 61 66 91 20 -56 7 -22 -96 19 1 -84 -67 67 -40 -75 45 -83 -88 32 -12 7
16 -40 -41 -18 62 -29 -45 59 47 -25 59 -38 -29 81 17 79 -73 15 -39 15 31 42 90 -3 63 -47 -17 33 -1 97 41 85 -32 94 -44 -16 -79 -27 11 -48 42 -42 -53 -26 97 -88 52 97 -26 77 -37 72 -66 100 -4 -39 14 79 68 52 -3 65 60 -94 -86 -84 72 -98 70 -40 -60 -79 -82 -60 -37 38 51 -87 94 14 -9 -86 -39 69 -38 -94 -79 82 -3 29 33 -17 -82 73 -84 -15 -49 -85 -58 56
33 53 97 89 6 95 -25 77 -45 40 -6 -50 -47 53 28 -95 72 5 35 -5 -2 14 -17 -75 27 -46 6 37 -14 67 73 -13 -31 -40 -5 30 -45 93 -10 15 12 -61 -43 -2 -53 89 -85 -92 23 -5 -57 -10 -33 -42 -39 24 -37 -7 95 -48 94 -34 -99 -69 -75 -69 54 45 -7 -29 61 18 13 55 95 19 -62 87 86 -71 -88 85 -24 -34 -64 87 8 80 -71 -77 -80 -3 100 54 6 94 2 47 17 37
-71 37 46 56 -75 14 34 20 69 -67 -75 24 13 -50 31 87 -52 44 56 35 57 -83 92 49 93 -71 92 -48 -41 -99 61 -48 30 -52 -79 20 49 89 -57 -60 6 35 46 -63 -30 76 32 0 -95 -14 -48 33 -53 40 -9 67 39 37 56 89 -53 -85 26 22 -76 69 -71 -50 -25 -84 95 2 14 51 -37 -65 -89 30 -36 10 93 43 -57 -94 24 82 84 -82 -43 31 52 -82 35 -32 -25 -51 -32 -78 59 44
-12 5 54 8 -15 4 15 -6 75 93 27 -34 -88 68 55 -9 66 -17 -86 78 78 80 58 33 72 8 99 -47 36 57 67 20 0 -67 48 30 4 -35 -53 -98 -61 25 84 -55 -75 -51 36 -83 -66 67 75 -58 3 -78 77 -63 -57 3 61 -80 86 -87 -9 -29 -29 -82 15 -47 -85 -87 57 -85 -93 -9 -90 85 21 57 -76 -64 -45 78 58 54 -16 8 69 69 -60 -33 -10 45 24 -72 63 16 -67 -75 -52 -38
76 -23 -30 -11 -63 -59 44 -63 12 -4 -48 59 -18 81 -12 4 -77 -5 37 43 8 -64 -82 -14 87 -29 55 -50 -2 -52 18 -51 22 -63 -59 12 -82 -79 -65 48 31 84 60 16 35 -99 -5 77 -80 -64 10 11 94 -88 94 57 10 48 -21 33 -49 -65 -63 -87 48 -97 42 92 -95 76 -65 -31 -68 -77 7 -48 4 18 -3 -41 -5 67 -66 4 -75 77 -84 60 82 -73 -76 -99 -5 -52 -3 -35 99 38 -61 40
-3 -21 96 -2 -52 -64 49 92 3 -13 -10 -18 42 78 -83 21 -62 83 14 -32 -11 -36 6 85 -86 -73 93 -36 95 81 -96 19 10 -23 1 -62 -75 9 2 21 -46 28 -92 21 -7 1 2 0 -50 60 41 -36 -82 32 -95 31 97 68 87 -52 9 18 -23 7 53 -70 -61 -16 -48 32 66 -8 92 58 -56 99 -28 -83 93 19 44 90 -100 27 -88 -94 -73 0 21 -44 94 2 24 -92 -99 44 -89 35 -10 58
-31 -75 10 -21 1 39 -61 80 -82 68 2 64 55 -97 -6 40 60 81 71 -61 -72 -41 40 -73 97 62 -39 57 71 82 24 61 26 -85 -54 21 -16 -10 10 4 -44 -91 5 -27 -12 50 17 69 -89 -8 -44 -15 -16 -98 71 -17 64 -3 -1 -47 -30 -88 0 -58 55 -90 10 -57 10 68 -17 52 11 72 -56 -42 64 -52 3 -73 -85 53 -39 23 43 -53 28 47 -44 8 -43 -7 95 -17 32 28 73 -64 -66 87
17 41 -37 -70 43 -92 -29 -56 -7 51 -16 -72 65 83 -8 97 70 -71 -86 39 -68 9 -88 -76 -20 -21 95 11 -86 -72 -58 -67 -69 66 -79 16 74 88 91 -75 39 50 -31 14 -27 29 -55 -16 60 -84 4 -48 -68 -61 -8 27 -80 57 -30 72 40 -3 78 99 46 -39 18 -59 -22 43 -16 58 -16 14 -98 -44 -75 -69 17 7 -78 78 -82 -21 -57 41 -9 66 26 -78 50 83 -83 -90 -89 67 -50 -62 -100 14
51 -8 -15 38 -35 61 78 -24 -80 -15 28 -38 70 -84 -35 -67 62 85 42 27 65 62 3 24 -26 -6 -5 45 89 -9 -71 -48 22 53 38 69 91 -98 -22 33 2 1 76 -68 4 45 -74 -25 -13 52 -11 -80 0 94 -14 19 -37 -47 -82 22 -83 50 -74 -12 -98 -41 -68 -97 38 -9 2 -23 38 -83 56 15 93 14 56 -14 16 -14 -19 50 -12 81 23 -54 77 4 4 40 -71 63 -83 -94 -22 -69 -34 96
29 -75 0 -96 -87 -58 -16 6 -47 -86 94 -45 -77 -69 -25 -66 64 -5 48 -9 -53 70 68 -31 -62 -16 -4 20 -83 49 80 -89 -80 -94 -67 -94 2 41 42 -7 14 -92 -3 -34 39 66 22 -92 -14 -41 -89 -79 -43 -94 8 55 15 -74 81 25 15 0 -56 -30 7 -35 -61 -47 98 -53 -78 0 -94 61 11 -89 -30 23 35 -16 45 -54 -72 69 -26 13 -80 82 51 55 13 -31 97 -71 22 -11 -100 -99 97 -22
67 7 5 -72 -19 -98 -86 67 -51 50 52 16 84 95 -36 -89 61 -93 13 -39 87 -61 84 -95 21 -8 -93 27 50 -27 67 -2 -73 54 86 -99 63 -65 -4 -54 -64 -48 32 -36 -33 -82 47 92 -1 -85 87 -26 81 34 39 -4 -94 -43 22 -19 95 -75 -94 -62 5 99 81 -59 71 36 78 -28 -41 14 -92 89 -26 -88 -62 -71 -57 -50 89 21 38 43 63 22 -29 -34 -45 -17 -44 -5 -99 -23 -29 -98 65 -71
-55 -34 7 1 95 -16 41 84 36 -76 -42 25 96 46 -15 11 72 37 4 28 62 -68 17 -7 77 -66 83 94 95 86 81 50 45 -4 -37 -1 -50 -42 91 -76 -25 -24 37 -48 26 77 -38 8 -1 -43 -55 -21 -69 87 18 -72 -5 -10 -23 -66 62 -11 89 6 -66 65 56 -37 -97 -66 -18 -86 99 95 79 84 -14 -93 -48 46 -6 -47 52 -94 98 -45 33 37 78 -74 -24 -33 20 13 91 58 23 -72 -92 76
62 55 -30 47 -33 -90 64 -55 97 26 95 -66 2 -18 -71 -59 -61 57 77 44 -17 -65 16 -2 14 27 -11 -3 78 -14 -76 26 -55 -54 36 -28 -88 -64 3 -88 43 -38 -95 -45 18 -33 55 15 45 -31 -28 -42 -48 -93 -12 -49 -24 73 -50 56 -24 68 -59 99 -7 -95 -58 80 -77 5 -40 51 86 66 -81 -12 -75 -32 71 23 62 -70 -3 -85 -80 1 70 6 -78 -58 38 -46 -5 29 -36 98 -76 94 34 41
-71 27 -100 18 -98 -80 -91 88 90 -64 -27 -17 96 -33 -87 74 94 34 -95 -40 -87 82 26 -93 -78 -34 -28 -52 61 46 -40 -45 2 26 -94 -2 33 -82 36 57 -8 39 37 61 -78 -26 -98 87 -85 71 85 5 99 -11 44 80 49 -65 76 8 -14 -99 -23 -73 68 -14 -89 -34 -93 -58 -63 -87 -60 -27 -78 -87 -92 19 -98 65 -72 12 -27 -36 40 39 35 -3 -90 -8 -70 15 -62 24 43 -58 -100 79 59 -3
-90 -12 -15 -2 18 41 31 -74 -92 95 -44 -60 -19 30 -66 11 16 46 16 -19 -32 -30 -81 -91 -45 -24 11 19 8 10 -3 -44 -100 -57 19 36 -39 -32 -80 46 87 -33 75 -96 -90 -60 -72 79 -22 18 -43 88 56 61 -73 -22 -47 -95 68 63 4 46 38 40 -36 2 81 56 91 -45 -62 -95 1 -69 -61 20 53 29 53 -100 33 75 -29 -23 -83 1 23 32 34 13 68 2 42 65 0 94 0 -33 75 54
-99 10 -36 -89 57 -71 91 -47 -13 -45 -59 -47 -80 -76 81 -51 -16 -46 -69 25 10 6 77 -21 -29 69 33 -39 69 64 -95 -45 -80 21 -64 -44 -80 73 -52 -19 -41 32 -96 -28 -95 -69 -20 90 -65 71 -75 -63 -5 -65 97 7 -55 69 -22 -3 -100 -32 57 74 2 61 37 30 -53 -27 -12 -34 99 38 -76 -10 -5 6 41 15 24 23 -47 -21 -73 -1 -42 79 97 36 -87 -81 42 -57 68 84 -22 -100 21 4
-24 -56 -60 -93 -14 71 95 -69 -61 57 78 36 4 -18 -13 46 -30 53 -83 38 -94 89 -66 71 -17 50 -5 82 -29 -80 66 -66 -11 -96 -88 43 -70 -37 -47 -66 -68 90 -79 -2 89 -24 18 21 -100 -10 -74 76 65 -26 41 -11 68 -63 -73 80 -70 -85 -5 -92 -73 67 -30 -61 94 -19 -99 29 -22 -6 19 75 -29 -73 -79 -9 -30 -65 -8 38 80 76 36 11 85 -46 56 36 -76 -37 18 -58 -88 -36 69 100
-100 -71 83 26 47 -14 34 75 -38 -49 -54 -9 -35 21 13 41 100 73 -18 -70 88 -71 -79 58 20 89 -34 20 -48 25 85 90 -10 -59 18 20 -71 -66 -71 40 34 -95 -13 -77 55 87 -17 -71 -74 72 67 15 -99 -94 -37 -20 -38 -28 56 53 25 -31 28 -11 -61 -70 -87 -13 -52 -31 -44 -83 54 -39 -6 -92 -63 15 -7 49 -34 -78 -25 57 18 -10 -46 27 58 11 -99 22 -31 52 -30 -4 -64 -75 -46 38
-71 25 0 17 -18 -40 -79 29 27 -38 -72 56 73 79 -16 45 -89 60 -96 -82 11 8 96 -42 -31 96 -25 26 -34 -57 -32 -89 -1 100 -91 41 -48 9 -26 -8 -7 -20 -68 81 71 60 -74 41 -23 -70 -82 29 -60 57 2 -87 43 30 65 -88 6 38 6 -78 33 -41 9 24 -2 28 -8 -58 -90 -37 73 41 -33 53 39 -28 17 9 99 -32 70 25 1 73 77 -51 -23 -5 -52 91 71 41 0 -86 -38 92
68 68 -21 -1 -83 88 -41 48 -37 68 36 44 -81 -28 -70 -80 -64 -43 20 82 -96 44 -6 -82 57 0 -80 37 18 73 -69 -52 94 -28 34 12 8 100 -32 -94 -62 32 95 64 99 83 95 69 47 66 -30 -93 -3 -60 -53 33 -75 -21 -68 42 -61 71 32 -38 27 -82 -55 75 -4 -31 9 -99 -79 87 48 -75 37 -88 -50 3 -17 -98 6 -93 -10 -85 -47 66 46 -25 79 -93 -98 88 -83 -20 51 92 45 -34
-90 -64 54 31 8 93 77 -28 -47 -19 -48 -79 31 -15 51 64 -42 1 72 47 89 -61 -42 14 67 -100 43 75 -39 -4 49 -97 29 -55 64 -68 -34 -45 -15 82 -85 0 -75 89 -26 82 -17 59 19 -26 95 8 71 80 -23 -100 40 64 62 -49 -86 93 -14 78 -99 83 -29 94 87 77 60 91 -66 89 -8 -7 -96 -16 96 100 -33 0 -56 -2 -29 43 -60 36 66 -97 32 -48 -41 -45 -84 76 -4 24 60 15
-23 6 8 44 62 20 7 17 47 33 92 68 -6 98 21 -74 89 50 -95 15 40 41 -40 5 14 94 -15 -66 -75 76 25 -37 -90 16 -46 3 54 -18 -54 78 33 0 -45 65 -51 68 -10 77 99 98 -53 81 -61 -84 68 25 -60 -27 45 17 -13 50 82 -28 24 35 1 -81 0 -41 -78 86 9 -33 -20 -24 -43 -50 2 55 -28 -81 24 16 58 -84 -9 57 10 98 -27 77 37 78 80 -40 -7 -53 -75 31
-13 48 33 12 -97 -46 73 -70 -24 -13 39 53 -22 20 80 -83 96 -37 43 19 94 80 54 -9 -19 -86 71 92 6 -43 21 -95 -84 66 -96 24 0 -76 75 85 71 75 -28 77 -59 36 -17 34 30 84 -74 1 37 -10 -55 78 57 -7 -82 -39 3 -68 98 81 -69 -25 -37 -66 -98 -53 -97 93 -6 88 1 -14 69 37 10 -43 -71 55 19 67 53 -55 58 -59 -21 51 -63 -42 11 -34 24 48 -2 -70 94 -56
-9 34 40 44 -68 -62 88 31 85 -64 -52 -43 -37 -35 -34 38 -19 20 -79 -29 45 -72 -46 78 -86 -75 52 -86 -2 75 -49 -59 1 1 9 -90 24 15 -23 -13 -39 -19 -34 -72 29 81 -86 -84 74 70 28 -7 -38 -73 -47 19 -55 84 -59 89 99 -90 -75 27 25 65 -55 97 -55 19 -72 46 83 -20 -37 -35 95 -86 14 96 92 81 26 15 61 -26 65 21 -58 -95 36 20 -17 87 -39 10 -76 43 -72 93
54 80 -40 -90 27 2 -55 -96 -33 79 -82 -74 53 -21 -23 38 -17 0 -53 40 -58 35 -43 -96 -84 -79 2 8 63 -66 47 57 -59 -84 57 94 75 -80 34 -36 70 -77 -32 35 -31 -83 -5 33 -53 -35 12 73 50 89 55 52 58 -53 24 4 -82 -61 -71 -13 -53 -10 -96 60 -22 -92 -15 24 -54 74 28 71 70 -66 -7 85 6 -22 54 -31 -40 9 -96 33 -53 89 88 -88 16 -18 63 63 -2 -13 24 88
95 60 -70 37 -73 -60 54 -21 -91 59 45 -56 -46 -70 -61 -86 99 -29 -2 -98 77 52 -5 -16 -52 -11 46 -19 78 96 -61 -49 91 94 -41 -49 18 76 -34 90 -86 -20 -40 22 -93 -74 27 -31 -49 -32 11 -33 14 -89 -52 61 -18 -80 71 31 23 34 -71 32 -7 -90 92 74 -21 -68 -56 -84 -94 70 92 28 -28 99 21 -25 -66 61 23 -40 78 10 -85 -5 81 -40 -72 75 9 74 78 -42 87 -98 -38 -61
-13 28 76 -44 -40 -21 81 -17 12 -41 -77 0 28 -72 -71 -62 -65 -44 -16 -13 73 54 68 69 59 -76 62 -79 -77 58 -12 30 -63 71 50 6 33 37 72 -7 24 -41 -21 -18 -90 -72 59 74 -60 86 30 -3 14 39 -20 -86 -98 48 70 -17 37 -51 -57 75 -16 36 -82 -46 -38 8 21 98 2 -99 82 -81 -46 -44 25 -63 55 -80 36 -37 45 58 -92 10 71 67 84 -47 -99 51 82 0 -61 95 -16 -41
22 -21 -10 -82 -10 51 -33 -86 85 38 16 67 13 -97 -68 49 38 88 73 60 -66 91 79 -29 12 -58 79 10 -37 -23 39 45 54 -3 -16 -26 31 -21 58 -70 -34 64 12 71 54 25 -63 -66 97 -94 79 -53 -61 -98 34 57 16 -3 42 34 -77 97 -7 -49 26 92 -64 -10 21 78 -72 -14 77 64 33 63 85 48 36 -73 28 -79 15 -21 -41 69 30 -51 2 -53 80 46 70 -55 22 -20 3 94 36 38
49 -22 38 48 -52 -78 65 -23 17 -19 86 51 -96 59 -45 16 94 -36 -48 57 -35 47 83 -17 19 -58 97 -33 74 98 69 14 56 17 73 34 -94 53 95 91 -35 -50 -38 -92 -14 23 8 16 21 52 -100 -38 -94 78 -51 -79 -71 60 87 -13 47 -57 23 9 -53 82 -5 12 -1 76 -8 80 66 10 -21 4 63 28 -21 -84 49 -73 73 -84 -82 -53 -17 -38 53 15 19 -46 -52 5 11 94 33 -10 -53 54
-53 -20 -25 -25 6 6 20 -64 -23 -20 61 -73 -7 69 19 -14 -38 -93 -72 99 52 3 12 78 -53 -29 -55 -81 74 6 -93 -49 24 36 -5 29 47 0 -33 61 25 74 78 -97 53 -35 -57 -47 72 -63 -92 -79 -44 31 23 55 -69 -39 82 -54 -67 77 -86 -27 -3 91 1 -69 50 26 89 -2 50 -4 -30 5 -18 55 -94 -15 59 -27 31 33 -98 -15 -33 -85 48 66 67 96 66 34 78 46 70 40 -100 -91
42 -9 -42 -66 77 96 -4 35 52 -75 -66 -75 1 -71 -20 -44 -24 70 14 80 86 99 73 -70 58 13 83 -48 -75 48 46 -8 -38 99 2 -83 -76 80 92 89 96 -76 7 -58 44 57 68 53 100 -52 4 -8 44 -6 29 18 67 75 8 -95 -75 45 -94 -46 8 -74 -17 -45 -32 -64 29 91 30 86 -99 47 43 69 93 75 -7 8 90 92 -15 -56 14 68 1 30 -60 -14 -7 66 57 98 -62 -36 -70 89
12 16 0 19 24 63 62 90 28 30 34 -5 11 95 5 -40 93 -58 -43 -99 30 -43 -65 97 1 40 -37 23 3 -64 24 47 -15 -16 -63 59 99 19 34 -21 -90 -9 -27 -82 61 34 62 21 94 -20 -37 12 -76 71 61 -88 -58 40 35 82 37 31 -54 86 -78 19 38 15 86 63 56 -15 63 -59 -99 26 71 -90 -99 69 59 35 -75 22 -16 -51 -36 -46 -1 -47 80 -28 -84 -58 -83 41 -76 -3 42 -13
27 -89 -20 -27 35 -53 40 -60 23 -10 -96 -42 47 -22 71 47 54 -22 -91 31 -92 63 85 -6 42 48 -52 -38 -45 6 -36 -73 39 -56 -88 9 -4 42 81 85 86 30 -20 -61 -5 72 -25 22 34 -13 96 -55 -63 -60 62 16 -61 16 -38 28 -78 -32 -79 41 7 -69 -24 -31 -78 -21 -8 90 -47 79 -34 -39 79 -40 -25 80 66 13 33 -1 93 -13 -47 -1 3 -46 74 -43 9 -41 42 84 100 -21 -8 69
36 -32 -51 -78 72 -6 13 65 -32 -79 -11 22 17 88 95 4 -44 65 -72 -57 20 -12 6 79 59 67 24 -95 89 31 71 21 -14 63 20 -28 -1 19 43 -45 37 -98 19 -84 -99 4 -2 -91 -18 41 53 -10 -89 66 -12 -51 77 -15 -34 -42 63 22 12 -66 63 64 -1 9 -86 1 31 -94 10 -85 -34 -30 16 -72 39 49 9 -45 84 -41 31 -2 -9 -79 65 68 59 -2 16 -23 78 70 -32 -28 -14 92
-25 21 21 58 12 36 58 -44 -68 7 -74 38 -9 -45 -45 -23 -61 -74 -50 2 -27 -19 -26 42 -26 -21 -27 -38 -98 -34 8 84 -92 -26 75 13 34 79 -40 90 28 94 -58 -94 -79 27 51 38 8 -27 -13 82 58 46 -12 -97 12 38 6 -46 49 -55 86 78 72 -90 -82 21 84 -94 -22 -69 -17 5 98 27 -32 72 85 -3 47 46 65 -20 -94 5 -82 63 47 -8 16 35 7 -53 -10 67 -52 -18 29 50
-94 77 -72 -52 -94 -48 -8 10 -23 -14 -35 -56 47 99 24 -78 37 24 100 -66 53 -67 84 -99 -38 100 -13 -11 -32 -78 54 94 -17 -33 -43 53 56 -57 98 -50 88 16 83 -92 -75 16 -70 -51 40 -77 49 19 34 91 73 54 -16 -66 65 2 34 84 -40 57 85 -60 -33 -98 -80 76 -87 -98 -50 23 67 -9 40 57 -93 82 -60 -73 -33 80 -7 -87 -10 7 -26 25 -50 10 -80 47 -75 -74 -22 -39 72 89
-42 8 69 86 96 18 -11 93 72 54 -77 79 59 -43 -95 89 24 18 83 10 -14 -53 25 44 61 30 -44 58 -100 -71 57 35 6 90 -29 66 -45 39 -93 20 -50 96 46 81 43 -7 -47 -75 10 90 -78 -22 83 -33 43 67 -39 -52 48 -8 65 32 48 -92 -94 81 -90 -80 91 67 -70 41 53 -25 66 79 54 -22 56 -90 -62 -40 -10 -59 27 -15 -61 1 14 47 -83 -68 75 17 1 68 -66 -88 96 -2
-7 36 23 -29 -19 57 44 88 -57 39 17 -64 51 -38 -37 1 27 -50 -67 87 -95 -35 79 55 67 4 51 -39 -23 -15 -88 18 96 -11 -21 -99 -97 -13 -85 -45 12 -21 49 -5 1 -4 -85 36 18 -91 -73 50 16 -69 -65 41 -32 1 18 78 -46 98 79 -62 57 8 97 -72 66 37 -20 -16 88 15 79 15 -21 61 6 -94 89 -15 66 -4 87 58 -63 -13 87 -94 -11 47 67 -4 -77 60 -19 -67 3 -80
-62 -74 71 -51 88 -63 73 -67 -75 44 30 -23 -93 30 13 -95 93 -75 -37 -32 -53 51 -82 22 -44 -81 93 36 97 91 58 65 49 -16 53 -35 18 51 -26 -22 -15 80 -56 -44 8 14 -99 -70 78 51 -72 -40 -90 -53 40 13 -52 -47 43 3 5 96 12 -11 -25 -65 69 17 98 45 75 26 -70 -48 94 -74 38 -70 -52 44 88 77 20 88 96 -42 -21 -86 -99 -75 -24 42 -42 99 -82 81 -61 97 -50 85
-18 -33 78 87 62 91 33 -77 -64 40 14 69 85 68 -11 25 53 -63 74 74 -79 96 84 38 32 -14 65 53 32 5 67 32 -42 1 -47 -62 -75 49 -43 85 10 18 -27 -89 40 49 -49 75 92 24 25 73 18 74 -17 77 -27 -35 100 -98 -86 93 93 -52 -12 74 -46 65 24 59 -39 -41 -85 -80 17 -23 61 -14 40 19 -81 -85 -32 68 -88 28 -33 -93 1 41 -66 69 -36 22 89 72 100 -92 73 90
-17 -19 -24 7 -37 -29 -52 80 -27 -11 63 -7 -63 47 29 -62 -93 -27 -72 -82 36 -49 16 -80 13 9 -87 10 -47 -95 9 78 -81 68 77 -60 25 17 -67 5 -18 61 78 -86 9 39 -2 89 -58 29 -71 57 60 83 48 68 76 -57 78 -66 48 -92 3 34 -63 -59 -29 83 34 92 -17 80 -37 -26 16 7 38 1 56 -63 -23 4 -61 -75 -96 -63 -72 21 -11 71 38 -95 -89 -7 51 -49 37 -34 7 66
69 -21 5 -9 -64 48 -82 55 8 -83 52 -13 -8 98 88 -29 29 -42 76 26 43 99 19 -49 15 46 99 25 -72 -9 -23 -6 -85 -54 -21 33 -60 93 58 -79 25 7 68 -36 21 73 -5 -68 28 -55 33 -19 7 -82 26 -19 -64 60 41 93 -39 11 49 -90 57 -67 -90 44 23 92 -94 16 14 -39 7 54 19 -16 51 -82 4 -60 68 79 4 76 -13 99 0 -64 57 93 75 56 46 -89 24 16 -14 34
-28 -57 24 30 -45 -89 -58 -50 -78 -96 53 25 42 -97 98 7 26 -81 97 46 7 46 -20 -57 92 77 32 87 74 -64 -10 -58 84 61 11 -15 16 71 -40 42 -64 35 -65 1 -39 -24 43 -32 -97 -3 81 35 -43 -93 -84 -92 42 70 -12 59 68 -11 62 95 72 19 -11 6 7 -41 -41 -57 17 -100 -74 -76 38 -33 -10 37 -70 93 5 -57 55 74 23 37 -98 15 -5 22 -22 -71 -47 5 22 -22 -91 89
42 -61 -37 -39 39 19 57 38 -97 98 85 82 -1 36 93 64 -38 -68 -14 -50 45 -58 56 -65 -8 0 -90 62 69 39 84 -9 58 -50 30 9 -65 17 96 47 49 -19 97 -3 -79 -12 -73 44 52 -3 36 -67 96 -9 -68 -49 75 79 65 -11 52 -4 -98 95 -70 56 -96 83 -55 -84 -41 -7 -97 59 -25 52 -38 -55 100 -14 -2 34 8 -7 44 -80 -37 72 -3 86 -46 -83 -56 62 58 84 -59 99 65 -33
-28 57 -56 -39 -8 -52 -11 1 -36 -68 55 -99 30 95 76 100 71 -12 67 2 -9 32 -45 94 -36 2 -51 -57 -99 27 33 36 76 -93 -33 45 36 -60 -93 64 84 46 -78 78 -22 72 -82 43 -80 30 4 58 99 -86 -64 56 -47 -48 -38 79 -88 24 15 29 14 21 99 -59 69 -92 -63 49 -55 -64 -66 -64 14 -10 94 66 -16 11 97 0 -51 84 55 21 -35 -50 -18 -57 -90 4 -55 -65 11 18 -7 14
-93 30 33 -80 -94 17 -23 -8 9 -82 60 -10 18 1 25 -20 74 50 -65 -95 41 23 -96 18 -7 37 -5 -26 -63 -66 63 -54 88 17 92 -54 90 51 90 91 -6 -38 60 -88 -49 -79 -35 43 1 19 61 -77 40 -29 -97 72 53 -98 85 -26 -34 -76 91 -1 12 90 -40 -56 23 78 -19 -9 62 -71 -4 -2 100 -62 77 11 29 -76 -96 10 -92 -11 -60 52 34 20 83 -15 24 29 -62 -7 59 -98 71 49
70 -69 24 -74 13 -73 -24 -72 75 -44 -70 64 8 48 35 -99 -100 -95 79 -91 -64 97 -19 27 -91 34 49 29 -99 -75 75 3 -46 -21 -21 -76 10 -6 -62 -1 53 51 -87 61 -20 82 87 92 10 52 77 -70 86 -4 44 -71 72 -60 72 -92 -42 -66 82 90 -9 93 -83 9 -99 73 -72 -90 35 80 -37 59 -54 84 95 -72 27 -48 -25 63 76 -97 93 -52 -100 28 65 -62 5 25 -64 -43 -3 98 -57 21
100 98 26 79 83 -45 76 89 65 41 -3 -46 -25 32 -50 34 -75 15 -65 67 -75 52 -67 37 11 54 20 62 12 22 -57 -4 86 76 -89 41 50 74 84 -56 -93 46 94 -74 -72 -25 87 34 54 28 75 36 17 17 0 -57 -53 -79 -53 57 50 -72 -93 -21 14 -89 -79 -70 76 24 17 99 64 -54 -30 -74 72 51 16 -41 24 59 -94 53 71 -17 95 68 -6 71 81 79 85 -50 90 -51 91 84 97 79
20 75 -16 -79 -25 -55 -79 13 60 55 -6 -80 60 64 -13 67 85 13 73 3 -37 -20 -94 -39 -73 36 80 84 -28 -24 -94 60 51 1 65 27 92 -76 75 -70 -11 -70 49 9 -90 -88 -14 -12 6 -56 7 -99 -73 3 -88 42 84 -74 95 9 -90 -89 -30 5 15 -20 99 15 -20 71 46 12 3 -45 -30 -53 49 -57 -48 -36 -11 94 -9 87 -90 29 58 -89 6 99 -74 34 82 -15 13 -88 -70 37 -39 19
-14 -32 49 72 95 -81 77 -17 54 -30 76 -15 -70 -54 -86 -18 20 19 -49 -70 -84 6 46 8 -82 -32 -52 -71 -63 -3 -22 -68 64 0 -92 -54 47 19 6 -57 -79 51 2 -57 -67 4 -73 79 -82 -70 60 73 -66 -74 76 -35 -51 86 -82 -55 -10 -69 -76 61 10 13 -90 72 -93 55 -87 -8 -71 41 31 17 -11 13 -54 75 94 16 51 91 -51 -97 -52 11 27 -92 -44 -69 -78 -21 -2 33 100 96 -68 -13
-78 -70 -81 -90 -88 34 -98 -71 49 42 -17 45 -2 4 -8 31 4 -28 63 97 74 2 -91 -80 -73 97 -94 51 -22 -3 -93 70 -75 100 32 69 -61 -1 -39 -92 95 98 94 24 -91 -96 -96 -97 -76 -39 59 -72 -16 70 -14 6 -10 59 -5 38 5 87 -13 76 -15 68 -86 29 89 65 40 74 -1 -77 17 61 -70 -33 10 72 79 20 64 -14 -11 84 98 74 -49 -58 -93 -21 55 -92 -25 59 -34 31 -60 -7
83 70 26 23 86 -95 86 55 49 -16 100 93 31 39 -26 -87 27 -87 50 96 -24 -99 61 8 -90 -89 20 27 71 -67 87 -14 -42 -52 95 -16 97 -15 -50 -45 -15 -40 97 -73 28 -37 -32 -43 92 7 67 -25 100 65 38 -99 83 -99 49 15 -13 -33 -29 66 22 -91 32 26 83 28 -53 -84 -99 38 -50 19 53 -17 39 -8 -54 44 94 -2 5 -63 88 -58 21 62 -80 -88 50 86 -77 -73 22 -25 -4 61
-80 -5 90 66 -78 -53 32 -84 -55 31 -87 -98 50 -58 -95 100 50 -54 -6 -53 52 31 -25 97 -33 -93 51 5 -100 63 -80 10 -61 91 93 -26 -16 -70 -72 9 -33 -98 97 82 3 -82 85 -22 -58 30 64 22 3 35 28 20 -46 34 -56 59 -81 -71 -15 -84 44 -86 9 -64 91 -77 -71 30 -60 -51 44 -32 37 -1 -82 -62 1 -68 20 92 39 -29 74 -62 29 -24 79 7 10 -28 70 76 -39 -96 -42 -70
16 -36 -54 63 70 13 -15 -69 -23 7 67 -55 -54 -46 78 -13 -55 -74 83 16 -95 -7 -5 69 32 -46 -47 15 -84 54 -39 64 -24 9 -7 -60 -14 22 95 -68 -28 16 -75 -78 -2 20 -94 97 62 54 -1 -50 -18 -18 -87 7 37 98 73 42 -74 18 21 -50 40 -85 -16 57 29 77 -20 16 6 -66 81 27 -24 47 61 82 -26 -18 79 -25 66 87 100 24 51 59 -25 -11 95 99 -58 38 94 55 78 64
42 -90 -82 43 67 -91 -94 -70 2 -18 -92 -38 53 30 -33 -53 -33 -85 -29 -19 -93 72 44 70 5 -98 -40 91 -95 -41 88 -71 88 -47 -16 -6 -97 20 -44 8 47 -40 73 -9 2 23 -62 -94 16 -92 -21 -26 -86 20 43 -50 97 86 78 55 -67 95 68 -64 -55 -10 -57 -33 -86 -42 76 2 24 -65 55 18 -3 -84 90 -28 -44 94 59 50 -9 11 -71 83 -60 8 -75 54 87 -61 46 -73 65 -92 -63 31
-1 16 -86 -29 -11 -74 -90 -92 37 33 -52 50 -57 -38 -99 -14 -47 -39 -61 -25 -28 10 9 -24 83 -90 -30 13 64 -21 -37 -81 -98 30 47 -47 -90 29 87 41 -53 -55 11 -58 55 79 -26 2 -93 60 36 -13 16 85 -85 0 -30 21 83 -52 82 -60 63 -72 94 -5 59 86 -91 24 45 -22 14 58 19 83 -97 -44 -94 12 16 36 -20 92 54 94 -77 -55 -91 -73 0 -57 -60 -93 58 72 28 -49 76 25
100 -30 -57 82 43 23 46 91 -74 51 -18 -44 94 -37 -58 -55 99 -75 -44 80 -60 55 -88 -93 -91 -53 75 96 -89 48 -81 71 98 24 -54 -55 45 -75 -60 -22 63 47 12 -75 -10 -47 47 50 -10 24 -35 99 28 73 -83 -49 -7 92 16 -63 75 -5 40 87 -87 -25 28 -35 -99 -52 -51 26 28 92 -45 95 -67 79 -84 7 46 56 -37 18 -70 -97 -30 -30 76 35 -54 22 68 35 46 52 -9 -42 54 18
-4 82 1 -32 65 -76 10 -51 75 -63 -48 44 -13 -38 -22 -60 47 94 53 -79 8 59 -27 83 -61 -9 32 -27 -10 53 -36 -68 87 32 -46 -47 -78 33 -92 -66 -89 9 68 -25 22 74 -40 92 -24 -52 -54 61 -7 43 -21 8 29 -2 -60 -80 -54 -17 -84 -3 -79 -15 -87 -86 12 48 -28 -22 -56 -45 -77 -98 17 36 -46 -37 10 -7 71 -20 -80 -5 99 70 24 -63 -45 75 -48 26 67 12 -22 -94 55 86
-65 -59 99 59 6 -59 76 4 -46 -16 -91 -76 -96 -48 30 -87 -77 93 -51 -6 3 -65 -73 -49 -90 -96 23 -22 74 60 -24 0 -60 -30 -97 -9 4 61 47 -83 -72 87 16 -5 -34 -31 -79 -100 -31 -58 -68 15 -48 9 -17 0 -57 -65 -78 91 -32 61 93 -56 40 23 -17 -82 -25 -43 -66 -79 -17 90 82 62 55 22 -45 -46 -41 55 -48 -94 -21 84 -32 97 25 -86 -62 24 79 5 -96 -49 89 52 -64 19
7 27 -36 -69 -42 -22 72 -29 -80 65 61 -25 -91 -68 -54 84 35 21 51 -28 -4 42 -83 69 -80 85 41 -85 -74 -46 42 65 60 93 31 -54 85 -46 -3 -55 -16 65 -44 33 -87 23 -48 18 -41 -33 78 -52 -73 16 86 -7 -61 22 -17 -80 92 -87 14 -69 -14 13 -6 -8 82 -2 -60 -88 -9 -49 -4 -69 -34 46 -59 23 20 74 -85 37 5 56 24 13 2 -45 42 96 -58 77 -11 -24 -44 12 -25 46
0 71 -37 16 -38 -57 -73 83 5 47 66 -97 -61 25 56 -60 -98 -36 -41 -5 -85 98 -18 65 -45 -28 49 -21 64 -29 3 -77 4 65 56 28 53 85 38 17 15 61 -56 46 -88 -52 -19 -61 64 -24 -67 50 13 -22 -26 -87 23 8 -43 -16 6 -39 -40 -34 21 25 11 -61 92 48 -71 -3 -78 77 -16 -92 -72 41 78 49 -1 -57 -37 77 87 26 -60 -32 67 -29 -63 -89 24 -9 87 -16 33 -23 -79 2
-67 -42 6 -8 80 -15 74 84 47 -49 41 67 20 93 43 -75 6 -32 -79 41 10 -78 -2 36 -81 81 12 97 4 45 -48 1 -69 -54 99 25 -57 -58 49 -44 -38 5 38 72 -68 -75 85 -86 -76 20 98 37 -47 -22 24 53 -84 21 86 -72 -76 26 -76 -81 62 97 -52 39 24 -82 87 -9 -11 37 -79 -22 78 -55 73 -87 -9 -56 33 -19 74 36 -13 -19 -69 60 -22 -57 27 -23 69 -21 -92 -84 60 -73
85 61 23 80 41 91 -53 -27 17 -100 88 -12 48 41 52 52 55 -33 -88 54 -15 83 -25 56 -28 3 -99 14 20 59 -70 -54 22 -20 -18 -37 -32 43 39 19 -40 28 -99 -69 -7 -8 -74 -69 -53 -86 -64 55 -8 -26 30 50 -39 16 94 46 0 73 -93 24 -43 -36 -74 -75 82 39 -85 61 -12 96 -39 11 -51 79 92 -40 55 -12 -57 45 -19 82 14 -81 -22 -34 20 -20 5 -78 76 -57 56 50 42 27
-10 100 -45 76 77 49 7 59 85 17 -63 13 -8 -48 -11 59 -77 12 0 -56 38 34 14 -19 -94 69 43 -30 53 37 45 41 93 -78 -21 -85 -64 -51 55 -71 -60 -94 -29 -55 -29 -88 41 91 -35 63 18 24 96 -96 11 -84 -29 -54 59 -3 51 77 -33 -54 -19 -36 98 95 15 30 94 79 38 67 -18 -14 -6 42 37 52 24 9 -14 -96 -81 -64 16 -100 -3 -34 -90 6 44 10 -72 -97 20 -42 -79 -70
-48 11 44 54 25 -68 9 -56 87 82 30 -34 1 42 -46 -67 59 1 57 46 -49 3 -44 -6 -7 -30 59 53 -48 26 30 2 22 46 40 -40 76 -68 99 -79 32 -52 -28 2 -56 -37 -85 59 58 36 -67 29 34 65 -63 -29 27 60 40 -23 -69 17 -90 52 84 34 63 -15 0 86 -90 -49 18 61 -55 -63 -58 5 32 2 -20 62 18 76 55 -46 -16 -37 29 28 -6 -21 -68 24 15 -78 -92 -29 -16 70
-8 -54 68 39 50 -36 81 -29 -46 3 -13 -24 -9 29 8 55 57 31 52 75 86 -32 60 100 -22 -62 82 64 61 2 -99 -41 -46 99 -68 95 -28 -56 13 -83 1 -53 -82 -36 31 40 -1 57 40 15 -14 -44 39 42 -69 -35 90 40 -89 46 -59 54 -77 -90 -70 -46 70 65 -87 -40 36 -80 -44 -27 -91 -10 -80 -36 59 -25 36 74 82 86 11 -14 35 -16 -91 -8 98 11 75 -85 76 34 -14 -42 -46 -82
-40 35 -4 3 87 20 23 -59 67 -30 -23 21 -42 44 -94 55 -85 -63 60 -23 -58 14 -56 -46 -7 -24 98 19 -55 -56 -16 -65 -1 -25 41 28 -5 -53 -23 -66 62 12 23 0 -86 -26 -15 -94 -89 -80 99 -74 40 -35 -17 -94 -65 58 14 83 26 -42 54 10 29 -81 68 70 -57 -72 -45 1 93 14 69 -40 -99 -13 38 -82 -92 73 -1 68 -15 -88 -74 -65 -7 -100 43 -18 -95 5 -6 -97 -36 59 -4 0
94 63 -5 -19 -59 54 50 -70 -38 -46 8 95 -100 60 -9 -67 -82 41 5 87 -99 -73 -23 -37 -41 -42 -24 33 83 7 47 87 3 -48 71 -64 -76 25 -1 -22 -70 -10 -67 -79 16 69 18 19 5 44 -89 -78 57 -79 76 67 22 4 75 -14 -35 -18 -34 -69 -26 -66 -80 23 -41 -12 -60 -51 -78 95 25 -84 -90 -50 92 -94 24 36 39 27 -80 -36 33 17 -11 -78 69 51 -98 -16 -33 -44 65 -84 -2 -28
38 27 45 8 34 25 13 37 89 -28 -40 -65 -29 39 22 44 -10 -79 4 53 -19 97 84 -24 -92 -11 -49 -91 -94 -92 -36 -56 18 91 -11 13 88 -13 -66 89 66 68 83 -6 -56 -4 53 33 36 41 -91 -53 -64 13 14 30 -37 12 33 32 97 87 -47 57 48 20 -75 86 16 -72 -38 -59 -27 -83 97 47 -75 77 -31 17 28 67 -79 16 1 -58 36 -26 -94 9 81 -54 -4 -36 88 -69 -25 -67 74 -93
-67 -37 66 30 -42 -63 72 -97 50 -80 -81 -57 -52 29 7 27 86 52 -85 -5 -76 -23 -80 100 44 11 -92 65 -42 -81 34 -38 7 -30 -22 -83 -90 8 66 89 -53 -81 -12 62 40 42 85 70 92 20 39 21 -99 96 -60 -8 69 -74 79 10 -22 19 94 77 -39 48 46 48 -78 34 68 10 41 -31 -50 2 42 42 18 30 66 -89 -25 -11 80 38 -50 44 78 68 80 71 47 56 71 93 94 70 1 96
19 52 -14 17 -66 84 84 46 -13 -18 40 1 76 4 35 4 -62 39 -94 -87 -12 -15 -81 -16 27 98 -53 -49 -62 -14 54 -87 62 58 -4 17 41 -30 25 88 56 -98 76 92 93 6 76 -84 43 -75 50 96 -80 69 -81 -53 68 67 -6 65 -11 6 34 -35 95 51 66 -57 -84 -7 -10 -49 -61 77 2 31 65 -61 -23 -55 -86 -30 14 -71 -8 -78 96 -25 45 -99 81 28 70 -14 54 -76 -39 58 -32 81
-100 -63 -44 4 -8 84 38 -21 -64 76 -4 -51 -9 8 -34 21 -61 44 -87 -33 89 0 -11 45 36 21 -81 7 19 46 59 -92 -17 -78 35 -61 59 -10 -14 57 -70 13 -57 70 -85 -44 83 -2 31 69 63 -70 58 78 96 -9 73 -1 -98 -17 -77 82 -26 -20 2 -36 -49 60 -63 59 -98 35 28 -68 84 -54 -89 11 -31 90 -14 -76 67 -41 24 -3 61 88 -26 73 -84 93 75 71 4 -57 -86 15 76 -9
95 53 -79 79 -25 100 17 3 40 -39 -22 -20 -64 -29 27 -100 76 50 -91 67 74 -34 -56 95 74 22 -25 86 -18 -62 97 33 -24 -88 -44 -58 42 45 -20 55 -79 23 55 84 73 52 85 -5 -75 64 -31 -72 -53 58 -12 -1 5 -92 59 75 92 -29 -90 97 -5 76 61 88 -69 -59 -80 -48 -35 23 -31 58 57 -94 53 68 -86 -90 -75 -47 8 -70 -14 1 46 39 -44 -96 -2 -70 48 -1 92 54 89 63
-23 -1 -52 -74 -23 14 9 21 45 82 -11 49 80 -31 68 26 41 62 -64 32 96 -82 -97 55 -75 72 -49 78 24 -4 -74 -3 -56 27 -88 44 -34 -43 -42 -24 18 -96 88 -92 58 -21 100 -39 39 -86 -31 -58 20 69 -63 -63 47 76 -16 94 10 -4 38 -35 -35 36 -63 98 3 68 -75 12 -3 -58 -59 -46 -57 18 48 -16 -91 -16 18 58 -84 46 37 22 -58 91 -41 75 20 6 -59 -78 -16 18 28 4
70 13 -58 -59 14 87 -37 80 54 -22 2 -100 99 2 -26 70 85 -85 -48 -57 -57 -98 94 -29 21 -19 -45 -17 -28 -55 -20 -12 6 30 98 53 12 8 -75 -89 -7 -95 -1 29 -77 48 -47 96 18 -34 -75 91 -97 -10 63 95 69 46 -27 -68 -91 5 -79 8 46 -51 -41 37 35 16 92 -88 -99 93 84 -5 39 -14 -48 -45 2 -16 49 54 95 -57 70 58 51 87 43 -71 -41 -28 74 -84 78 38 63 -67
66 69 94 30 -12 -20 65 80 -84 -87 -10 55 22 -91 -78 -44 -43 86 34 -22 18 -9 88 6 67 -42 -92 17 5 47 -1 -58 44 -33 58 -19 -13 31 82 -94 32 20 54 -66 -89 -97 80 93 42 91 32 28 -2 12 26 86 81 -13 19 82 -58 -89 84 -83 -59 21 -39 -49 -34 98 63 -64 -15 -54 95 -24 -38 -35 21 -5 -49 100 -14 39 -42 51 41 -69 -72 84 10 -42 -11 85 60 97 -81 -44 -34 -7
-87 -96 69 -30 -49 51 -50 -56 -55 -70 1 -46 -96 57 16 59 -12 51 54 -17 -100 77 0 52 0 55 -86 -26 -2 -57 -80 52 -75 -25 86 -9 -98 32 6 -52 65 -39 10 -61 -63 -42 97 -55 -7 22 -43 81 -44 16 78 -35 -93 -1 -50 -23 99 77 -34 11 93 -9 -50 -31 94 97 61 91 -18 -86 -47 -15 38 85 -56 -21 67 80 90 -58 -50 -81 -52 88 -53 -97 55 59 -76 89 87 43 16 83 -98 -50
-22 -27 -5 84 -82 22 -64 39 52 90 -94 56 -32 -25 87 30 -27 -98 -70 53 -20 -94 -15 6 -100 -28 2 65 -48 -67 68 10 99 -96 -38 -16 91 100 32 48 15 -37 -16 -14 -54 -88 24 -33 -9 -53 -72 60 98 -25 -48 51 -93 -98 71 53 40 -52 30 97 -23 77 39 63 -18 86 43 89 74 88 22 20 -45 25 -75 -96 -59 -95 -55 39 19 29 -85 -64 -37 -5 -15 -68 -3 -30 -30 -1 -86 -91 40 -77
-51 86 75 45 -66 74 29 33 50 -55 -43 -5 19 -31 77 -60 -83 90 -48 40 56 -27 -85 -78 12 -92 94 -50 60 -56 -32 -95 18 -34 38 77 -97 100 59 -15 52 -99 78 -29 -9 -63 24 -34 34 30 -61 -85 -57 45 96 -55 -67 70 -63 83 94 -44 -20 54 -25 8 54 -83 -67 -43 46 99 96 -75 -58 34 -81 3 22 -16 -78 2 -67 -17 -97 7 -65 16 -8 -37 -60 -80 69 97 86 -78 -63 -40 -3 64
33 -40 83 35 -99 23 40 86 -16 -22 38 16 -52 -61 -45 38 28 -4 -3 -57 -100 -82 58 -22 42 73 -35 -37 -27 -37 -26 -35 77 -85 30 -75 -8 29 -78 -52 -27 75 -89 2 -85 63 36 91 84 -20 -71 -53 88 40 -72 72 -92 69 29 -53 -27 -59 19 -81 50 39 10 -52 57 -25 -46 29 -12 -33 12 -77 16 -20 -8 -29 -85 19 61 9 -94 58 -32 -28 59 97 -91 79 30 73 -57 -28 52 21 44 -38
44 15 -22 -91 -81 9 -1 -11 -89 -47 -62 99 27 -45 93 28 -18 27 28 41 -88 -84 -32 4 58 -94 32 -27 -29 -23 66 -92 -59 57 -60 -55 -6 16 -99 20 -19 17 76 97 89 -95 -72 99 -25 -53 -100 -81 76 -63 -54 80 87 14 65 -64 -96 -87 -100 90 -42 -47 94 16 -48 6 -5 89 90 33 55 -74 -76 22 -98 -87 -100 -23 -20 78 -78 54 -38 11 -31 6 -78 -6 48 43 -53 -46 -82 -76 5 -28
-3 59 -38 20 99 23 90 -24 -65 -80 98 35 -86 31 54 -18 -86 15 29 89 92 14 78 46 -100 7 5 -86 -52 -42 -51 -15 -80 -53 -73 74 23 -20 7 -41 57 -32 48 -44 6 -70 -74 -78 -39 -25 -57 -94 -75 -75 -6 50 53 89 -60 17 -12 99 -30 26 -37 -44 79 94 -81 95 -79 -12 -55 51 -58 -81 56 -79 53 90 -4 -62 -24 81 8 -83 94 -91 -96 -74 89 85 54 -32 -49 -67 36 -64 75 58
-67 -65 81 44 -87 -56 -19 49 6 -35 -87 46 52 19 -72 68 84 -16 -58 -31 -61 -67 14 -82 -78 9 -55 23 -91 16 -97 -13 -98 -14 -7 69 36 -83 -8 11 85 78 62 -42 93 18 -96 -70 -98 -69 39 -10 50 20 -78 -34 -40 52 -95 49 88 -76 -46 -27 -66 -26 58 79 -49 -81 15 4 7 98 31 1 7 -43 45 64 -35 -79 81 34 52 -86 -37 99 54 -5 5 60 -96 -85 2 -71 35 -93 83 54
-76 77 -8 92 -59 -78 84 16 81 14 59 55 -100 -31 -37 -15 -78 83 57 26 -62 64 -32 -42 -98 29 -41 -13 70 3 23 -31 90 -29 -98 53 -91 13 21 51 97 -21 -16 -14 61 69 -69 -40 27 7 38 26 -69 62 -35 -39 53 -56 64 72 -52 -79 -11 -95 39 6 15 8 -43 46 -72 -16 -87 -59 48 77 -25 8 -18 -52 -50 66 98 -37 -34 -87 -19 -85 -81 43 17 -35 -48 9 -24 -53 -96 -89 -68 -38
63 -89 -92 -24 93 -36 -48 98 -97 97 17 93 -63 59 57 53 100 -62 9 23 88 13 3 60 -9 -83 -40 -56 -70 18 -12 -54 -4 -45 37 37 7 85 93 -65 -9 -100 -94 -26 -99 -7 -93 -23 30 -79 64 38 3 -46 30 -60 15 -80 -56 -68 -95 15 52 -68 36 -1 -17 -67 86 74 11 -45 -27 -49 -75 -18 -97 59 -82 15 -41 -75 80 -53 80 85 39 -50 -84 -80 8 -99 -40 -37 -93 -72 1 -4 82 62
32 -26 80 0 -81 -12 1 32 -27 -31 89 -80 -13 -87 57 -95 -18 24 65 -79 -35 -11 43 -19 -75 85 68 40 -74 -84 42 -43 94 -49 -25 -73 -78 -28 90 -13 -55 55 11 -97 60 78 -90 -80 49 6 3 67 -61 0 92 -80 -78 63 23 12 78 0 69 -68 22 -10 26 80 -99 -33 -62 61 -76 80 58 -45 15 -73 -58 71 50 81 80 92 -43 87 2 10 -56 67 73 26 -62 -82 98 -40 -18 89 94 -26
5 23 3 78 2 20 74 37 13 -44 90 34 -77 33 -100 83 30 58 29 13 -12 55 20 97 52 -81 95 -31 81 -100 -43 48 24 -21 66 -68 -76 -39 81 -11 -67 78 39 95 8 53 83 69 71 -55 86 79 -83 35 -78 57 -74 -61 -67 60 65 14 -81 80 69 -86 32 -21 -71 76 -16 1 54 -74 -35 11 26 -83 -54 71 41 11 -2 -38 19 -50 57 -61 92 -57 -79 -38 45 20 55 -84 60 -100 -99 -30
62 27 90 23 -100 -55 51 -5 92 19 11 -35 55 -46 -71 -75 -49 -43 29 -93 -51 -60 56 88 3 -2 -54 -58 -71 92 -15 -83 -85 -56 -49 -37 81 -78 46 -29 -5 -22 -85 21 -27 29 -87 57 -76 57 -95 -3 -88 53 27 -75 -98 71 -42 76 -3 -87 32 -70 -95 4 39 81 82 65 76 93 -63 -35 93 -25 3 -21 -58 -12 9 20 100 44 59 -69 77 52 3 -35 -21 -74 100 69 26 -35 66 -24 -56 -40
43 -94 26 74 -10 13 -26 4 -89 77 61 -18 -98 73 12 2 -50 36 97 -47 -55 92 -42 9 74 92 49 50 58 -36 24 25 -86 92 96 -14 -92 -3 -95 9 -16 -76 95 -92 -81 -36 17 -55 32 0 71 17 -14 -96 -89 3 27 -13 -51 -83 -19 -89 -58 69 -83 -80 65 -57 -89 -83 -2 34 87 -21 -58 43 -50 27 -90 -4 -26 -97 73 22 92 -40 3 -68 47 -67 -43 30 26 54 -84 -84 -88 14 -90 -59
-63 -57 -43 -36 -8 -47 -98 -52 -10 30 9 -10 -45 4 -1 -77 -14 87 88 -6 45 -11 65 -87 84 -100 55 62 -35 -74 -51 -87 -48 28 -75 33 3 -92 -94 16 8 19 83 46 2 -57 -50 42 77 -86 -27 -82 55 16 -10 19 -43 -77 -100 4 71 96 -98 -62 95 80 -47 37 83 -8 -59 15 24 -87 -55 11 -3 -21 -93 68 12 -83 -45 100 45 81 93 42 -92 80 -19 97 -43 52 8 -19 89 42 -69 61
-85 36 -93 77 98 67 -62 -18 80 90 72 68 70 87 24 46 -14 -12 10 -70 -79 -79 35 -100 46 -73 55 -15 15 68 -91 8 91 87 -48 -13 -33 -26 87 -74 -81 -81 47 -13 -76 -22 60 -99 31 -64 -45 98 15 83 4 49 -25 -64 -18 27 -60 90 -73 -69 30 41 51 52 38 -63 -28 -44 42 -27 96 45 31 47 69 77 -60 11 50 34 45 35 -50 7 -98 50 97 85 -22 48 -99 -75 -80 -99 23 -13
-85 21 33 -100 -17 34 -19 77 -68 -1 71 -91 27 -35 -76 -97 48 23 37 -2 -7 -15 -71 37 -69 92 -71 1 72 -65 13 56 -15 -64 10 24 58 -47 79 55 -38 -35 65 86 -74 83 13 90 57 11 -16 67 -85 43 94 54 -15 88 77 -89 -12 -12 88 13 74 76 90 24 -41 -52 34 -53 87 26 -53 45 58 8 -58 -23 -74 55 1 -95 -74 27 -28 8 -88 -72 62 -89 -42 -26 43 -49 -85 100 75 72
52 22 -98 75 -45 56 -65 -4 44 -80 -27 -91 -78 -57 51 -86 76 -20 -33 24 -70 -14 35 32 59 52 80 38 67 -90 90 48 85 -53 9 69 -68 41 42 78 -34 -92 -86 -18 -96 -69 59 -75 67 -72 -18 28 97 -20 -21 -98 -15 -72 -6 79 -93 -96 -87 -86 56 10 -42 -24 44 -35 95 -48 -29 -88 -17 64 16 7 41 -90 60 -44 -25 1 -19 8 -2 -23 73 -99 8 98 -65 29 -2 -48 5 5 59 -84
69 77 58 68 -75 50 97 8 83 24 -21 -48 -55 50 -28 -21 5 75 -13 54 -63 -85 -30 64 80 -42 37 74 41 -78 26 66 65 -56 -33 64 -17 -15 88 65 64 66 97 -35 -22 -4 -21 61 60 -37 -96 -91 70 -99 64 -18 85 -58 -78 50 -61 11 43 55 -76 -58 31 -64 -30 -46 -14 -58 0 76 14 80 11 -92 -97 -65 32 -72 -48 -62 -76 82 -11 -67 -30 36 -58 1 -44 -67 2 60 -80 -73 -90 74
-92 42 69 68 6 12 24 37 -72 100 23 -60 -14 -44 54 70 -50 -57 33 -61 100 15 93 3 72 -100 94 95 -64 -52 -59 -69 46 9 78 -56 67 -27 64 89 45 38 75 48 -64 61 -51 84 21 97 -12 -58 29 34 38 2 29 38 1 58 1 -43 81 -72 49 -9 17 62 8 96 -16 -73 57 -2 94 68 5 -59 21 20 -54 49 -66 52 -86 -61 -21 98 -94 -41 -89 -27 42 -77 -42 -44 -84 -81 -41 -79
-96 10 -18 2 100 61 -28 -12 1 -20 -84 8 75 -50 27 -93 -12 -23 56 -25 -30 -27 -73 77 -17 35 -97 6 63 22 -53 -86 42 51 25 -28 -67 76 72 66 -95 62 93 5 70 49 70 -48 48 68 -80 95 -42 45 -3 32 -66 87 89 -86 -41 0 44 -57 78 2 -67 -96 -16 99 86 3 -31 -7 27 -10 15 -58 90 -70 -60 20 99 69 -33 77 -96 -19 -11 88 -19 -72 -34 -2 -22 83 38 -100 -76 0
