9203
0 1
6 1
6 2
9 2
9 4
10 4
10 5
11 5
11 7
12 7
12 8
13 8
13 9
15 9
15 10
18 10
18 19
19 19
19 23
25 23
25 24
26 24
26 25
27 25
27 28
29 28
29 31
30 31
30 35
34 35
34 36
36 36
36 37
37 37
37 41
39 41
39 42
40 42
40 43
41 43
41 44
43 44
43 45
48 45
48 46
49 46
49 47
50 47
50 52
53 52
53 53
56 53
56 54
57 54
57 57
61 57
61 61
64 61
64 64
66 64
66 70
67 70
67 71
73 71
73 72
74 72
74 76
75 76
75 78
76 78
76 80
80 80
80 82
82 82
82 86
83 86
83 87
85 87
85 93
88 93
88 94
92 94
92 95
96 95
96 98
99 98
