9210
0 1
2 1
2 3
4 3
4 9
9 9
9 10
14 10
14 11
23 11
23 14
24 14
24 18
25 18
25 23
26 23
26 24
28 24
28 25
34 25
34 26
36 26
36 27
37 27
37 28
40 28
40 29
41 29
41 31
42 31
42 32
46 32
46 33
47 33
47 36
48 36
48 37
51 37
51 41
54 41
54 43
57 43
57 44
61 44
61 47
63 47
63 48
64 48
64 49
65 49
65 54
67 54
67 55
68 55
68 57
72 57
72 59
74 59
74 65
75 65
75 67
76 67
76 69
77 69
77 73
78 73
78 75
82 75
82 77
83 77
83 78
84 78
84 81
85 81
85 83
86 83
86 86
90 86
90 87
91 87
91 92
95 92
95 93
98 93
98 96
99 96
