9321
0 2
4 2
4 3
6 3
6 4
9 4
9 5
21 5
21 6
22 6
22 7
24 7
24 9
25 9
25 10
26 10
26 12
28 12
28 14
29 14
29 17
31 17
31 23
33 23
33 24
36 24
36 30
37 30
37 31
39 31
39 36
41 36
41 44
42 44
42 50
43 50
43 57
45 57
45 58
46 58
46 59
47 59
47 60
50 60
50 66
51 66
51 68
55 68
55 69
56 69
56 70
57 70
57 73
59 73
59 75
60 75
60 77
61 77
61 78
62 78
62 80
66 80
66 81
69 81
69 82
71 82
71 84
72 84
72 85
75 85
75 86
77 86
77 87
79 87
79 89
82 89
82 90
83 90
83 92
86 92
86 93
89 93
89 94
95 94
95 97
96 97
96 98
98 98
98 99
